36196706214320.94
   533623958520094.00
   536200421616803.31
   533627745210325.44
   536204328150916.25
   533631728681279.81
   536208537566578.81
   533635926225959.38
   536212764041948.81
   533640339002921.38
   536217313837776.31
   533644984026593.69
   536222103526691.19
   533649876535288.88
   536227147152125.62
   533655030361154.81
   536232459500694.75
   533660460702242.50
   536238056203597.38
   533666183624169.62
   536243953805070.62
   533672219534100.81
   536250169715509.94
   533678576102207.81
   536256722454320.44
   533685282612178.19
   536263631551743.00
   533692355703424.88
   536270917601820.88
   533699816608520.69
   536278602502728.31
   533707687888577.88
   536286709256317.19
   533715992911278.31
   536295262476577.38
   533724757307951.38
   536304287948231.19
   533734007495396.25
   536313813051376.44
   533743771640228.31
   536323866770584.88
   533754079564491.44
   536334480007153.94
   533764962852814.31
   536345684619734.94
   533776501857664.81
   536357526101887.06
   533788589725793.00
   536370011542940.00
   533801407809232.25
   536383206637222.62
   533814947440273.62
   536846783616394.44
   533749275899678.88
   536360053865689.75
   533764388363412.56
   536375608577816.06
   533780356621411.81
   536392044783612.38
   533797230827236.94
   536409411362824.12
   533815064733061.19
   536427766068544.75
   533833913946273.06
   536447166150149.31
   533853839413867.75
