   1.0000000474974513E-003  -12.937051554153435        1.0000000474974513E-003   0.0000000000000000        24.850000000000001     
   3.0000001424923539E-003  -12.937056263629259        3.0000001424923539E-003   0.0000000000000000        24.850000000000001     
   6.0000001685693860E-003  -12.937072158121669        6.0000001685693860E-003   0.0000000000000000        24.850000000000001     
   1.0000000358559191E-002  -12.937109834032876        1.0000000358559191E-002   0.0000000000000000        24.850000000000001     
   1.5000000712461770E-002  -12.937183420107484        1.5000000712461770E-002   0.0000000000000000        24.850000000000001     
   2.1000000764615834E-002  -12.937310577797035        2.1000000764615834E-002   0.0000000000000000        24.850000000000001     
   2.8000000980682671E-002  -12.937512502002798        2.8000000980682671E-002   0.0000000000000000        24.850000000000001     
   3.6000001360662282E-002  -12.937813922275977        3.6000001360662282E-002   0.0000000000000000        24.850000000000001     
   4.5000001904554665E-002  -12.938243104746244        4.5000001904554665E-002   0.0000000000000000        24.850000000000001     
   5.5000002612359822E-002  -12.938831854977453        5.5000002612359822E-002   0.0000000000000000        24.850000000000001     
   6.6000003484077752E-002  -12.939615522019183        6.6000003484077752E-002   0.0000000000000000        24.850000000000001     
   7.8000003588385880E-002  -12.940633003865191        7.8000003588385880E-002   0.0000000000000000        24.850000000000001     
   9.1000003856606781E-002  -12.941926755048456        9.1000003856606781E-002   0.0000000000000000        24.850000000000001     
  0.10500000428874046       -12.943542795991370       0.10500000428874046        0.0000000000000000        24.850000000000001     
  0.12000000488478690       -12.945530725203721       0.12000000488478690        0.0000000000000000        24.850000000000001     
  0.13600000564474612       -12.947943734436764       0.13600000564474612        0.0000000000000000        24.850000000000001     
  0.15300000656861812       -12.950838627321492       0.15300000656861812        0.0000000000000000        24.850000000000001     
  0.17100000765640289       -12.954275841994214       0.17100000765640289        0.0000000000000000        24.850000000000001     
  0.19000000890810043       -12.958319478250127       0.19000000890810043        0.0000000000000000        24.850000000000001     
  0.21000001032371074       -12.963037329801967       0.21000001032371074        0.0000000000000000        24.850000000000001     
  0.23100001190323383       -12.968500922261365       0.23100001190323383        0.0000000000000000        24.850000000000001     
  0.25300001364666969       -12.974785557501031       0.25300001364666969        0.0000000000000000        24.850000000000001     
  0.27600001555401832       -12.981970365097725       0.27600001555401832        0.0000000000000000        24.850000000000001     
  0.30000001576263458       -12.990138360941566       0.30000001576263458        0.0000000000000000        24.850000000000001     
  0.32500001613516361       -12.999376516995238       0.32500001613516361        0.0000000000000000        24.850000000000001     
  0.35100001667160541       -13.009775836879033       0.35100001667160541        0.0000000000000000        24.850000000000001     
  0.37800001737195998       -13.021431444137336       0.37800001737195998        0.0000000000000000        24.850000000000001     
  0.40600001823622733       -13.034442681262407       0.40600001823622733        0.0000000000000000        24.850000000000001     
  0.43500001926440746       -13.048913221048007       0.43500001926440746        0.0000000000000000        24.850000000000001     
  0.46500002045650035       -13.064951191356222       0.46500002045650035        0.0000000000000000        24.850000000000001     
  0.49600002181250602       -13.082669314453529       0.49600002181250602        0.0000000000000000        24.850000000000001     
  0.52800002333242446       -13.102185062152138       0.52800002333242446        0.0000000000000000        24.850000000000001     
  0.56100002315361053       -13.123620826831024       0.56100002315361053        0.0000000000000000        24.850000000000001     
  0.59500002500135452       -13.147104117160007       0.59500002500135452        0.0000000000000000        24.850000000000001     
  0.63000002515036613       -13.172767760316475       0.63000002515036613        0.0000000000000000        24.850000000000001     
  0.66600002732593566       -13.200750144864962       0.66600002732593566        0.0000000000000000        24.850000000000001     
  0.70300002780277282       -13.231195465857898       0.70300002780277282        0.0000000000000000        24.850000000000001     
  0.74100003030616790       -13.264254017828929       0.74100003030616790        0.0000000000000000        24.850000000000001     
  0.78000003111083061       -13.300082491334749       0.78000003111083061        0.0000000000000000        24.850000000000001     
  0.82000003394205123       -13.338844324384677       0.82000003394205123        0.0000000000000000        24.850000000000001     
  0.86100003507453948       -13.380710059243720       0.86100003507453948        0.0000000000000000        24.850000000000001     
  0.90300003823358566       -13.425857762062941       0.90300003823358566        0.0000000000000000        24.850000000000001     
  0.94600003969389945       -13.474473450350413       0.94600003969389945        0.0000000000000000        24.850000000000001     
  0.99000004318077117       -13.526751592336971       0.99000004318077117        0.0000000000000000        24.850000000000001     
   1.0350000449689105       -13.582895617474732        1.0350000449689105        0.0000000000000000        24.850000000000001     
   1.0810000487836078       -13.643118509257091        1.0810000487836078        0.0000000000000000        24.850000000000001     
   1.1280000508995727       -13.707643413515795        1.1280000508995727        0.0000000000000000        24.850000000000001     
   1.1760000513168052       -13.776704335629161        1.1760000513168052        0.0000000000000000        24.850000000000001     
   1.2250000537605956       -13.850546886057948        1.2250000537605956        0.0000000000000000        24.850000000000001     
   1.2750000545056537       -13.929429074525505        1.2750000545056537        0.0000000000000000        24.850000000000001     
   1.3260000572772697       -14.013622215851633        1.3260000572772697        0.0000000000000000        24.850000000000001     
   1.3780000583501533       -14.103411868806122        1.3780000583501533        0.0000000000000000        24.850000000000001     
   1.4310000614495948       -14.199098909362165        1.4310000614495948        0.0000000000000000        24.850000000000001     
   1.4850000628503039       -14.301000647813854        1.4850000628503039        0.0000000000000000        24.850000000000001     
   1.5400000662775710       -14.409452101655065        1.5400000662775710        0.0000000000000000        24.850000000000001     
   1.5960000680061057       -14.524807326270725        1.5960000680061057        0.0000000000000000        24.850000000000001     
   1.6530000717611983       -14.647440926943162        1.6530000717611983        0.0000000000000000        24.850000000000001     
   1.7110000738175586       -14.777749646573074        1.7110000738175586        0.0000000000000000        24.850000000000001     
   1.7700000779004768       -14.916154165503327        1.7700000779004768        0.0000000000000000        24.850000000000001     
   1.8300000802846625       -15.063101000007343        1.8300000802846625        0.0000000000000000        24.850000000000001     
   1.8910000846954063       -15.219064650237401        1.8910000846954063        0.0000000000000000        24.850000000000001     
   1.9530000874074176       -15.384549876252658        1.9530000874074176        0.0000000000000000        24.850000000000001     
   2.0160000884206966       -15.560094258546247        2.0160000884206966        0.0000000000000000        24.850000000000001     
   2.0800000914605334       -15.746270976932182        2.0800000914605334        0.0000000000000000        24.850000000000001     
   2.1450000965269282       -15.943691836496155        2.1450000965269282        0.0000000000000000        24.850000000000001     
   2.2110000961693004       -16.153010599026832        2.2110000961693004        0.0000000000000000        24.850000000000001     
   2.2780000978382304       -16.374926731288816        2.2780000978382304        0.0000000000000000        24.850000000000001     
   2.3460001015337184       -16.610189383904913        2.3460001015337184        0.0000000000000000        24.850000000000001     
   2.4150001072557643       -16.859601871608060        2.4150001072557643        0.0000000000000000        24.850000000000001     
   2.4850001075537875       -17.124026560583374        2.4850001075537875        0.0000000000000000        24.850000000000001     
   2.5560001098783687       -17.404390379446461        2.5560001098783687        0.0000000000000000        24.850000000000001     
   2.6280001142295077       -17.701690736560138        2.6280001142295077        0.0000000000000000        24.850000000000001     
   2.7010001206072047       -18.017002184410835        2.7010001206072047        0.0000000000000000        24.850000000000001     
   2.7750001215608791       -18.351483739901678        2.7750001215608791        0.0000000000000000        24.850000000000001     
   2.8500001245411113       -18.706387143694950        2.8500001245411113        0.0000000000000000        24.850000000000001     
   2.9260001295479015       -19.083065826696053        2.9260001295479015        0.0000000000000000        24.850000000000001     
   3.0030001365812495       -19.482985023337260        3.0030001365812495        0.0000000000000000        24.850000000000001     
   3.0810001381905749       -19.907732959980240        3.0810001381905749        0.0000000000000000        24.850000000000001     
   3.1600001418264583       -20.359033502041378        3.1600001418264583        0.0000000000000000        24.850000000000001     
   3.2400001474888995       -20.838760030479111        3.2400001474888995        0.0000000000000000        24.850000000000001     
   3.3210001477273181       -21.348951086581874        3.3210001477273181        0.0000000000000000        24.850000000000001     
   3.4030001499922946       -21.891828052343214        3.4030001499922946        0.0000000000000000        24.850000000000001     
   3.4860001542838290       -22.469814700498294        3.4860001542838290        0.0000000000000000        24.850000000000001     
   3.5700001606019214       -23.085559364413626        3.5700001606019214        0.0000000000000000        24.850000000000001     
   3.6550001614959911       -23.741959790262648        3.6550001614959911        0.0000000000000000        24.850000000000001     
   3.7410001644166186       -24.442191401508342        3.7410001644166186        0.0000000000000000        24.850000000000001     
   3.8280001693638042       -25.189738871204963        3.8280001693638042        0.0000000000000000        24.850000000000001     
   3.9160001763375476       -25.988432091284103        3.9160001763375476        0.0000000000000000        24.850000000000001     
   4.0050001778872684       -26.842486816918850        4.0050001778872684        0.0000000000000000        24.850000000000001     
   4.0950001814635471       -27.756551124473678        4.0950001814635471        0.0000000000000000        24.850000000000001     
   4.1860001870663837       -28.735757829790547        4.1860001870663837        0.0000000000000000        24.850000000000001     
   4.2780001946957782       -29.785784545932600        4.2780001946957782        0.0000000000000000        24.850000000000001     
   4.3710001969011500       -30.912922115646072        4.3710001969011500        0.0000000000000000        24.850000000000001     
   4.4650002011330798       -32.124153305279599        4.4650002011330798        0.0000000000000000        24.850000000000001     
   4.5600002073915675       -33.427242484762431        4.5600002073915675        0.0000000000000000        24.850000000000001     
   4.6560002082260326       -34.830838942186119        4.6560002082260326        0.0000000000000000        24.850000000000001     
   4.7530002110870555       -36.344596198512477        4.7530002110870555        0.0000000000000000        24.850000000000001     
   4.8510002159746364       -37.979308989092956        4.8510002159746364        0.0000000000000000        24.850000000000001     
   4.9500002228887752       -39.747072089694129        4.9500002228887752        0.0000000000000000        24.850000000000001     
   5.0500002243788913       -41.661464054598007        5.0500002243788913        0.0000000000000000        24.850000000000001     
   5.1510002278955653       -43.737761100945804        5.1510002278955653        0.0000000000000000        24.850000000000001     
   5.2530002334387973       -45.993184995627345        5.2530002334387973        0.0000000000000000        24.850000000000001     
   5.3560002410085872       -48.447192534732721        5.3560002410085872        0.0000000000000000        24.850000000000001     
   5.4600002431543544       -51.121813162576451        5.4600002431543544        0.0000000000000000        24.850000000000001     
   5.5650002473266795       -54.042044605735605        5.5650002473266795        0.0000000000000000        24.850000000000001     
   5.6710002535255626       -57.236315052208354        5.6710002535255626        0.0000000000000000        24.850000000000001     
   5.7780002617510036       -60.737025941412192        5.7780002617510036        0.0000000000000000        24.850000000000001     
   5.8860002645524219       -64.581188574184893        5.8860002645524219        0.0000000000000000        24.850000000000001     
   5.9950002693803981       -68.811172732562653        5.9950002693803981        0.0000000000000000        24.850000000000001     
   6.1050002762349322       -73.475583856352472        6.1050002762349322        0.0000000000000000        24.850000000000001     
   6.2160002851160243       -78.630292722310742        6.2160002851160243        0.0000000000000000        24.850000000000001     
   6.3280002885730937       -84.339639305894593        6.3280002885730937        0.0000000000000000        24.850000000000001     
   6.4410002940567210       -90.677836818080394        6.4410002940567210        0.0000000000000000        24.850000000000001     
   6.5550003015669063       -97.730594062668857        6.5550003015669063        0.0000000000000000        24.850000000000001     
   6.6700003036530688       -105.59697397185094        6.6700003036530688        0.0000000000000000        24.850000000000001     
   6.7860003077657893       -114.39148808290392        6.7860003077657893        0.0000000000000000        24.850000000000001     
   6.9030003139050677       -124.24638936044465        6.9030003139050677        0.0000000000000000        24.850000000000001     
   7.0210003220709041       -135.31407509152018        7.0210003220709041        0.0000000000000000        24.850000000000001     
   7.1400003248127177       -147.76939473831104        7.1400003248127177        0.0000000000000000        24.850000000000001     
   7.2600003295810893       -161.81147039858382        7.2600003295810893        0.0000000000000000        24.850000000000001     
   7.3810003363760188       -177.66428077577913        7.3810003363760188        0.0000000000000000        24.850000000000001     
   7.5030003451975062       -195.57466424824798        7.5030003451975062        0.0000000000000000        24.850000000000001     
   7.6260003485949710       -215.80530251757833        7.6260003485949710        0.0000000000000000        24.850000000000001     
   7.7500003540189937       -238.61832465835232        7.7500003540189937        0.0000000000000000        24.850000000000001     
   7.8750003540189937       -264.24166286770497        7.8750003540189937        0.0000000000000000        24.850000000000001     
   8.0010003560455516       -292.80394824890220        8.0010003560455516        0.0000000000000000        24.850000000000001     
   8.1280003600986674       -324.21186404847236        8.1280003600986674        0.0000000000000000        24.850000000000001     
   8.2560003661783412       -357.92155742466286        8.2560003661783412        0.0000000000000000        24.850000000000001     
   8.3850003742845729       -392.51260789645181        8.3850003742845729        0.0000000000000000        24.850000000000001     
   8.5150003844173625       -424.88814483920828        8.5150003844173625        0.0000000000000000        24.850000000000001     
   8.6460003965767100       -448.75316021737848        8.6460003965767100        0.0000000000000000        24.850000000000001     
   8.7780003958614543       -451.66703928305873        8.7780003958614543        0.0000000000000000        24.850000000000001     
   8.9110003971727565       -409.20549247063951        8.9110003971727565        0.0000000000000000        24.850000000000001     
   9.0450004005106166       -273.08881875337505        9.0450004005106166        0.0000000000000000        24.850000000000001     
   9.1800004058750346        53.696518498699440        9.1800004058750346        0.0000000000000000        24.850000000000001     
   9.3160004132660106        770.82224899510186        9.3160004132660106        0.0000000000000000        24.850000000000001     
   9.4530004226835445        2301.9455373306387        9.4530004226835445        0.0000000000000000        24.850000000000001     
