   1.0000000474974513E-003  -4.0523774626707452        1.0000000474974513E-003   0.0000000000000000        24.850000000000001     
   3.0000001424923539E-003  -4.0523783015274004        3.0000001424923539E-003   0.0000000000000000        24.850000000000001     
   6.0000001685693860E-003  -4.0523811326697556        6.0000001685693860E-003   0.0000000000000000        24.850000000000001     
   1.0000000358559191E-002  -4.0523878435335625        1.0000000358559191E-002   0.0000000000000000        24.850000000000001     
   1.5000000712461770E-002  -4.0524009507208358        1.5000000712461770E-002   0.0000000000000000        24.850000000000001     
   2.1000000764615834E-002  -4.0524236000353957        2.1000000764615834E-002   0.0000000000000000        24.850000000000001     
   2.8000000980682671E-002  -4.0524595665596861        2.8000000980682671E-002   0.0000000000000000        24.850000000000001     
   3.6000001360662282E-002  -4.0525132547734932        3.6000001360662282E-002   0.0000000000000000        24.850000000000001     
   4.5000001904554665E-002  -4.0525896987480259        4.5000001904554665E-002   0.0000000000000000        24.850000000000001     
   5.5000002612359822E-002  -4.0526945624323982        5.5000002612359822E-002   0.0000000000000000        24.850000000000001     
   6.6000003484077752E-002  -4.0528341400603551        6.6000003484077752E-002   0.0000000000000000        24.850000000000001     
   7.8000003588385880E-002  -4.0530153566912652        7.8000003588385880E-002   0.0000000000000000        24.850000000000001     
   9.1000003856606781E-002  -4.0532457689898846        9.1000003856606781E-002   0.0000000000000000        24.850000000000001     
  0.10500000428874046       -4.0535335661486895       0.10500000428874046        0.0000000000000000        24.850000000000001     
  0.12000000488478690       -4.0538875711158608       0.12000000488478690        0.0000000000000000        24.850000000000001     
  0.13600000564474612       -4.0543172421149087       0.13600000564474612        0.0000000000000000        24.850000000000001     
  0.15300000656861812       -4.0548326745129879       0.15300000656861812        0.0000000000000000        24.850000000000001     
  0.17100000765640289       -4.0554446030880387       0.17100000765640289        0.0000000000000000        24.850000000000001     
  0.19000000890810043       -4.0561644047485723       0.19000000890810043        0.0000000000000000        24.850000000000001     
  0.21000001032371074       -4.0570041017627769       0.21000001032371074        0.0000000000000000        24.850000000000001     
  0.23100001190323383       -4.0579763655582193       0.23100001190323383        0.0000000000000000        24.850000000000001     
  0.25300001364666969       -4.0590945211566378       0.25300001364666969        0.0000000000000000        24.850000000000001     
  0.27600001555401832       -4.0603725523120655       0.27600001555401832        0.0000000000000000        24.850000000000001     
  0.30000001576263458       -4.0618251073073370       0.30000001576263458        0.0000000000000000        24.850000000000001     
  0.32500001613516361       -4.0634675060531178       0.32500001613516361        0.0000000000000000        24.850000000000001     
  0.35100001667160541       -4.0653157474731287       0.35100001667160541        0.0000000000000000        24.850000000000001     
  0.37800001737195998       -4.0673865183209585       0.37800001737195998        0.0000000000000000        24.850000000000001     
  0.40600001823622733       -4.0696972030062772       0.40600001823622733        0.0000000000000000        24.850000000000001     
  0.43500001926440746       -4.0722658946240955       0.43500001926440746        0.0000000000000000        24.850000000000001     
  0.46500002045650035       -4.0751114072874772       0.46500002045650035        0.0000000000000000        24.850000000000001     
  0.49600002181250602       -4.0782532898688295       0.49600002181250602        0.0000000000000000        24.850000000000001     
  0.52800002333242446       -4.0817118412616518       0.52800002333242446        0.0000000000000000        24.850000000000001     
  0.56100002315361053       -4.0855081270593683       0.56100002315361053        0.0000000000000000        24.850000000000001     
  0.59500002500135452       -4.0896639990870955       0.59500002500135452        0.0000000000000000        24.850000000000001     
  0.63000002515036613       -4.0942021144242799       0.63000002515036613        0.0000000000000000        24.850000000000001     
  0.66600002732593566       -4.0991459598171778       0.66600002732593566        0.0000000000000000        24.850000000000001     
  0.70300002780277282       -4.1045198745149980       0.70300002780277282        0.0000000000000000        24.850000000000001     
  0.74100003030616790       -4.1103490794258528       0.74100003030616790        0.0000000000000000        24.850000000000001     
  0.78000003111083061       -4.1166597045623439       0.78000003111083061        0.0000000000000000        24.850000000000001     
  0.82000003394205123       -4.1234788236219426       0.82000003394205123        0.0000000000000000        24.850000000000001     
  0.86100003507453948       -4.1308344867361182       0.86100003507453948        0.0000000000000000        24.850000000000001     
  0.90300003823358566       -4.1387557612451760       0.90300003823358566        0.0000000000000000        24.850000000000001     
  0.94600003969389945       -4.1472727705405603       0.94600003969389945        0.0000000000000000        24.850000000000001     
  0.99000004318077117       -4.1564167419093527       0.99000004318077117        0.0000000000000000        24.850000000000001     
   1.0350000449689105       -4.1662200523726716        1.0350000449689105        0.0000000000000000        24.850000000000001     
   1.0810000487836078       -4.1767162846000652        1.0810000487836078        0.0000000000000000        24.850000000000001     
   1.1280000508995727       -4.1879402807821027        1.1280000508995727        0.0000000000000000        24.850000000000001     
   1.1760000513168052       -4.1999282068123698        1.1760000513168052        0.0000000000000000        24.850000000000001     
   1.2250000537605956       -4.2127176191554074        1.2250000537605956        0.0000000000000000        24.850000000000001     
   1.2750000545056537       -4.2263475339081014        1.2750000545056537        0.0000000000000000        24.850000000000001     
   1.3260000572772697       -4.2408585083152044        1.3260000572772697        0.0000000000000000        24.850000000000001     
   1.3780000583501533       -4.2562927204060905        1.3780000583501533        0.0000000000000000        24.850000000000001     
   1.4310000614495948       -4.2726940634607802        1.4310000614495948        0.0000000000000000        24.850000000000001     
   1.4850000628503039       -4.2901082388095491        1.4850000628503039        0.0000000000000000        24.850000000000001     
   1.5400000662775710       -4.3085828651946647        1.5400000662775710        0.0000000000000000        24.850000000000001     
   1.5960000680061057       -4.3281675867960407        1.5960000680061057        0.0000000000000000        24.850000000000001     
   1.6530000717611983       -4.3489141997736853        1.6530000717611983        0.0000000000000000        24.850000000000001     
   1.7110000738175586       -4.3708767779525459        1.7110000738175586        0.0000000000000000        24.850000000000001     
   1.7700000779004768       -4.3941118192409938        1.7700000779004768        0.0000000000000000        24.850000000000001     
   1.8300000802846625       -4.4186783918565213        1.8300000802846625        0.0000000000000000        24.850000000000001     
   1.8910000846954063       -4.4446383038126536        1.8910000846954063        0.0000000000000000        24.850000000000001     
   1.9530000874074176       -4.4720562731109315        1.9530000874074176        0.0000000000000000        24.850000000000001     
   2.0160000884206966       -4.5010001223490628        2.0160000884206966        0.0000000000000000        24.850000000000001     
   2.0800000914605334       -4.5315409838749838        2.0800000914605334        0.0000000000000000        24.850000000000001     
   2.1450000965269282       -4.5637535172726533        2.1450000965269282        0.0000000000000000        24.850000000000001     
   2.2110000961693004       -4.5977161453799802        2.2110000961693004        0.0000000000000000        24.850000000000001     
   2.2780000978382304       -4.6335113229014206        2.2780000978382304        0.0000000000000000        24.850000000000001     
   2.3460001015337184       -4.6712258029658571        2.3460001015337184        0.0000000000000000        24.850000000000001     
   2.4150001072557643       -4.7109509407292967        2.4150001072557643        0.0000000000000000        24.850000000000001     
   2.4850001075537875       -4.7527830130589397        2.4850001075537875        0.0000000000000000        24.850000000000001     
   2.5560001098783687       -4.7968235824103349        2.5560001098783687        0.0000000000000000        24.850000000000001     
   2.6280001142295077       -4.8431798632695022        2.6280001142295077        0.0000000000000000        24.850000000000001     
   2.7010001206072047       -4.8919651371253501        2.7010001206072047        0.0000000000000000        24.850000000000001     
   2.7750001215608791       -4.9432991922361662        2.7750001215608791        0.0000000000000000        24.850000000000001     
   2.8500001245411113       -4.9973088215155004        2.8500001245411113        0.0000000000000000        24.850000000000001     
   2.9260001295479015       -5.0541283309913849        2.9260001295479015        0.0000000000000000        24.850000000000001     
   3.0030001365812495       -5.1139001130615220        3.0030001365812495        0.0000000000000000        24.850000000000001     
   3.0810001381905749       -5.1767752579590676        3.0810001381905749        0.0000000000000000        24.850000000000001     
   3.1600001418264583       -5.2429142432423745        3.1600001418264583        0.0000000000000000        24.850000000000001     
   3.2400001474888995       -5.3124876473013121        3.2400001474888995        0.0000000000000000        24.850000000000001     
   3.3210001477273181       -5.3856769443925634        3.3210001477273181        0.0000000000000000        24.850000000000001     
   3.4030001499922946       -5.4626753927726721        3.4030001499922946        0.0000000000000000        24.850000000000001     
   3.4860001542838290       -5.5436889624522214        3.4860001542838290        0.0000000000000000        24.850000000000001     
   3.5700001606019214       -5.6289373762542523        3.5700001606019214        0.0000000000000000        24.850000000000001     
   3.6550001614959911       -5.7186552330496108        3.6550001614959911        0.0000000000000000        24.850000000000001     
   3.7410001644166186       -5.8130932692047672        3.7410001644166186        0.0000000000000000        24.850000000000001     
   3.8280001693638042       -5.9125196920457235        3.8280001693638042        0.0000000000000000        24.850000000000001     
   3.9160001763375476       -6.0172216746099476        3.9160001763375476        0.0000000000000000        24.850000000000001     
   4.0050001778872684       -6.1275069790314385        4.0050001778872684        0.0000000000000000        24.850000000000001     
   4.0950001814635471       -6.2437057784720711        4.0950001814635471        0.0000000000000000        24.850000000000001     
   4.1860001870663837       -6.3661726046977396        4.1860001870663837        0.0000000000000000        24.850000000000001     
   4.2780001946957782       -6.4952885314581987        4.2780001946957782        0.0000000000000000        24.850000000000001     
   4.3710001969011500       -6.6314635615584745        4.3710001969011500        0.0000000000000000        24.850000000000001     
   4.4650002011330798       -6.7751393071953991        4.4650002011330798        0.0000000000000000        24.850000000000001     
   4.5600002073915675       -6.9267918855620287        4.5600002073915675        0.0000000000000000        24.850000000000001     
   4.6560002082260326       -7.0869351563285772        4.6560002082260326        0.0000000000000000        24.850000000000001     
   4.7530002110870555       -7.2561243493972452        4.7530002110870555        0.0000000000000000        24.850000000000001     
   4.8510002159746364       -7.4349600139235683        4.8510002159746364        0.0000000000000000        24.850000000000001     
   4.9500002228887752       -7.6240924582220666        4.9500002228887752        0.0000000000000000        24.850000000000001     
   5.0500002243788913       -7.8242266622897914        5.0500002243788913        0.0000000000000000        24.850000000000001     
   5.1510002278955653       -8.0361278135617962        5.1510002278955653        0.0000000000000000        24.850000000000001     
   5.2530002334387973       -8.2606273924617888        5.2530002334387973        0.0000000000000000        24.850000000000001     
   5.3560002410085872       -8.4986300360122335        5.3560002410085872        0.0000000000000000        24.850000000000001     
   5.4600002431543544       -8.7511211867831697        5.4600002431543544        0.0000000000000000        24.850000000000001     
   5.5650002473266795       -9.0191757430017017        5.5650002473266795        0.0000000000000000        24.850000000000001     
   5.6710002535255626       -9.3039676599662364        5.6710002535255626        0.0000000000000000        24.850000000000001     
   5.7780002617510036       -9.6067808251118727        5.7780002617510036        0.0000000000000000        24.850000000000001     
   5.8860002645524219       -9.9290212694335995        5.8860002645524219        0.0000000000000000        24.850000000000001     
   5.9950002693803981       -10.272231042039879        5.9950002693803981        0.0000000000000000        24.850000000000001     
   6.1050002762349322       -10.638103759901497        6.1050002762349322        0.0000000000000000        24.850000000000001     
   6.2160002851160243       -11.028502314931126        6.2160002851160243        0.0000000000000000        24.850000000000001     
   6.3280002885730937       -11.445478918120379        6.3280002885730937        0.0000000000000000        24.850000000000001     
   6.4410002940567210       -11.891298006570747        6.4410002940567210        0.0000000000000000        24.850000000000001     
   6.5550003015669063       -12.368462170278731        6.5550003015669063        0.0000000000000000        24.850000000000001     
   6.6700003036530688       -12.879741834409677        6.6700003036530688        0.0000000000000000        24.850000000000001     
   6.7860003077657893       -13.428209326589030        6.7860003077657893        0.0000000000000000        24.850000000000001     
   6.9030003139050677       -14.017277730448576        6.9030003139050677        0.0000000000000000        24.850000000000001     
   7.0210003220709041       -14.650745670809421        7.0210003220709041        0.0000000000000000        24.850000000000001     
   7.1400003248127177       -15.332848814458403        7.1400003248127177        0.0000000000000000        24.850000000000001     
   7.2600003295810893       -16.068319500181513        7.2600003295810893        0.0000000000000000        24.850000000000001     
   7.3810003363760188       -16.862455474248907        7.3810003363760188        0.0000000000000000        24.850000000000001     
   7.5030003451975062       -17.721199804415626        7.5030003451975062        0.0000000000000000        24.850000000000001     
   7.6260003485949710       -18.651233713115225        7.6260003485949710        0.0000000000000000        24.850000000000001     
   7.7500003540189937       -19.660085052526156        7.7500003540189937        0.0000000000000000        24.850000000000001     
   7.8750003540189937       -20.756254697938257        7.8750003540189937        0.0000000000000000        24.850000000000001     
   8.0010003560455516       -21.949365219185378        8.0010003560455516        0.0000000000000000        24.850000000000001     
   8.1280003600986674       -23.250335172152372        8.1280003600986674        0.0000000000000000        24.850000000000001     
   8.2560003661783412       -24.671584828712724        8.2560003661783412        0.0000000000000000        24.850000000000001     
   8.3850003742845729       -26.227279318914313        8.3850003742845729        0.0000000000000000        24.850000000000001     
   8.5150003844173625       -27.933616906209441        8.5150003844173625        0.0000000000000000        24.850000000000001     
   8.6460003965767100       -29.809171775498118        8.6460003965767100        0.0000000000000000        24.850000000000001     
   8.7780003958614543       -31.875302595979047        8.7780003958614543        0.0000000000000000        24.850000000000001     
   8.9110003971727565       -34.156642169952363        8.9110003971727565        0.0000000000000000        24.850000000000001     
   9.0450004005106166       -36.681683304391278        9.0450004005106166        0.0000000000000000        24.850000000000001     
   9.1800004058750346       -39.483484502581383        9.1800004058750346        0.0000000000000000        24.850000000000001     
   9.3160004132660106       -42.600520779899533        9.3160004132660106        0.0000000000000000        24.850000000000001     
   9.4530004226835445       -46.077712195155726        9.4530004226835445        0.0000000000000000        24.850000000000001     
   9.5910004341276363       -49.967669753118130        9.5910004341276363        0.0000000000000000        24.850000000000001     
   9.7300004475982860       -54.332206927770137        9.7300004475982860        0.0000000000000000        24.850000000000001     
   9.8700004481943324       -59.244174341036988        9.8700004481943324        0.0000000000000000        24.850000000000001     
   10.011000450816937       -64.789688947913945        10.011000450816937        0.0000000000000000        24.850000000000001     
   10.153000455466099       -71.070831670142709        10.153000455466099        0.0000000000000000        24.850000000000001     
   10.296000462141819       -78.208904426444917        10.296000462141819        0.0000000000000000        24.850000000000001     
   10.440000470844097       -86.348329059929043        10.440000470844097        0.0000000000000000        24.850000000000001     
   10.585000481572933       -95.661252681691451        10.585000481572933        0.0000000000000000        24.850000000000001     
   10.731000494328327       -106.35286224595561        10.731000494328327        0.0000000000000000        24.850000000000001     
   10.878000494209118       -118.66726717432111        10.878000494209118        0.0000000000000000        24.850000000000001     
   11.026000496116467       -132.89351339728367        11.026000496116467        0.0000000000000000        24.850000000000001     
   11.175000500050373       -149.37065699892071        11.175000500050373        0.0000000000000000        24.850000000000001     
   11.325000506010838       -168.48961617960242        11.325000506010838        0.0000000000000000        24.850000000000001     
   11.476000513997860       -190.68705515192985        11.476000513997860        0.0000000000000000        24.850000000000001     
   11.628000524011441       -216.42167975900202        11.628000524011441        0.0000000000000000        24.850000000000001     
   11.781000536051579       -246.11349961261044        11.781000536051579        0.0000000000000000        24.850000000000001     
   11.935000550118275       -280.00653217395552        11.935000550118275        0.0000000000000000        24.850000000000001     
   12.090000551310368       -317.87355904732084        12.090000551310368        0.0000000000000000        24.850000000000001     
   12.246000554529019       -358.39217804885084        12.246000554529019        0.0000000000000000        24.850000000000001     
   12.403000559774227       -397.82505961661280        12.403000559774227        0.0000000000000000        24.850000000000001     
   12.561000567045994       -427.19249222895382        12.561000567045994        0.0000000000000000        24.850000000000001     
   12.720000576344319       -426.08035763437545        12.720000576344319        0.0000000000000000        24.850000000000001     
   12.880000587669201       -348.67408230513615        12.880000587669201        0.0000000000000000        24.850000000000001     
   13.041000601020642       -91.097613864634297        13.041000601020642        0.0000000000000000        24.850000000000001     
   13.203000601497479        588.27690476353484        13.203000601497479        0.0000000000000000        24.850000000000001     
   13.366000604000874        2272.9040891853197        13.366000604000874        0.0000000000000000        24.850000000000001     
