   1.0000000474974513E-003  -913.35118912109863        1.0000000474974513E-003   0.0000000000000000        24.850000000000001     
   3.0000001424923539E-003  -913.35244229170769        3.0000001424923539E-003   0.0000000000000000        24.850000000000001     
   6.0000001685693860E-003  -913.35667164965048        6.0000001685693860E-003   0.0000000000000000        24.850000000000001     
   1.0000000358559191E-002  -913.36669622375939        1.0000000358559191E-002   0.0000000000000000        24.850000000000001     
   1.5000000712461770E-002  -913.38627315408951        1.5000000712461770E-002   0.0000000000000000        24.850000000000001     
   2.1000000764615834E-002  -913.42009486318750        2.1000000764615834E-002   0.0000000000000000        24.850000000000001     
   2.8000000980682671E-002  -913.47378367165106        2.8000000980682671E-002   0.0000000000000000        24.850000000000001     
   3.6000001360662282E-002  -913.55388258561038        3.6000001360662282E-002   0.0000000000000000        24.850000000000001     
   4.5000001904554665E-002  -913.66784075992666        4.5000001904554665E-002   0.0000000000000000        24.850000000000001     
   5.5000002612359822E-002  -913.82399182940810        5.5000002612359822E-002   0.0000000000000000        24.850000000000001     
   6.6000003484077752E-002  -914.03152299981559        6.6000003484077752E-002   0.0000000000000000        24.850000000000001     
   7.8000003588385880E-002  -914.30043241597525        7.8000003588385880E-002   0.0000000000000000        24.850000000000001     
   9.1000003856606781E-002  -914.64147204457618        9.1000003856606781E-002   0.0000000000000000        24.850000000000001     
  0.10500000428874046       -915.06607251940022       0.10500000428874046        0.0000000000000000        24.850000000000001     
  0.12000000488478690       -915.58624618305930       0.12000000488478690        0.0000000000000000        24.850000000000001     
  0.13600000564474612       -916.21446355259957       0.13600000564474612        0.0000000000000000        24.850000000000001     
  0.15300000656861812       -916.96349761447561       0.15300000656861812        0.0000000000000000        24.850000000000001     
  0.17100000765640289       -917.84622917301431       0.17100000765640289        0.0000000000000000        24.850000000000001     
  0.19000000890810043       -918.87540500044281       0.19000000890810043        0.0000000000000000        24.850000000000001     
  0.21000001032371074       -920.06333866200498       0.21000001032371074        0.0000000000000000        24.850000000000001     
  0.23100001190323383       -921.42154150669637       0.23100001190323383        0.0000000000000000        24.850000000000001     
  0.25300001364666969       -922.96026828130277       0.25300001364666969        0.0000000000000000        24.850000000000001     
  0.27600001555401832       -924.68795796253221       0.27600001555401832        0.0000000000000000        24.850000000000001     
  0.30000001576263458       -926.61054532233004       0.30000001576263458        0.0000000000000000        24.850000000000001     
  0.32500001613516361       -928.73061335586101       0.32500001613516361        0.0000000000000000        24.850000000000001     
  0.35100001667160541       -931.04634643343911       0.35100001667160541        0.0000000000000000        24.850000000000001     
  0.37800001737195998       -933.55023660779511       0.37800001737195998        0.0000000000000000        24.850000000000001     
  0.40600001823622733       -936.22748010124246       0.40600001823622733        0.0000000000000000        24.850000000000001     
  0.43500001926440746       -939.05398468278202       0.43500001926440746        0.0000000000000000        24.850000000000001     
  0.46500002045650035       -941.99388629765576       0.46500002045650035        0.0000000000000000        24.850000000000001     
  0.49600002181250602       -944.99644441398243       0.49600002181250602        0.0000000000000000        24.850000000000001     
  0.52800002333242446       -947.99214778641192       0.52800002333242446        0.0000000000000000        24.850000000000001     
  0.56100002315361053       -950.88781258952451       0.56100002315361053        0.0000000000000000        24.850000000000001     
  0.59500002500135452       -953.56039053092911       0.59500002500135452        0.0000000000000000        24.850000000000001     
  0.63000002515036613       -955.84911418851982       0.63000002515036613        0.0000000000000000        24.850000000000001     
  0.66600002732593566       -957.54549739529000       0.66600002732593566        0.0000000000000000        24.850000000000001     
  0.70300002780277282       -958.38054455339909       0.70300002780277282        0.0000000000000000        24.850000000000001     
  0.74100003030616790       -958.00832038511328       0.74100003030616790        0.0000000000000000        24.850000000000001     
  0.78000003111083061       -955.98473947233458       0.78000003111083061        0.0000000000000000        24.850000000000001     
  0.82000003394205123       -951.74004678554240       0.82000003394205123        0.0000000000000000        24.850000000000001     
  0.86100003507453948       -944.54292055581254       0.86100003507453948        0.0000000000000000        24.850000000000001     
  0.90300003823358566       -933.45337407610396       0.90300003823358566        0.0000000000000000        24.850000000000001     
  0.94600003969389945       -917.26059411170365       0.94600003969389945        0.0000000000000000        24.850000000000001     
  0.99000004318077117       -894.40035435004665       0.99000004318077117        0.0000000000000000        24.850000000000001     
   1.0350000449689105       -862.84456473556952        1.0350000449689105        0.0000000000000000        24.850000000000001     
   1.0810000487836078       -819.95245612901704        1.0810000487836078        0.0000000000000000        24.850000000000001     
   1.1280000508995727       -762.26858639048635        1.1280000508995727        0.0000000000000000        24.850000000000001     
   1.1760000513168052       -685.24640318591764        1.1760000513168052        0.0000000000000000        24.850000000000001     
   1.2250000537605956       -582.86675375726213        1.2250000537605956        0.0000000000000000        24.850000000000001     
   1.2750000545056537       -447.10674812029640        1.2750000545056537        0.0000000000000000        24.850000000000001     
   1.3260000572772697       -267.19324825327789        1.3260000572772697        0.0000000000000000        24.850000000000001     
   1.3780000583501533       -28.543542892091494        1.3780000583501533        0.0000000000000000        24.850000000000001     
   1.4310000614495948        288.75352318467509        1.4310000614495948        0.0000000000000000        24.850000000000001     
   1.4850000628503039        712.13831618051177        1.4850000628503039        0.0000000000000000        24.850000000000001     
   1.5400000662775710        1279.8052344291993        1.5400000662775710        0.0000000000000000        24.850000000000001     
   1.5960000680061057        2045.4825063729265        1.5960000680061057        0.0000000000000000        24.850000000000001     
   1.6530000717611983        3085.6032840653415        1.6530000717611983        0.0000000000000000        24.850000000000001     
