   1.0000000474974513E-003  -205.51456890343943        1.0000000474974513E-003   0.0000000000000000        24.850000000000001     
   3.0000001424923539E-003  -205.51485346079360        3.0000001424923539E-003   0.0000000000000000        24.850000000000001     
   6.0000001685693860E-003  -205.51581389190028        6.0000001685693860E-003   0.0000000000000000        24.850000000000001     
   1.0000000358559191E-002  -205.51809052456429        1.0000000358559191E-002   0.0000000000000000        24.850000000000001     
   1.5000000712461770E-002  -205.52253717222908        1.5000000712461770E-002   0.0000000000000000        24.850000000000001     
   2.1000000764615834E-002  -205.53022121095233        2.1000000764615834E-002   0.0000000000000000        24.850000000000001     
   2.8000000980682671E-002  -205.54242372905549        2.8000000980682671E-002   0.0000000000000000        24.850000000000001     
   3.6000001360662282E-002  -205.56063977827785        3.6000001360662282E-002   0.0000000000000000        24.850000000000001     
   4.5000001904554665E-002  -205.58657877170879        4.5000001904554665E-002   0.0000000000000000        24.850000000000001     
   5.5000002612359822E-002  -205.62216507427598        5.5000002612359822E-002   0.0000000000000000        24.850000000000001     
   6.6000003484077752E-002  -205.66953884067848        6.6000003484077752E-002   0.0000000000000000        24.850000000000001     
   7.8000003588385880E-002  -205.73105715715070        7.8000003588385880E-002   0.0000000000000000        24.850000000000001     
   9.1000003856606781E-002  -205.80929557978473        9.1000003856606781E-002   0.0000000000000000        24.850000000000001     
  0.10500000428874046       -205.90705010019218       0.10500000428874046        0.0000000000000000        24.850000000000001     
  0.12000000488478690       -206.02733966361353       0.12000000488478690        0.0000000000000000        24.850000000000001     
  0.13600000564474612       -206.17340931062515       0.13600000564474612        0.0000000000000000        24.850000000000001     
  0.15300000656861812       -206.34873404467533       0.15300000656861812        0.0000000000000000        24.850000000000001     
  0.17100000765640289       -206.55702353217737       0.17100000765640289        0.0000000000000000        24.850000000000001     
  0.19000000890810043       -206.80222775053053       0.19000000890810043        0.0000000000000000        24.850000000000001     
  0.21000001032371074       -207.08854370851759       0.21000001032371074        0.0000000000000000        24.850000000000001     
  0.23100001190323383       -207.42042337323477       0.23100001190323383        0.0000000000000000        24.850000000000001     
  0.25300001364666969       -207.80258294809661       0.25300001364666969        0.0000000000000000        24.850000000000001     
  0.27600001555401832       -208.24001365764781       0.27600001555401832        0.0000000000000000        24.850000000000001     
  0.30000001576263458       -208.73799416673924       0.30000001576263458        0.0000000000000000        24.850000000000001     
  0.32500001613516361       -209.30210500963744       0.32500001613516361        0.0000000000000000        24.850000000000001     
  0.35100001667160541       -209.93824484856202       0.35100001667160541        0.0000000000000000        24.850000000000001     
  0.37800001737195998       -210.65264913545136       0.37800001737195998        0.0000000000000000        24.850000000000001     
  0.40600001823622733       -211.45191122951738       0.40600001823622733        0.0000000000000000        24.850000000000001     
  0.43500001926440746       -212.34300625063403       0.43500001926440746        0.0000000000000000        24.850000000000001     
  0.46500002045650035       -213.33331793463310       0.46500002045650035        0.0000000000000000        24.850000000000001     
  0.49600002181250602       -214.43066877792501       0.49600002181250602        0.0000000000000000        24.850000000000001     
  0.52800002333242446       -215.64335378160808       0.52800002333242446        0.0000000000000000        24.850000000000001     
  0.56100002315361053       -216.98017805117036       0.56100002315361053        0.0000000000000000        24.850000000000001     
  0.59500002500135452       -218.45049907308396       0.59500002500135452        0.0000000000000000        24.850000000000001     
  0.63000002515036613       -220.06427281991674       0.63000002515036613        0.0000000000000000        24.850000000000001     
  0.66600002732593566       -221.83210612582860       0.66600002732593566        0.0000000000000000        24.850000000000001     
  0.70300002780277282       -223.76531324272517       0.70300002780277282        0.0000000000000000        24.850000000000001     
  0.74100003030616790       -225.87597978011138       0.74100003030616790        0.0000000000000000        24.850000000000001     
  0.78000003111083061       -228.17703155500413       0.78000003111083061        0.0000000000000000        24.850000000000001     
  0.82000003394205123       -230.68231193452641       0.82000003394205123        0.0000000000000000        24.850000000000001     
  0.86100003507453948       -233.40666479938571       0.86100003507453948        0.0000000000000000        24.850000000000001     
  0.90300003823358566       -236.36602706188026       0.90300003823358566        0.0000000000000000        24.850000000000001     
  0.94600003969389945       -239.57752733421080       0.94600003969389945        0.0000000000000000        24.850000000000001     
  0.99000004318077117       -243.05959493659191       0.99000004318077117        0.0000000000000000        24.850000000000001     
   1.0350000449689105       -246.83207507050921        1.0350000449689105        0.0000000000000000        24.850000000000001     
   1.0810000487836078       -250.91635437809435        1.0810000487836078        0.0000000000000000        24.850000000000001     
   1.1280000508995727       -255.33549151285141        1.1280000508995727        0.0000000000000000        24.850000000000001     
   1.1760000513168052       -260.11435612105532        1.1760000513168052        0.0000000000000000        24.850000000000001     
   1.2250000537605956       -265.27977113960458        1.2250000537605956        0.0000000000000000        24.850000000000001     
   1.2750000545056537       -270.86065476781289        1.2750000545056537        0.0000000000000000        24.850000000000001     
   1.3260000572772697       -276.88816126337116        1.3260000572772697        0.0000000000000000        24.850000000000001     
   1.3780000583501533       -283.39580745274668        1.3780000583501533        0.0000000000000000        24.850000000000001     
   1.4310000614495948       -290.41958132406535        1.4310000614495948        0.0000000000000000        24.850000000000001     
   1.4850000628503039       -297.99801092614848        1.4850000628503039        0.0000000000000000        24.850000000000001     
   1.5400000662775710       -306.17218020535296        1.5400000662775710        0.0000000000000000        24.850000000000001     
   1.5960000680061057       -314.98565447144875        1.5960000680061057        0.0000000000000000        24.850000000000001     
   1.6530000717611983       -324.48428257877606        1.6530000717611983        0.0000000000000000        24.850000000000001     
   1.7110000738175586       -334.71580898376152        1.7110000738175586        0.0000000000000000        24.850000000000001     
   1.7700000779004768       -345.72922376226308        1.7700000779004768        0.0000000000000000        24.850000000000001     
   1.8300000802846625       -357.57372641160691        1.8300000802846625        0.0000000000000000        24.850000000000001     
   1.8910000846954063       -370.29715323163936        1.8910000846954063        0.0000000000000000        24.850000000000001     
   1.9530000874074176       -383.94363026353221        1.9530000874074176        0.0000000000000000        24.850000000000001     
   2.0160000884206966       -398.55014130012790        2.0160000884206966        0.0000000000000000        24.850000000000001     
   2.0800000914605334       -414.14154648768101        2.0800000914605334        0.0000000000000000        24.850000000000001     
   2.1450000965269282       -430.72339751906674        2.1450000965269282        0.0000000000000000        24.850000000000001     
   2.2110000961693004       -448.27161088140400        2.2110000961693004        0.0000000000000000        24.850000000000001     
   2.2780000978382304       -466.71764314621367        2.2780000978382304        0.0000000000000000        24.850000000000001     
   2.3460001015337184       -485.92716189062003        2.3460001015337184        0.0000000000000000        24.850000000000001     
   2.4150001072557643       -505.66930938234765        2.4150001072557643        0.0000000000000000        24.850000000000001     
   2.4850001075537875       -525.57221433353970        2.4850001075537875        0.0000000000000000        24.850000000000001     
   2.5560001098783687       -545.05827902536089        2.5560001098783687        0.0000000000000000        24.850000000000001     
   2.6280001142295077       -563.24941692579159        2.6280001142295077        0.0000000000000000        24.850000000000001     
   2.7010001206072047       -578.82728443636540        2.7010001206072047        0.0000000000000000        24.850000000000001     
   2.7750001215608791       -589.82535017194675        2.7750001215608791        0.0000000000000000        24.850000000000001     
   2.8500001245411113       -593.31660938228094        2.8500001245411113        0.0000000000000000        24.850000000000001     
   2.9260001295479015       -584.93958097092900        2.9260001295479015        0.0000000000000000        24.850000000000001     
   3.0030001365812495       -558.17051296003990        3.0030001365812495        0.0000000000000000        24.850000000000001     
   3.0810001381905749       -503.19179227323229        3.0810001381905749        0.0000000000000000        24.850000000000001     
   3.1600001418264583       -405.10849827956696        3.1600001418264583        0.0000000000000000        24.850000000000001     
   3.2400001474888995       -241.09646073709899        3.2400001474888995        0.0000000000000000        24.850000000000001     
   3.3210001477273181        24.229871021102415        3.3210001477273181        0.0000000000000000        24.850000000000001     
   3.4030001499922946        446.46680596478802        3.4030001499922946        0.0000000000000000        24.850000000000001     
   3.4860001542838290        1114.2773313412238        3.4860001542838290        0.0000000000000000        24.850000000000001     
   3.5700001606019214        2171.4041475658437        3.5700001606019214        0.0000000000000000        24.850000000000001     
   3.6550001614959911        3855.1114056632541        3.6550001614959911        0.0000000000000000        24.850000000000001     
