   1.0000000474974513E-003  -65.620962857000180        1.0000000474974513E-003   0.0000000000000000        24.850000000000001     
   3.0000001424923539E-003  -65.621016001908913        3.0000001424923539E-003   0.0000000000000000        24.850000000000001     
   6.0000001685693860E-003  -65.621195366272431        6.0000001685693860E-003   0.0000000000000000        24.850000000000001     
   1.0000000358559191E-002  -65.621620528146209        1.0000000358559191E-002   0.0000000000000000        24.850000000000001     
   1.5000000712461770E-002  -65.622450930104321        1.5000000712461770E-002   0.0000000000000000        24.850000000000001     
   2.1000000764615834E-002  -65.623885888437243        2.1000000764615834E-002   0.0000000000000000        24.850000000000001     
   2.8000000980682671E-002  -65.626164611222990        2.8000000980682671E-002   0.0000000000000000        24.850000000000001     
   3.6000001360662282E-002  -65.629566228392918        3.6000001360662282E-002   0.0000000000000000        24.850000000000001     
   4.5000001904554665E-002  -65.634409839526995        4.5000001904554665E-002   0.0000000000000000        24.850000000000001     
   5.5000002612359822E-002  -65.641054584732544        5.5000002612359822E-002   0.0000000000000000        24.850000000000001     
   6.6000003484077752E-002  -65.649899745230556        6.6000003484077752E-002   0.0000000000000000        24.850000000000001     
   7.8000003588385880E-002  -65.661384880062556        7.8000003588385880E-002   0.0000000000000000        24.850000000000001     
   9.1000003856606781E-002  -65.675990011649873        9.1000003856606781E-002   0.0000000000000000        24.850000000000001     
  0.10500000428874046       -65.694235860899298       0.10500000428874046        0.0000000000000000        24.850000000000001     
  0.12000000488478690       -65.716684149646653       0.12000000488478690        0.0000000000000000        24.850000000000001     
  0.13600000564474612       -65.743937977667983       0.13600000564474612        0.0000000000000000        24.850000000000001     
  0.15300000656861812       -65.776642286731359       0.15300000656861812        0.0000000000000000        24.850000000000001     
  0.17100000765640289       -65.815484424477773       0.17100000765640289        0.0000000000000000        24.850000000000001     
  0.19000000890810043       -65.861194821922624       0.19000000890810043        0.0000000000000000        24.850000000000001     
  0.21000001032371074       -65.914547799457267       0.21000001032371074        0.0000000000000000        24.850000000000001     
  0.23100001190323383       -65.976362517380721       0.23100001190323383        0.0000000000000000        24.850000000000001     
  0.25300001364666969       -66.047504088225537       0.25300001364666969        0.0000000000000000        24.850000000000001     
  0.27600001555401832       -66.128884869473595       0.27600001555401832        0.0000000000000000        24.850000000000001     
  0.30000001576263458       -66.221465949231174       0.30000001576263458        0.0000000000000000        24.850000000000001     
  0.32500001613516361       -66.326258882675276       0.32500001613516361        0.0000000000000000        24.850000000000001     
  0.35100001667160541       -66.444327632781224       0.35100001667160541        0.0000000000000000        24.850000000000001     
  0.37800001737195998       -66.576790808180377       0.37800001737195998        0.0000000000000000        24.850000000000001     
  0.40600001823622733       -66.724824193020993       0.40600001823622733        0.0000000000000000        24.850000000000001     
  0.43500001926440746       -66.889663605032524       0.43500001926440746        0.0000000000000000        24.850000000000001     
  0.46500002045650035       -67.072608114361813       0.46500002045650035        0.0000000000000000        24.850000000000001     
  0.49600002181250602       -67.275023658778622       0.49600002181250602        0.0000000000000000        24.850000000000001     
  0.52800002333242446       -67.498347094218161       0.52800002333242446        0.0000000000000000        24.850000000000001     
  0.56100002315361053       -67.744090709144515       0.56100002315361053        0.0000000000000000        24.850000000000001     
  0.59500002500135452       -68.013847334788281       0.59500002500135452        0.0000000000000000        24.850000000000001     
  0.63000002515036613       -68.309295876847656       0.63000002515036613        0.0000000000000000        24.850000000000001     
  0.66600002732593566       -68.632207699535925       0.66600002732593566        0.0000000000000000        24.850000000000001     
  0.70300002780277282       -68.984453463527714       0.70300002780277282        0.0000000000000000        24.850000000000001     
  0.74100003030616790       -69.368010992607140       0.74100003030616790        0.0000000000000000        24.850000000000001     
  0.78000003111083061       -69.784973711977912       0.78000003111083061        0.0000000000000000        24.850000000000001     
  0.82000003394205123       -70.237560314439250       0.82000003394205123        0.0000000000000000        24.850000000000001     
  0.86100003507453948       -70.728125149577622       0.86100003507453948        0.0000000000000000        24.850000000000001     
  0.90300003823358566       -71.259170083996523       0.90300003823358566        0.0000000000000000        24.850000000000001     
  0.94600003969389945       -71.833357279677358       0.94600003969389945        0.0000000000000000        24.850000000000001     
  0.99000004318077117       -72.453523742799334       0.99000004318077117        0.0000000000000000        24.850000000000001     
   1.0350000449689105       -73.122697042857098        1.0350000449689105        0.0000000000000000        24.850000000000001     
   1.0810000487836078       -73.844113173859938        1.0810000487836078        0.0000000000000000        24.850000000000001     
   1.1280000508995727       -74.621235912384932        1.1280000508995727        0.0000000000000000        24.850000000000001     
   1.1760000513168052       -75.457778715673072        1.1760000513168052        0.0000000000000000        24.850000000000001     
   1.2250000537605956       -76.357728869862797        1.2250000537605956        0.0000000000000000        24.850000000000001     
   1.2750000545056537       -77.325374103350683        1.2750000545056537        0.0000000000000000        24.850000000000001     
   1.3260000572772697       -78.365332682635412        1.3260000572772697        0.0000000000000000        24.850000000000001     
   1.3780000583501533       -79.482586313829188        1.3780000583501533        0.0000000000000000        24.850000000000001     
   1.4310000614495948       -80.682517417819355        1.4310000614495948        0.0000000000000000        24.850000000000001     
   1.4850000628503039       -81.970950028457480        1.4850000628503039        0.0000000000000000        24.850000000000001     
   1.5400000662775710       -83.354196128060067        1.5400000662775710        0.0000000000000000        24.850000000000001     
   1.5960000680061057       -84.839106670452296        1.5960000680061057        0.0000000000000000        24.850000000000001     
   1.6530000717611983       -86.433129401986349        1.6530000717611983        0.0000000000000000        24.850000000000001     
   1.7110000738175586       -88.144372755921111        1.7110000738175586        0.0000000000000000        24.850000000000001     
   1.7700000779004768       -89.981678288500419        1.7700000779004768        0.0000000000000000        24.850000000000001     
   1.8300000802846625       -91.954700988942079        1.8300000802846625        0.0000000000000000        24.850000000000001     
   1.8910000846954063       -94.074000364726672        1.8910000846954063        0.0000000000000000        24.850000000000001     
   1.9530000874074176       -96.351141729846418        1.9530000874074176        0.0000000000000000        24.850000000000001     
   2.0160000884206966       -98.798810969584792        2.0160000884206966        0.0000000000000000        24.850000000000001     
   2.0800000914605334       -101.43094323096425        2.0800000914605334        0.0000000000000000        24.850000000000001     
   2.1450000965269282       -104.26286738776568        2.1450000965269282        0.0000000000000000        24.850000000000001     
   2.2110000961693004       -107.31146872902809        2.2110000961693004        0.0000000000000000        24.850000000000001     
   2.2780000978382304       -110.59537332533777        2.2780000978382304        0.0000000000000000        24.850000000000001     
   2.3460001015337184       -114.13515333217187        2.3460001015337184        0.0000000000000000        24.850000000000001     
   2.4150001072557643       -117.95355923112226        2.4150001072557643        0.0000000000000000        24.850000000000001     
   2.4850001075537875       -122.07577980993973        2.4850001075537875        0.0000000000000000        24.850000000000001     
   2.5560001098783687       -126.52973534418065        2.5560001098783687        0.0000000000000000        24.850000000000001     
   2.6280001142295077       -131.34640256450353        2.6280001142295077        0.0000000000000000        24.850000000000001     
   2.7010001206072047       -136.56017818136277        2.7010001206072047        0.0000000000000000        24.850000000000001     
   2.7750001215608791       -142.20928024147346        2.7750001215608791        0.0000000000000000        24.850000000000001     
   2.8500001245411113       -148.33619122525519        2.8500001245411113        0.0000000000000000        24.850000000000001     
   2.9260001295479015       -154.98813582453292        2.9260001295479015        0.0000000000000000        24.850000000000001     
   3.0030001365812495       -162.21759379015495        3.0030001365812495        0.0000000000000000        24.850000000000001     
   3.0810001381905749       -170.08283380561141        3.0810001381905749        0.0000000000000000        24.850000000000001     
   3.1600001418264583       -178.64845329764762        3.1600001418264583        0.0000000000000000        24.850000000000001     
   3.2400001474888995       -187.98588395215296        3.2400001474888995        0.0000000000000000        24.850000000000001     
   3.3210001477273181       -198.17381543062533        3.3210001477273181        0.0000000000000000        24.850000000000001     
   3.4030001499922946       -209.29845311880410        3.4030001499922946        0.0000000000000000        24.850000000000001     
   3.4860001542838290       -221.45346748653830        3.4860001542838290        0.0000000000000000        24.850000000000001     
   3.5700001606019214       -234.73943563520783        3.5700001606019214        0.0000000000000000        24.850000000000001     
   3.6550001614959911       -249.26244698349691        3.6550001614959911        0.0000000000000000        24.850000000000001     
   3.7410001644166186       -265.13138186863154        3.7410001644166186        0.0000000000000000        24.850000000000001     
   3.8280001693638042       -282.45307906977496        3.8280001693638042        0.0000000000000000        24.850000000000001     
   3.9160001763375476       -301.32420594216819        3.9160001763375476        0.0000000000000000        24.850000000000001     
   4.0050001778872684       -321.81795295899013        4.0050001778872684        0.0000000000000000        24.850000000000001     
   4.0950001814635471       -343.96262293597704        4.0950001814635471        0.0000000000000000        24.850000000000001     
   4.1860001870663837       -367.70744130987441        4.1860001870663837        0.0000000000000000        24.850000000000001     
   4.2780001946957782       -392.86815604109319        4.2780001946957782        0.0000000000000000        24.850000000000001     
   4.3710001969011500       -419.04037666851997        4.3710001969011500        0.0000000000000000        24.850000000000001     
   4.4650002011330798       -445.46096319547570        4.4650002011330798        0.0000000000000000        24.850000000000001     
   4.5600002073915675       -470.78477435445319        4.5600002073915675        0.0000000000000000        24.850000000000001     
   4.6560002082260326       -492.72182639151919        4.6560002082260326        0.0000000000000000        24.850000000000001     
   4.7530002110870555       -507.44089918532455        4.7530002110870555        0.0000000000000000        24.850000000000001     
   4.8510002159746364       -508.57618876123024        4.8510002159746364        0.0000000000000000        24.850000000000001     
   4.9500002228887752       -485.54767075980897        4.9500002228887752        0.0000000000000000        24.850000000000001     
   5.0500002243788913       -420.67256298560613        5.0500002243788913        0.0000000000000000        24.850000000000001     
   5.1510002278955653       -284.10401991341058        5.1510002278955653        0.0000000000000000        24.850000000000001     
   5.2530002334387973       -24.779469690004994        5.2530002334387973        0.0000000000000000        24.850000000000001     
   5.3560002410085872        446.13096192104842        5.3560002410085872        0.0000000000000000        24.850000000000001     
   5.4600002431543544        1286.2237743424594        5.4600002431543544        0.0000000000000000        24.850000000000001     
   5.5650002473266795        2781.4329154386387        5.5650002473266795        0.0000000000000000        24.850000000000001     
