   1.0000000474974513E-003  -26.884278172660121        1.0000000474974513E-003   0.0000000000000000        24.850000000000001     
   3.0000001424923539E-003  -26.884292209420998        3.0000001424923539E-003   0.0000000000000000        24.850000000000001     
   6.0000001685693860E-003  -26.884339583544811        6.0000001685693860E-003   0.0000000000000000        24.850000000000001     
   1.0000000358559191E-002  -26.884451878097558        1.0000000358559191E-002   0.0000000000000000        24.850000000000001     
   1.5000000712461770E-002  -26.884671204724352        1.5000000712461770E-002   0.0000000000000000        24.850000000000001     
   2.1000000764615834E-002  -26.885050205220960        2.1000000764615834E-002   0.0000000000000000        24.850000000000001     
   2.8000000980682671E-002  -26.885652054674793        2.8000000980682671E-002   0.0000000000000000        24.850000000000001     
   3.6000001360662282E-002  -26.886550466620839        3.6000001360662282E-002   0.0000000000000000        24.850000000000001     
   4.5000001904554665E-002  -26.887829701277408        4.5000001904554665E-002   0.0000000000000000        24.850000000000001     
   5.5000002612359822E-002  -26.889584577751926        5.5000002612359822E-002   0.0000000000000000        24.850000000000001     
   6.6000003484077752E-002  -26.891920491359596        6.6000003484077752E-002   0.0000000000000000        24.850000000000001     
   7.8000003588385880E-002  -26.894953437068121        7.8000003588385880E-002   0.0000000000000000        24.850000000000001     
   9.1000003856606781E-002  -26.898810041674380        9.1000003856606781E-002   0.0000000000000000        24.850000000000001     
  0.10500000428874046       -26.903627604048790       0.10500000428874046        0.0000000000000000        24.850000000000001     
  0.12000000488478690       -26.909554147226313       0.12000000488478690        0.0000000000000000        24.850000000000001     
  0.13600000564474612       -26.916748483233768       0.13600000564474612        0.0000000000000000        24.850000000000001     
  0.15300000656861812       -26.925380292847581       0.15300000656861812        0.0000000000000000        24.850000000000001     
  0.17100000765640289       -26.935630222448410       0.17100000765640289        0.0000000000000000        24.850000000000001     
  0.19000000890810043       -26.947690000310551       0.19000000890810043        0.0000000000000000        24.850000000000001     
  0.21000001032371074       -26.961762574827254       0.21000001032371074        0.0000000000000000        24.850000000000001     
  0.23100001190323383       -26.978062277359815       0.23100001190323383        0.0000000000000000        24.850000000000001     
  0.25300001364666969       -26.996815012579496       0.25300001364666969        0.0000000000000000        24.850000000000001     
  0.27600001555401832       -27.018258479379956       0.27600001555401832        0.0000000000000000        24.850000000000001     
  0.30000001576263458       -27.042642423670621       0.30000001576263458        0.0000000000000000        24.850000000000001     
  0.32500001613516361       -27.070228936097557       0.32500001613516361        0.0000000000000000        24.850000000000001     
  0.35100001667160541       -27.101292780044488       0.35100001667160541        0.0000000000000000        24.850000000000001     
  0.37800001737195998       -27.136121771733340       0.37800001737195998        0.0000000000000000        24.850000000000001     
  0.40600001823622733       -27.175017208158835       0.40600001823622733        0.0000000000000000        24.850000000000001     
  0.43500001926440746       -27.218294349161472       0.43500001926440746        0.0000000000000000        24.850000000000001     
  0.46500002045650035       -27.266282958640062       0.46500002045650035        0.0000000000000000        24.850000000000001     
  0.49600002181250602       -27.319327910288553       0.49600002181250602        0.0000000000000000        24.850000000000001     
  0.52800002333242446       -27.377789863675119       0.52800002333242446        0.0000000000000000        24.850000000000001     
  0.56100002315361053       -27.442046013214668       0.56100002315361053        0.0000000000000000        24.850000000000001     
  0.59500002500135452       -27.512490939065636       0.59500002500135452        0.0000000000000000        24.850000000000001     
  0.63000002515036613       -27.589537508197580       0.63000002515036613        0.0000000000000000        24.850000000000001     
  0.66600002732593566       -27.673617931269128       0.66600002732593566        0.0000000000000000        24.850000000000001     
  0.70300002780277282       -27.765184863488834       0.70300002780277282        0.0000000000000000        24.850000000000001     
  0.74100003030616790       -27.864712690505705       0.74100003030616790        0.0000000000000000        24.850000000000001     
  0.78000003111083061       -27.972698870425262       0.78000003111083061        0.0000000000000000        24.850000000000001     
  0.82000003394205123       -28.089665491256355       0.82000003394205123        0.0000000000000000        24.850000000000001     
  0.86100003507453948       -28.216160900139954       0.86100003507453948        0.0000000000000000        24.850000000000001     
  0.90300003823358566       -28.352761583655891       0.90300003823358566        0.0000000000000000        24.850000000000001     
  0.94600003969389945       -28.500074140098175       0.94600003969389945        0.0000000000000000        24.850000000000001     
  0.99000004318077117       -28.658737544975065       0.99000004318077117        0.0000000000000000        24.850000000000001     
   1.0350000449689105       -28.829425534499020        1.0350000449689105        0.0000000000000000        24.850000000000001     
   1.0810000487836078       -29.012849332549521        1.0810000487836078        0.0000000000000000        24.850000000000001     
   1.1280000508995727       -29.209760529157926        1.1280000508995727        0.0000000000000000        24.850000000000001     
   1.1760000513168052       -29.420954346076293        1.1760000513168052        0.0000000000000000        24.850000000000001     
   1.2250000537605956       -29.647273180204042        1.2250000537605956        0.0000000000000000        24.850000000000001     
   1.2750000545056537       -29.889610440972547        1.2750000545056537        0.0000000000000000        24.850000000000001     
   1.3260000572772697       -30.148914892737977        1.3260000572772697        0.0000000000000000        24.850000000000001     
   1.3780000583501533       -30.426195281246418        1.3780000583501533        0.0000000000000000        24.850000000000001     
   1.4310000614495948       -30.722525578682660        1.4310000614495948        0.0000000000000000        24.850000000000001     
   1.4850000628503039       -31.039050594436357        1.4850000628503039        0.0000000000000000        24.850000000000001     
   1.5400000662775710       -31.376992326877094        1.5400000662775710        0.0000000000000000        24.850000000000001     
   1.5960000680061057       -31.737656786385699        1.5960000680061057        0.0000000000000000        24.850000000000001     
   1.6530000717611983       -32.122441711782287        1.6530000717611983        0.0000000000000000        24.850000000000001     
   1.7110000738175586       -32.532844894705619        1.7110000738175586        0.0000000000000000        24.850000000000001     
   1.7700000779004768       -32.970473588476352        1.7700000779004768        0.0000000000000000        24.850000000000001     
   1.8300000802846625       -33.437054702397823        1.8300000802846625        0.0000000000000000        24.850000000000001     
   1.8910000846954063       -33.934446321895166        1.8910000846954063        0.0000000000000000        24.850000000000001     
   1.9530000874074176       -34.464650245238623        1.9530000874074176        0.0000000000000000        24.850000000000001     
   2.0160000884206966       -35.029826118907366        2.0160000884206966        0.0000000000000000        24.850000000000001     
   2.0800000914605334       -35.632307061048564        2.0800000914605334        0.0000000000000000        24.850000000000001     
   2.1450000965269282       -36.274616975582369        2.1450000965269282        0.0000000000000000        24.850000000000001     
   2.2110000961693004       -36.959489874006685        2.2110000961693004        0.0000000000000000        24.850000000000001     
   2.2780000978382304       -37.689891720780658        2.2780000978382304        0.0000000000000000        24.850000000000001     
   2.3460001015337184       -38.469044366099190        2.3460001015337184        0.0000000000000000        24.850000000000001     
   2.4150001072557643       -39.300452648486790        2.4150001072557643        0.0000000000000000        24.850000000000001     
   2.4850001075537875       -40.187934590246343        2.4850001075537875        0.0000000000000000        24.850000000000001     
   2.5560001098783687       -41.135655675309579        2.5560001098783687        0.0000000000000000        24.850000000000001     
   2.6280001142295077       -42.148166791117674        2.6280001142295077        0.0000000000000000        24.850000000000001     
   2.7010001206072047       -43.230447332955016        2.7010001206072047        0.0000000000000000        24.850000000000001     
   2.7750001215608791       -44.387953583811296        2.7750001215608791        0.0000000000000000        24.850000000000001     
   2.8500001245411113       -45.626673827066831        2.8500001245411113        0.0000000000000000        24.850000000000001     
   2.9260001295479015       -46.953189955334025        2.9260001295479015        0.0000000000000000        24.850000000000001     
   3.0030001365812495       -48.374747748086001        3.0030001365812495        0.0000000000000000        24.850000000000001     
   3.0810001381905749       -49.899336339916090        3.0810001381905749        0.0000000000000000        24.850000000000001     
   3.1600001418264583       -51.535779135366411        3.1600001418264583        0.0000000000000000        24.850000000000001     
   3.2400001474888995       -53.293836388837505        3.2400001474888995        0.0000000000000000        24.850000000000001     
   3.3210001477273181       -55.184322582137845        3.3210001477273181        0.0000000000000000        24.850000000000001     
   3.4030001499922946       -57.219241018454042        3.4030001499922946        0.0000000000000000        24.850000000000001     
   3.4860001542838290       -59.411936655723984        3.4860001542838290        0.0000000000000000        24.850000000000001     
   3.5700001606019214       -61.777271858770078        3.5700001606019214        0.0000000000000000        24.850000000000001     
   3.6550001614959911       -64.331827531298032        3.6550001614959911        0.0000000000000000        24.850000000000001     
   3.7410001644166186       -67.094134978331709        3.7410001644166186        0.0000000000000000        24.850000000000001     
   3.8280001693638042       -70.084941016429454        3.8280001693638042        0.0000000000000000        24.850000000000001     
   3.9160001763375476       -73.327513892348847        3.9160001763375476        0.0000000000000000        24.850000000000001     
   4.0050001778872684       -76.847994887015531        4.0050001778872684        0.0000000000000000        24.850000000000001     
   4.0950001814635471       -80.675804366942955        4.0950001814635471        0.0000000000000000        24.850000000000001     
   4.1860001870663837       -84.844107366758422        4.1860001870663837        0.0000000000000000        24.850000000000001     
   4.2780001946957782       -89.390350297113145        4.2780001946957782        0.0000000000000000        24.850000000000001     
   4.3710001969011500       -94.356876483627758        4.3710001969011500        0.0000000000000000        24.850000000000001     
   4.4650002011330798       -99.791632602841645        4.4650002011330798        0.0000000000000000        24.850000000000001     
   4.5600002073915675       -105.74897157319920        4.5600002073915675        0.0000000000000000        24.850000000000001     
   4.6560002082260326       -112.29056294398926        4.6560002082260326        0.0000000000000000        24.850000000000001     
   4.7530002110870555       -119.48641558531952        4.7530002110870555        0.0000000000000000        24.850000000000001     
   4.8510002159746364       -127.41600485741849        4.8510002159746364        0.0000000000000000        24.850000000000001     
   4.9500002228887752       -136.16949255248520        4.9500002228887752        0.0000000000000000        24.850000000000001     
   5.0500002243788913       -145.84899713844609        5.0500002243788913        0.0000000000000000        24.850000000000001     
   5.1510002278955653       -156.56984019228878        5.1510002278955653        0.0000000000000000        24.850000000000001     
   5.2530002334387973       -168.46161915376442        5.2530002334387973        0.0000000000000000        24.850000000000001     
   5.3560002410085872       -181.66886307497646        5.3560002410085872        0.0000000000000000        24.850000000000001     
   5.4600002431543544       -196.35083981619636        5.4600002431543544        0.0000000000000000        24.850000000000001     
   5.5650002473266795       -212.67980031453357        5.5650002473266795        0.0000000000000000        24.850000000000001     
   5.6710002535255626       -230.83644247376756        5.6710002535255626        0.0000000000000000        24.850000000000001     
   5.7780002617510036       -251.00058282141137        5.7780002617510036        0.0000000000000000        24.850000000000001     
   5.8860002645524219       -273.33363449310934        5.8860002645524219        0.0000000000000000        24.850000000000001     
   5.9950002693803981       -297.94716434839808        5.9950002693803981        0.0000000000000000        24.850000000000001     
   6.1050002762349322       -324.84774008170837        6.1050002762349322        0.0000000000000000        24.850000000000001     
   6.2160002851160243       -353.84124298088074        6.2160002851160243        0.0000000000000000        24.850000000000001     
   6.3280002885730937       -384.36724592452413        6.3280002885730937        0.0000000000000000        24.850000000000001     
   6.4410002940567210       -415.21138536335968        6.4410002940567210        0.0000000000000000        24.850000000000001     
   6.5550003015669063       -444.00182378599999        6.5550003015669063        0.0000000000000000        24.850000000000001     
   6.6700003036530688       -466.31734414742937        6.6700003036530688        0.0000000000000000        24.850000000000001     
   6.7860003077657893       -474.08351217224396        6.7860003077657893        0.0000000000000000        24.850000000000001     
   6.9030003139050677       -452.63588819997477        6.9030003139050677        0.0000000000000000        24.850000000000001     
   7.0210003220709041       -375.22859096009114        7.0210003220709041        0.0000000000000000        24.850000000000001     
   7.1400003248127177       -192.51972363650742        7.1400003248127177        0.0000000000000000        24.850000000000001     
   7.2600003295810893        188.09896179088196        7.2600003295810893        0.0000000000000000        24.850000000000001     
   7.3810003363760188        944.33219709260857        7.3810003363760188        0.0000000000000000        24.850000000000001     
   7.5030003451975062        2426.3486336206502        7.5030003451975062        0.0000000000000000        24.850000000000001     
