-1.86878984811315 1.9607051295679025 -35.58563587149204
3.478085040379385 0.7138091600342824 -87.37918239842259
-5.105545907221029 -3.733504397908256 95.09585177093865
1.0191199164396938 6.754877642224198 -4.678025282442046
5.100632987776795 -3.832662859502695 24.719515049941396
2.958031804908539 -5.064119007855574 47.53851019438379
3.712478361000955 -5.233220491410936 51.45769024463103
0.4423037086632692 -2.2961515790746603 -92.78033695738286
6.194593482031699 1.5114468994452446 46.719667034887436
0.22592761563972563 3.2918983908264523 88.58629062387533
-6.287015572426242 2.3052883261310466 -7.442892574106388
-5.56097965382918 3.4922189922374347 -40.01697097076446
5.562487530050233 -3.6866420098674264 -29.74016726775504
3.8574966371322366 1.6392005731339727 86.90835463648668
2.895707365232546 3.1115364387110374 71.8191755836854
-1.5980599897455108 3.3958861529955238 95.412976055427
6.238628148480838 1.170987192274052 38.820632262294495
-5.399105587374615 4.024678706969728 16.25229631711162
-5.265704645394302 -3.7888087758944624 72.63106291930563
5.684739654761379 -2.2685749167687956 -73.34512674033638
-4.6552986137932795 4.888194655485857 73.00401065788871
-0.6692379630819623 0.9087032575046761 -92.99935538886648
6.251526932918058 -1.6674287150004865 79.92334181733374
5.67159715832749 1.0690275605904038 99.39440978572097
-0.5121468236382061 -6.630077425019207 23.863481009963433
-1.081391150266694 -6.5816995018154225 -73.70450976953161
-0.7686225547652934 6.045590811733976 79.59179401622677
-2.566442760145731 3.9670199154093755 0.5118118840660513
4.688649675298014 3.0049718562959042 8.59613954414005
5.6026449740134385 3.705784839620561 -0.9968522281602031
3.3214599901963062 5.62581946263362 -55.54762840732236
-3.108951945752717 -1.658129259667811 95.32075858178234
-3.0180263068203366 5.940129140830394 -91.04198263617295
0.6030392959860835 2.7648010607069358 -88.98598290290448
-0.8517479281443949 6.235978262743776 26.64111624187524
-1.3544327858643914 5.734552092918391 41.90474485477347
4.528794373443876 2.0608418007959695 -53.734982017987974
-0.015453277366978246 0.4348842360546128 -32.620272498656576
-6.765479756707992 -0.015654594424906937 -23.078855544561847
5.026772447390449 -4.349172321529107 -24.513952686051393
2.060204680158537 6.156332263666757 -37.89016489915711
-2.701075690364369 5.817121002138749 -50.08242574505777
4.703467132324688 -2.1765237734571707 35.44896801103117
-4.924157880482417 -4.5404154847357105 -31.864038478962758
-0.8306611603540119 0.28800646250976986 71.36274922752897
-5.415735095463338 -3.2825937362216804 28.097330514077917
6.391881689384718 1.4378137691505881 -51.673247057813576
-6.580634151677654 1.2391664821738018 -54.64500899959422
6.482091364150958 1.4650484267767314 -62.046127424449764
-1.6709205036527965 -1.0646931134935396 32.93289800243863
6.840887926160522 0.7211188450448802 -71.90007777689962
-3.0469369381582845 4.662224956639249 -43.992204695320396
-1.81566513034154 -6.665539992333297 -11.542732754984682
-5.31242902106533 2.052250501082296 -67.38156233364276
-1.7499994436902666 6.255125235602835 86.19285247026346
-5.277123865187509 3.984367224805858 65.0714496556284
2.9327618509174926 -2.891703373179476 -40.027595160263964
-1.5372691926178235 -6.569706423306228 -83.84856393928891
-3.44989065533503 0.2226964613666032 64.99419736163205
-0.0013964149372529544 -1.135863997406963 76.94041900311306
2.5871896666076557 0.3453396259349595 -93.08370874075813
0.9886827200917149 -6.794919470593934 -43.14935371597888
4.127489628122974 -2.327553095353903 -21.45731947927947
6.482950684426973 0.7177285153685072 -32.24665183369537
-1.0421879064316566 3.460961230451538 -13.237754330784462
5.795295933333683 -2.863979124021813 -57.569692705634466
3.8410236657843257 5.377793739224662 -68.44551977658315
1.6807057966245018 3.197945122271224 -92.35933437779157
3.2050851874946193 5.193534925609576 -80.44424513136559
-4.145762932669276 -4.458469051585342 6.708516151309985
-5.842593153036779 -2.4107744559890545 55.522235208432775
4.840114338540925 -4.699063633190886 -35.739818040760746
0.9929503051651436 -1.2871114274798878 19.21240093736917
-2.081515211497366 -5.926696988264191 -33.13875828253616
-6.174740742718256 1.4198118411103038 41.032157407113715
-0.02763038687641481 -3.5329445394422647 -65.66883870540282
-6.013015708787553 3.0654840455526102 53.81645162463657
-0.7384733854562094 2.9922027899400483 22.099464783743095
-1.2102437615610846 -5.657349363338687 -1.6390223048670276
5.5375468350332016 -1.0123141903276744 42.87286368427971
-3.2583737409477256 -0.6919481697362488 11.53324440717039
3.563814157050414 -5.663798682772465 -13.9201486416588
-2.2336273989899214 3.113884935266962 85.7565684905785
-3.698412750739838 5.654692649142239 67.34198842815702
-6.003315468490919 -1.8746037136229112 -78.10807815813084
5.012356319837839 4.32555556544126 76.77992011895608
4.78181529283251 4.1627467966670295 45.25425111682714
-0.8521813735507883 -6.818901487453298 13.459166235977628
3.389934945591244 -5.380423602335357 -97.32977575006554
5.6307329783024445 2.8983459481327705 66.00373849765175
3.812669007140219 -5.143110524021222 57.71711093583899
6.029692703325589 2.5345114371927884 -83.56189500591442
-6.033768596397289 -1.6738219246616102 11.422377130086668
5.482455458915143 -3.876904759276234 -65.89786632172265
-5.858713234786983 0.16744417191275812 53.304095140061015
-4.681004140684749 -4.576664862985387 -23.493459960407666
-4.0272652691562465 -0.03920802368617829 -83.07824096526326
-3.9787862952693818 4.9061614990502695 -14.323205332911705
-2.3453686957468833 -5.010097050779191 36.95543670210057
6.307191648943959 1.370687712821511 1.4593583875098866
0.9446570301353634 3.1565419333168037 85.52632625368496
6.406773885948454 2.2581883677658325 4.426796145400446
0.27828224473110386 0.817766171085421 -67.27663021907794
-2.1650940126404565 -5.025904775099905 15.512254708809264
-6.526506336666345 -2.076994600208117 37.51773676338886
3.777753966857571 -4.73826169949672 40.72590105352122
-2.3679001943462437 6.196730006454936 21.142597515411154
-5.719281059549062 -3.470864079621074 -95.31836665410293
1.217206661680418 -2.3629010376862256 -68.06803931487627
2.5280869636584686 -6.0862756891839425 54.95127953257269
2.2952759836009946 2.694987755705383 -1.6127027317646605
-0.8381112199191313 3.0960945839356664 9.749019126201258
3.5720031431778905 -1.8747158566093283 70.42658727288237
0.9681948760412583 6.491122860758261 96.399565620472
3.4887534496001043 -5.904723126456227 -53.13817105366967
5.610156360656193 2.466623258440092 92.92961687450713
4.190840978737395 -4.743829776113082 -62.12574232757187
-3.097389308173879 -5.425731723057907 43.494784225960665
-5.099660879735012 4.306949795774937 -36.63396446431348
-2.282365324836894 4.888522358279428 -86.26632225169276
6.248297528441511 -2.6034549510298253 14.358153809673158
-4.33276525522169 -5.15692597715812 -0.4999384286659931
-6.368408604002265 0.25593649844813326 93.66910249803149
6.221075798992638 -2.275415813852878 -77.31802572785328
-6.299217344611415 1.582356768226814 -78.57187578061095
-1.680522123866642 5.858270031578481 50.343999882762844
-5.293091718755541 3.6831191982514655 29.612061524658266
4.764169914915859 0.16358616234275125 53.5400540092078
6.5878709474135135 0.3784187089593741 8.676633374536205
-3.923961736686893 0.9577039344910118 -25.772120652931637
4.541436530209982 4.601035570957857 11.618704568762057
-6.760050488229737 0.809119272987405 23.869296831658765
5.72874156685382 -3.511347024448637 86.47619885304125
-2.0461703556742066 -2.560466396513507 46.71380157966705
5.145593194112166 3.817695387426669 26.70933255115061
-3.146032114691615 -5.9831108176993055 -67.2143656144194
-3.989040802586343 5.301409645917048 48.16944274848866
2.2068475411758026 6.413108991630941 -30.219241415543546
-1.1872203214197958 -5.779634926496748 72.38127282053333
-6.586072503239318 1.930553018910996 -51.40982771321947
6.406155987593427 -1.439918716187287 -37.24381538676583
-3.4781697579694946 4.829474012770592 53.70061749101305
-2.4714840761945913 6.323079450451213 -79.76943043516553
-3.868625655667153 -5.226951545961349 -79.08505882672193
3.8090693039790877 3.932105218475356 -65.60926568544335
-6.235885186421251 -2.7689010063499078 51.76513668269252
6.4754371633014065 -0.04798381073548175 12.084672976848926
-5.66440762938919 1.7074990356667397 -64.26733800556352
-0.37817697925386884 3.9070572742262804 -56.45847108070475
-3.5584359484493953 5.093765110829757 -93.85264455421313
3.8426085281516045 5.14328797978035 91.34978174035085
-5.214625705745447 1.6428145379972916 11.742054501574168
-0.17618561530259935 6.640282665245647 35.23900525103754
-5.1059541505127655 3.6059839125738105 -0.7131604314768907
-2.173614128954796 4.571897480311414 -98.97748616725359
6.412530541388307 0.5404158487916252 -3.412430025866151
4.242224212559682 -0.9433798639675727 -67.18700018140055
2.615510377500141 -5.9230534543541244 2.373268701893973
3.5577880566414595 -0.39628832781725076 9.691769048095148
-5.559278460883589 3.657037848181325 24.045735451318183
-5.998163587028938 -2.8096184149652537 -58.441811481765285
-5.6450199859512775 -3.176632557201766 84.91596877177163
-3.399487719382464 5.724753014676693 36.46305863176299
0.9832094774565352 1.9591336921433076 43.55113081404492
6.3017860399574746 -2.067126584900366 62.0033887256692
0.6505958445011812 6.727553336221544 -0.01572246791315246
-6.593830884213312 -0.4899188454491479 33.61905665242872
-0.679276938162541 -2.83987474249928 24.786847011760333
2.92525564601539 -1.5642959401118843 49.938744665650276
-2.552794055586771 -6.045828815546552 79.59052277035224
2.209254438798487 2.817318298037676 -27.69588399804971
0.4229280530727413 2.502428075774302 -53.23007197338358
5.751816149357873 -3.4871248263682113 -7.108666437073714
-4.180113832990188 -4.6900399366402015 -64.77564784021878
-2.620372998337726 -6.094377858429543 -98.7425795933625
-1.2645344442280098 -6.49612711696874 -94.46973992967948
-1.9173544459090361 -1.674541743998393 43.53664522860089
-2.021622058203562 -2.357774812703652 -14.050829575542403
-4.698966390166131 -4.053526876752309 -9.199353108897501
-3.9668738754089974 3.8622189950915544 -28.57391757261275
5.580415176710207 -2.96928688676726 58.995263333723486
3.9218529673167075 5.3355586847719865 -42.47549480108703
-6.645803118480604 -0.19642695026806176 59.38011283011063
3.3075928813927793 -5.161762082511869 -77.20351049735095
-5.119633020963546 3.8950735638754406 84.62909420225941
-1.6316999934038046 6.142175024201334 82.468257078009
-6.249003344450628 2.256382404590671 90.61599011103233
-6.564248152324153 -1.1518261437192794 71.05143435272751
-5.277217845989645 -1.6280790494083355 -33.8103933799496
4.624315283745829 3.9628575706002946 -61.16351021624272
0.6733273193587858 6.439969575688636 59.871108400577974
3.1364692367353837 5.387221811474806 -26.554967215514257
-2.9805682641234963 -5.902643894008263 54.55833553340316
0.07733596007627397 -6.20160319774619 -67.55886960685416
5.933672850092617 2.545548243243531 43.308605136223434
0.6712828055538801 -0.9795150336074556 -71.34982902765901
0.6877490595247282 5.955763849098602 32.23972024957296
-6.888914342900171 -0.44117715109943734 66.95956382140484
2.003866554586612 6.636637672814849 75.23972832282907
1.458216955313736 6.533820003710444 46.153308770920326
-6.56715582939706 2.0798029303139023 -88.1429485570382
5.549245606914341 3.2400457882461966 -79.33716934211326
3.4007784401170964 0.901872655200705 -81.58311922561526
3.17685727931077 -5.423715605301146 -86.86424257377159
-6.422295068217621 1.2636896843522623 19.6215907702638
-1.057546622277262 -0.39476561773693064 57.56318697369317
2.8893054265859215 5.505893275825806 6.693941190219133
-6.5655811902520345 -1.9583813372652636 -85.9257165355314
-4.807770379012513 4.179760909081289 -79.43743444660483
-5.885314357929025 -2.7263222925154422 64.88012475462415
-3.7556744190293023 4.33725187468363 57.35314778559882
3.4714147217234634 -0.5673510176173626 21.91895190469006
-1.1256001154415138 -6.2499239311959505 69.1117752197091
2.34341908203426 1.5255745118412756 -61.53473406814528
3.033383092603488 1.2797621794376743 55.547822662934585
-5.827493129126669 -3.30070626774222 -4.309757423868426
-5.7731904891659225 3.2800674355236112 44.484995764548884
2.784543301889554 1.1554769177860698 25.82193943618595
-1.959507418753626 3.324097132215309 -92.10553580649257
-4.856105724299551 -4.126114754809907 -82.52650824650706
-2.7529131962955584 -5.5260713384191895 83.41513144447097
6.195232439026957 2.2698769574876567 95.85116388139042
2.2746656279676007 6.32442883759838 9.379732525151882
2.9031088164438867 2.9469082542571363 82.05178199895167
6.645999212104382 -0.04919861641368008 57.16205743596405
6.613437717410956 -1.4581597976264977 88.70314341035258
4.411397214441531 -4.791917832098673 4.954615674137694
0.3175772500087879 -3.330121341481538 50.2947966657939
3.1467373593125667 -2.027586123590321 -25.665823147896646
1.4385077713487207 6.682465718728396 -45.16477637049728
-3.9869459425752285 -5.231223952007405 -20.583762172546983
4.469413473034226 4.9004267005373565 94.07981590226098
2.99926271859547 -5.952414338700807 -39.420129043886746
-6.182936699938789 -1.5962996977792157 2.807125767461829
-0.015482827962831576 6.378303967980914 -41.67572478141765
0.9525548846458407 5.399190444158098 65.36847852447903
0.09391499918460078 -6.529716280451226 61.87473146454516
-6.4812926472733565 -0.7347184372532753 -67.37546824688248
3.768809753311569 -0.6176790002659338 90.55669440593985
-6.292224499433539 -0.6612692908013836 -31.17320439361047
-6.784045925683162 -0.7150858102171014 -81.51890187701099
-3.14206355719798 -3.2663792216702325 57.63333239967987
-0.4206052496788919 -6.304446891534676 -91.21931495075805
-4.69411242945334 4.290319396699684 32.63977350040811
-2.212221320324743 -4.3562319745297415 52.14583739581605
6.085618766318878 -0.2952150129034912 65.98996108508838
1.0609769686532167 3.94969817104634 -76.05420033307749
-2.580772547614111 -3.6456984472135305 85.59062215438108
5.575574120915747 3.5539339791680775 -16.59358445391306
-0.34239647991553 -6.586740717096436 -60.15601774119336
-1.2696407227087454 6.570510957000602 -30.081181746557572
-1.6087367579758443 6.382014888229237 -8.289189210921778
-3.725146334166654 5.251770188466298 -21.477808305057348
5.313865879588933 4.1299817425705285 89.10100940806579
2.590163517365217 -6.057900306617451 13.578559347910302
-6.510372592531527 -0.8423438056476513 -43.51443433719759
1.2634797932099449 6.51510790382522 -79.01667459526851
5.300621171326252 -4.342822088586324 0.05447025970361275
2.838926530908462 -5.683562408984536 83.5398048883329
-6.156671261416377 1.2744291048635794 64.37848067687925
0.21777211007143288 -6.7794626035359995 88.15468749821491
6.650094783482385 0.7108957983678521 -19.7359754575469
-3.3263124263027595 -6.010950627655411 -49.90910048896418
-5.054626668581047 -4.445567807883767 -86.65963187919954
1.9766643731539075 2.769203881356701 66.16016079379924
2.0474927563371903 2.3623160001895456 96.01257827866792
-6.660236021101955 -0.3255827681119903 -12.774359692911721
-2.1095352157555456 -4.282877105214352 -88.81685087450612
-4.4740493691001575 -4.408694201754908 -74.85100648541018
-4.8907457051847025 -3.865207282025944 60.24578717081263
6.6825262726135835 -0.0002606873556556897 -23.729369447950905
-6.138897499672277 2.712598588353022 96.25686853465552
-0.3698881168733401 -5.715499924375259 -70.21004343280597
-5.4665360372087894 -3.7663833461935146 79.63918963064006
-2.716212124759821 5.6040925425697905 4.077811085030845
5.502264087278188 -2.9788580350046536 -95.99112244073896
0.685999950642579 6.56531354011567 52.375912702916196
0.901927704337911 -1.668713840258868 9.778704179157335
3.238141388909921 5.404166293854974 68.43645741009954
-1.5086278726538425 0.8659943547126144 88.32859372046511
6.458049787822742 -0.9490622775797257 93.39519721354309
5.014646536293274 -2.45210643307665 -41.84680718432141
2.476018641352177 -5.833750690338654 71.62655763024075
4.229504995626122 5.181196308950648 -99.34358464321286
2.045656940119448 -2.8937645580570366 54.51962364319311
-5.652143642997936 3.129766774934988 -12.240969451745109
-6.01883986155394 2.2495537844406783 -32.31479944575112
1.6552366187444332 -1.3834668560864432 -45.05438223106381
-3.5790914611536793 5.2743295962544074 97.4472360495572
5.791347410598568 -3.616874745051846 91.42217206271769
-3.037562277055538 -5.9915510633704345 -3.9220094030471824
2.953482996776237 -5.772617908624917 33.69307090423933
-1.0392811966973055 3.829152974376503 6.292635942583329
2.2086606211478887 -6.048744953402934 24.84278740960309
-3.163516041875324 -2.159044807553316 68.83341104447247
6.4218234771045415 -1.7804814445906547 98.35261236473075
-3.6257412648033416 -5.32006825515704 10.491803848737774
6.666953763519741 1.0980642097381632 74.64861038161278
5.768525285754524 2.9344982067952277 -43.393563296411116
-3.4105531938647595 -1.0124090134723864 -29.344596901501493
-2.3501539795448148 1.447420610730562 15.511551361307927
-5.430891635902579 -3.7705938863854316 -28.977593559086802
3.883727287387428 -4.588189801134941 -80.65603468435226
0.6828635965874611 -0.5432656697209215 -85.93544675479036
-0.7349263444070598 6.314254739225114 8.659109282604232
-1.0293098079242275 0.7207806546314719 66.78261218475906
5.69596180706103 -2.3218228902292113 32.74076484215815
-6.008558856275028 1.8868732796125671 74.18249770780028
-3.365868917518755 -5.818460143552336 66.00546414081525
2.265179893725011 -5.948936797428831 -93.79273592720236
4.584445065435843 -3.6919390188505004 -44.92162708935072
6.324573386776963 -2.4228548242308756 -11.011582565929778
4.2007365397081875 5.305844653584464 -12.255220339489176
-2.152913959931459 -6.275725133151644 -7.928216456194783
2.8196259688241723 0.2885176209546966 74.3205474508149
0.8260257142129779 -6.004273692327241 -17.888597197353313
1.813762923124693 5.188118725655016 -58.62919070692352
2.144345736161367 -6.476076113992253 29.11670795830569
6.519886332340342 -1.261079779641076 -84.64013112558092
-6.012712671700291 -1.9591767430152427 74.71660347884267
-0.705973277048969 -5.9429854559849975 96.6312829499973
2.2163232518772036 1.9395027218531764 -56.354258750970644
-3.3063375240751944 5.756464165085315 -77.00385979300782
1.7416695620565292 -1.0529204464967437 -29.667546198857966
6.158568427408918 1.9307798416474924 71.99647459419546
4.230775819527946 -4.75028524250716 -89.37836845873352
-1.1868786121783226 -3.4944414053616857 -57.239320823657934
4.9744392358034055 -3.258200437263677 65.32486989350043
5.612215017029009 -3.215256224968427 -54.07574877534908
4.498859741394109 -4.433325085372444 76.09612955483159
-1.2017253055609391 0.6309295937075967 -60.92325790264439
-5.1389097235900545 -4.090460514899149 40.70169801970568
-1.8446387082873932 -6.374856862413862 -55.28908566870833
-5.735354063036024 1.7458792610910236 -48.48185897717587
-1.1807958542712993 -6.637541917737018 32.683801469885466
0.6595575853724274 -4.856091173993303 41.535996959111806
-2.7305381260430206 -1.36524890034016 19.874264987146226
6.038717672961808 -2.658706908341679 -91.88509964521482
3.132071785642459 5.88002115268812 -1.4974547358990997
2.8338408969239954 -5.350136782395673 80.56000775715277
1.1155759494248267 -6.352707593242169 66.41943835168112
6.8094760921736945 -0.3588518140609949 -68.29668625740696
3.4701415400314963 -1.451416491612503 45.91978992615107
1.3099959648220771 -6.617315971701702 6.58090285427286
6.097947526032335 -3.0271617418489862 10.93192326222393
6.264582446346865 -1.6771374259489262 0.3853884142518563
1.0387597581410273 6.599320949396067 -63.46862549356907
-3.1722190972261304 6.02452601185914 14.729481583821219
-2.0497237117231975 6.490402826505503 74.94158796518279
-0.2840246345479917 6.483190581435283 67.54514058935062
4.269574922384701 -4.379990251790696 99.65880166537247
5.282232719983819 3.5820226638350476 -29.758887728550082
2.8547046670847243 -1.5491564713036736 -50.464362709326764
3.3897822416992103 1.6383684067339592 -21.657646014385723
-0.22369054826382362 -4.581059067195897 -36.03455123366198
3.6098478653825716 -5.668460450801861 -20.63987565249837
-5.900623078511579 -3.552280748741971 17.637748325425278
3.59692920194338 -5.873866254563206 -2.275599256072197
-1.3219152417848206 6.462094811113436 71.69342071703228
-0.7673296102054703 -1.4421634643472456 99.06178295845892
-1.4079220995717907 -4.131198027601597 89.01878040854145
1.6195449257350027 -1.1520890383074809 -54.76752305790842
-4.067823490929749 4.270164611183748 -52.16669576692355
6.569286642286755 0.5138633247701154 85.69745943935153
-2.874403601851961 2.61302854251187 51.31138900630189
-4.081829035310266 1.111952878088848 98.23139802958664
-4.226455940869085 4.962342256542091 -66.1112590562595
5.719256319509117 -3.191814202582932 -4.007122153977412
-0.05913918983448577 -1.1609726124789002 48.41762260083269
-3.168988040757877 1.2030384483827554 -17.802325046146155
2.8735969922144626 -5.777666977110329 9.54631577519632
6.307077152968859 -0.03491364831512199 -89.34706923951126
-6.308046909146657 0.9340377447417426 -58.96911397919901
6.767449405365376 1.1206145202655324 90.3061397079202
4.409083148894997 4.658386552630275 -23.11439621234301
-5.826221345027962 1.931237835746355 50.29192719245154
5.364243015771075 -3.584653848046744 53.902924598740995
-6.560832719436979 0.5414194598302877 30.35303721819226
5.397791104283359 -3.8447700526146753 -69.03006381360093
1.1033532469625875 5.580329367596541 -70.20632305619141
-0.3183275365105352 -5.578761001659943 -14.714212736592037
0.09775477604420055 6.748567129796055 -91.27126596235004
3.0415589383595774 1.715824011887292 -74.72895743096136
-6.8834953061999755 -0.37772499815695676 -36.20324309070748
3.418752682245338 -5.390636777259694 62.07195223006695
-2.8058013945310605 4.645759912884217 -34.44045292616761
-4.0267348756172145 5.23082077989724 61.253612092175004
-4.071292776810566 -5.165428596470678 -17.56212220501894
-5.82522264626644 -3.695701798527853 9.253457317065255
-6.242862249718956 -2.30950751080042 -38.73351285919821
-5.309831369394192 -3.5216032181624244 13.732004936096404
-4.065934676657093 4.397066639411086 19.573767979652512
3.7541564924693054 4.6028735864887445 2.923254188764746
-6.158684835721664 -2.4572483127114677 -89.29038807763018
6.407474530385324 -1.289216674706838 -81.87468156492766
5.508312268398685 -3.6344503982062872 21.248112762913298
-0.015580809926832587 -6.829183862688511 -99.91166190208193
-6.616418693790561 -1.5979581088240906 99.28108052889357
-3.9617024396053733 -0.29484573022073157 -8.702879264067114
0.19253420957784712 6.443921864183264 -11.076687115311596
-6.267355171035545 2.0395517711765607 -98.95055337939094
6.1778631698916 2.944336961925362 81.83592708544226
-6.730864977763313 0.232923280734455 -40.805895807620296
0.43623291142998094 -0.048519985901077534 -35.9355380081283
-6.493071931790829 0.9989481364992769 -85.49873992436194
-3.5550857170577785 5.407739083226556 7.543482321223288
6.6505757640023875 0.16704016934808857 28.63876828990435
-4.494257918846687 2.4402158206462774 2.567922755646255
-4.063894297247178 4.82993973326465 87.27460816307767
3.0715721341825115 5.67539936067174 14.782586721741977
-2.9321440488049455 -5.9532893925483865 28.981178806501124
-0.12935459488169979 -6.264128322175447 -5.228815062798401
-5.506274479726286 -3.639821874845002 34.68995989677657
-3.4859213815398986 -5.727903685000151 -27.186474338131568
-5.400444740260068 3.0292646494619033 -56.27769817015589
-6.395224452493324 -1.7315171446087265 -46.836324669140424
3.243893352315891 2.0038969749112603 -34.35362797950889
-2.877761172561358 -5.735062707118049 46.58111517275892
5.642576849578521 -3.107366432702274 44.558118381244476
-1.184759595872257 1.147269682050081 -49.69708340029156
-6.113898382344774 0.13527665275561618 27.172148392512145
-1.0251464013107012 -1.7478429053317848 52.274669631254476
-2.1684872150416115 -6.247919180139241 5.1638725060119395
1.904123941166127 -6.624381189700855 -23.026831506032106
3.9909270537435972 5.131663661584321 83.9564462902145
-0.6556186722397019 6.820251240170366 62.57529018586584
-6.350187263265985 0.8028398945517223 78.2369603277767
-5.436524719530975 1.6094819116847945 81.64930026396874
-4.749614437329568 4.80725640301235 78.72471726301968
3.287862690162519 -5.725667751702377 -58.75182227638017
6.657772452785306 1.3383734059995382 -35.14210452154323
0.10450107112920848 6.494450910863727 -50.446987467719445
-6.453638790134429 -1.23039502373171 90.30896492290204
0.8870247232536967 -4.5260350702703285 78.26529634759456
-4.472226107645713 -4.869138484706938 90.4471705473799
-4.235760976352364 5.251841886943801 -31.562856751674474
-0.9046702707325219 -6.388567722052758 9.5152171072845
3.221392955469661 -2.812866518780996 2.510264131592039
1.8924013857430115 5.7430319963728165 87.12329253531459
4.097081954650837 5.1951918526155225 -91.29668095554106
-4.998643337586137 -3.968130356644541 -69.39376719549323
-0.1319244260717452 -3.7491968787685392 -85.5238415953995
-0.8520642963929927 -3.5867559109990235 82.10179977787743
-0.6502120225116851 -6.132770194886861 91.76407424912523
-5.528305086919389 2.3531330856273853 -81.8017906355994
6.414663241066869 -0.6261763009682172 -29.787786336303697
2.568110250752831 3.580765316994495 -46.25923638145273
-6.362592277822155 -1.8385935701115188 -97.9367849875899
2.221589678438571 -6.141740287787873 -65.06120161623528
-3.949710717411476 -4.378089885679352 -35.06910694198911
4.659025697235522 4.765217151973667 -32.518798694246
-6.498877492094531 1.6368225532870548 56.76388165739303
-6.361526251581465 1.0090991370509728 -0.10572255543098286
5.9444606148292625 1.4478313411472017 -26.02965388883986
-1.9266604902825721 6.417144855849226 -25.489624988876393
-5.098256394690957 -4.203675541847989 -99.06767880972467
-1.1657402349494554 -3.3821495368229497 -7.824208992530639
0.22207666244208762 -1.5978567080986115 38.40607843259587
-0.6888569531249845 5.50806318908732 -47.57438626945478
-5.938691897893523 3.109197507698143 69.51436526037888
-3.231913860108695 -5.72543728972715 49.4430678166569
-0.741422864941832 6.607058530172974 57.24562914948415
1.780494126555749 6.193458415468099 -87.24967858766495
-0.7062445438238139 -3.443445375586885 -95.8949512454986
-4.732798118355823 4.64638480734737 -88.44505944250729
-2.4373399196009102 4.681360983577027 -60.47646209452276
5.254540236406116 3.555875947889312 22.52900691633426
6.409790020233987 2.0067774087828294 -96.79818122926201
0.08087576545049399 0.4768479393649342 93.09019031597305
-6.696694683523962 -1.7236835917216289 -74.08563464168341
5.800010358322592 -1.1627859910790552 3.2279041373273767
3.305961063681712 -5.795002769343221 43.89405162406087
4.928263947316533 4.303166619724734 -49.361841569487595
-4.38729685528332 -5.182479162553097 76.61976725468843
-1.7974612739648912 -2.7664170627602362 4.553403258107277
4.349324552968334 -4.975899086537757 -32.5223198399433
6.169286842153719 2.717653145520836 -39.21920551195322
2.4453511741367175 5.559348584260886 -19.069077043069676
6.733507852573976 0.11511634889464972 -56.42363521476502
-6.271378943113448 -1.012666575293191 21.478071641265473
-2.3768360789316145 5.806051190562808 31.356846476944213
3.0046929279063104 5.9622601106653015 27.665113055235143
2.8391403905196997 0.24395713234350003 3.001035872898361
-2.3558730565374106 6.2815622161508005 -63.610277624112854
6.14611547119333 -2.801419596168986 68.8732982156721
-6.684002188231388 0.1783733539482964 -4.697163306655654
0.10140193802208174 -6.526466027347353 -50.50102199571479
-6.5074690141909874 0.7664179589276692 15.258951667785361
-3.8066313180315166 -5.573492354383502 -42.67617180042845
-3.214519125128075 3.445036545349018 40.598599621375044
0.01069205169203144 -6.693853739051917 53.376592482767414
-5.9650009116526395 -2.5425770236589473 24.966121457644775
4.020690771758076 5.215063320852605 64.98608393707867
2.7175311387209056 -5.606835114042864 -83.8024586702471
-1.3196567181345469 -2.784442207090842 7.850000423173514
3.910338736602428 -5.189607940028813 37.727907387172145
0.47356024949484665 -6.448300371908981 50.223229591477136
-6.107064879892125 -2.6294430640854896 -49.75233181674006
6.574413992455875 1.661634568918545 15.350010590052893
-6.5091054706655465 -1.0394198961817818 47.861660540453904
