-0.7460256042416537 2.3597738914413156 -36.679583334739256
3.1989244083188266 1.6000268704220795 -84.74011430601816
-4.780027978310609 -4.413155956763641 94.70458050868338
0.9364682153256192 6.725213233330124 -4.928980953140334
5.411687034210053 -3.570156013739469 24.497681722744318
2.5378508707616207 -5.13794517693315 47.65872275658425
3.941662367333266 -5.36364572318384 51.23593931084337
0.5646986374556345 -2.346126149840191 -92.43361335218479
6.345803575626952 1.6303607808496952 46.50126446126701
0.8116627209691769 3.751423556361988 88.64066082539699
-6.304875987417135 1.8900096508951059 -8.359157582553383
-5.575619290877362 3.469438067606554 -40.21540872228144
5.135662425013561 -3.595249881187476 -29.576222049320478
3.2856421067113613 1.6294415603210568 86.60599364817233
2.3750490692164763 6.022255397166182 71.8130257753162
-3.125744816021302 3.402639658858434 95.21228699401105
6.450943446454286 1.6018399857791845 37.21248548208039
-5.621625200988863 3.814634901796396 15.799378344962049
-4.961462897384942 -4.028641058629067 72.7246000613485
5.744827707646532 -1.9407904437410757 -74.12037951666193
-4.765275821592361 4.973644712188809 72.53552779334792
-2.7074855784021947 -2.013819027086389 -91.54250964448666
6.465555308265432 -1.5191544373100683 79.3792309449311
3.978883713804745 0.8927625146961637 98.33539669652917
-0.41463949352425955 -6.583735248551012 23.907679239815902
-0.9537858925204709 -6.431473656788713 -72.69802477400792
-0.858759332368472 6.108284793817119 78.95030855907842
-1.0305110435770217 1.939951180027104 0.008923457205046503
5.81227639916232 3.3676257619726293 9.31986914235989
5.24319120137278 3.9034307727499145 -0.4344431352437095
2.698831458363525 6.020865431194244 -55.42796222724124
-0.18035904160953878 -3.883212140611225 94.7530009316365
-3.101350123323361 6.219464501884072 -90.44717064757474
2.17140358689472 2.4969408948521803 -88.09044853049639
-0.8892785195250357 5.783509615278105 28.138904977062207
-3.1506728100772747 5.347362864167598 43.372216562261066
4.96683012012289 4.390983144053093 -53.629667994781876
-0.21198620676420865 0.10070042424005951 -32.74851178715179
-6.626445293670631 0.37245257494345785 -23.118659736075696
5.026772447390449 -4.349172321529107 -24.513952686051393
4.605521750536567 5.003966108115712 -40.10960869967909
-2.56770941773772 5.771877109272749 -50.00435487326961
6.307943957978958 -0.8295342722472463 34.85350514540945
-4.905996156648602 -4.08738505190474 -31.4845183679182
-0.6229281232274503 0.2990420098413886 71.16513811443652
-5.8705891945262705 -3.0356659629041167 27.159786853575557
6.1774291531051295 1.5452031199969887 -51.344528439747364
-6.627597767686557 1.5720062362354954 -54.515985691162214
6.6445590927845215 1.1457474775656467 -63.37843521954689
-3.6865543034909107 1.085425857946829 31.268262281811705
6.127692187533682 1.409946782128786 -72.69237930465475
-4.9171935339075175 2.876134303928871 -44.426783318187454
-1.8064114337204844 -6.516122949650354 -11.637975729570778
-6.27352385504356 2.80778970354247 -69.03777491062793
-1.7447082183768443 6.259675331995362 86.18920894247046
-4.934905203673963 3.727922280542586 64.9678631995292
2.2854501343125304 -3.476552713633918 -41.01868894037122
-2.642550646265057 -5.904145208251782 -83.82393599070197
-2.2988535688594034 1.7201346582178187 64.12974637484987
-1.8934786146358555 1.5502264155605137 83.01492589418062
3.0696954147258335 0.4525981517165906 -93.86478939009632
1.2523482638385197 -6.706128368834107 -42.66114667043609
4.860535811721377 -1.4459123329596488 -21.00431544738119
6.5000899825378 1.545820576287468 -32.14880952357759
3.953308680836045 1.1473949361493818 -14.233377336220395
5.6039902273013364 -3.387142312099736 -57.91703288617208
3.4258053765692766 5.779288742810947 -68.26431560404362
2.1073855396389636 3.1228798536805975 -91.88670816532633
2.7664710093592992 6.058865861380136 -80.73772696532536
-3.9119631949828055 -4.022830288864084 6.7571712100421575
-6.2128624501739536 -2.0588607248569186 55.18149877963019
4.774451604517735 -4.625466973431458 -35.52902282246453
4.083229137275954 -3.9750469914958004 17.39207444270405
-2.1051191042975224 -6.090052817459642 -33.03948038277479
-6.359718024681795 1.4096357888831479 41.054364033730685
-0.44038642986908977 -3.692083685289661 -65.92266030780888
3.077159116597854 5.440019850834613 50.18282868872781
-1.0459533939345003 2.2654323597130652 21.393602315512894
-1.4758566215335347 -6.760148330876751 -1.2750767892202433
5.730740420287501 -0.3224316481566193 42.77435205736489
-4.839082005983678 0.1291237610719667 8.866006579498414
3.231993347286948 -5.301682872172265 -14.09227403375105
-2.4424343758903637 3.2027840195024866 85.93160529693752
-3.385619754819451 5.388018478848968 67.118243412074
-6.126630581755403 -2.586479261545237 -78.48149938456825
5.081799490195926 4.148132175210061 76.41290369228156
3.6725244609338996 4.467340675719431 44.887285831954145
-0.47298616307880437 -6.747019377309913 13.273246457416047
3.449810101901087 -5.369214915375502 -97.34738966691584
5.8942465884127255 2.438848181102725 65.66668845664135
3.365124753194552 -5.229983548495285 57.92953839130042
6.273155436849915 2.316810529025311 -83.2785870500575
-6.036762152149046 -1.5235271057014659 11.474708499325
4.2664094650918925 -4.324800034280614 -66.71173043877793
-5.125403973196966 0.5671712597650568 53.82746757735383
-4.893841017234327 -4.671893800697991 -24.792335714144787
-3.8029133800429027 -0.6199614503697567 -82.36827287386495
-4.379807705835129 5.110242220316734 -14.522649984607037
-1.8467573904350811 -5.841950011282007 36.552480211958006
6.307191648943959 1.370687712821511 1.4593583875098866
0.953023625732934 3.1772113249248948 85.57271021945918
6.040662994749294 2.5306780826214363 4.703243142656424
-3.163585848372712 1.4461254826825292 -67.91144055663358
-2.3776396332398204 -5.579587677652078 15.198817484877882
-5.799732974332684 -2.091778155981118 37.41418434944196
3.840234915431715 -4.746099505131453 40.73116964713777
-2.4508360206995614 6.313293689266319 20.91159206069602
-6.456923358934689 -2.719018104744079 -92.9792501786306
1.1945680624325563 -1.3823388137003547 -67.80998584092467
2.329883989862419 -6.2579509127588855 54.93815629536822
2.1104947107607694 2.941695661974713 0.28202715231171904
0.00892653870784639 3.157872907653465 9.515397835940878
-0.3124702741158449 -3.4903952311725166 66.49530182786121
1.1374401385032733 6.482421562644178 95.65387766378936
3.1315623832932684 -5.946147034733059 -53.06135628030234
5.978744075246585 2.4418529848812285 92.84834402808475
4.270482672932947 -4.835363335786945 -62.25556978094936
-2.851965918364465 -6.3166016409273995 43.10810987226629
-4.840177591010355 3.847790829926323 -37.15032221134128
-4.2683582926292445 4.138899210925491 -84.96810146026672
6.340248828950997 -1.8385513088345988 14.374957730991497
-3.455921492725113 -4.607608770037788 2.7984026378541476
-6.086900914212426 0.21126461711631883 93.66502790514593
6.587668286424481 -1.1569099669359333 -77.45551441100676
-6.432790582415531 1.6841969534826775 -78.78296419440821
-1.5088975619208151 6.312392913016485 49.66446452618724
-5.490953582498007 3.3872984553958028 29.07387636382616
4.380959968474646 0.894350986058895 54.39773040284229
6.563368185271882 0.42046970023558305 8.644563564192804
-4.986538972973813 -0.12858626614331198 -26.67149499192537
4.370783378755954 4.629239590437898 11.588952114801181
-6.250137103984938 1.0512815651243037 23.87675466513672
4.641387711900395 -3.7551935441298308 86.17506484907233
-2.151043056529297 -2.7431238878251385 46.82474055579714
5.090624261024739 3.813609640062209 26.663438458816312
-3.018066417947256 -5.771651491299299 -66.98768583174096
-4.022995115334882 5.002660079112881 47.78138094215879
1.6185003957197983 6.76810126820858 -29.998003657799647
-2.20907114309214 -6.004364683472497 74.58064040188287
-6.392661774177483 1.7209784289084213 -51.594561911048594
6.401157229653168 -1.1242981660109002 -37.26794912364805
-3.097335070064877 5.21061657285245 53.96046667010806
-1.4025284334996968 6.631155631727104 -78.63208274635302
-3.868625655667153 -5.226951545961349 -79.08505882672193
3.1175081984977946 4.89015436213716 -65.42079733121449
-6.095079100958426 -2.3153513708507556 51.548574865379294
6.665207036154615 -0.028481669186144712 11.729156758174886
-5.8817608206105385 2.390661336631561 -64.1264244744666
0.03712514660665213 5.582177332299635 -56.70474831924096
-3.569070614487704 5.079638020363733 -93.8637947651965
3.505398971118761 5.092857314138356 91.11182240143413
-5.727687234066692 1.8961872013643208 11.678006638124758
2.0842950830784006 5.12972653136697 34.638941850543766
-5.306829246370213 3.9169925500987506 -0.034644499694808296
-0.939923968988563 3.722627099428449 -97.99145984519545
6.625169289067113 0.13981578230257408 -2.852122969279229
4.439525745442457 -0.9581805817895531 -66.30206369019729
2.4612025201806436 -5.96221201969018 3.107035977763968
3.2858954743987137 -0.4078404711799887 9.0427243163484
-5.559278460883589 3.657037848181325 24.045735451318183
-5.862697381296932 -3.222344327188113 -58.57158606087843
-5.5000362860979815 -3.6887228572380737 84.079363290907
-2.9296267347801033 5.949047016581964 38.62849094620395
1.6058200740983832 3.1116317143788934 40.35864639749846
5.9020671566146286 -1.6622583017668329 62.54452197802517
0.14886549213421216 6.808253070425543 0.8817285376332193
-5.8902217208150915 -1.2743240169570282 33.90375528440949
-3.3835703190461306 1.688969132624464 24.010408382882794
2.689639846079705 -1.323276629267741 50.76762700217278
-2.3968884156000767 -6.412618051058426 80.02966099895929
2.014136313946122 0.6500156792502683 -25.739965924425093
-0.5001651243027987 1.6496143891726938 -53.18994860354293
5.661450528117839 -3.8284956189992747 -7.685594619183955
-4.159656253251654 -4.409285461209232 -64.56706166453554
-2.772603648319363 -6.262932556039187 -97.89922934663832
-1.0202299502525483 -6.809237297071241 -95.12268680723226
2.4334748027492332 -2.2205542285499966 42.13908673379886
-2.274978505362404 -2.365975553352894 -19.408651172212856
-4.275016284589626 -4.800825145259968 -9.1257708224349
-3.4792909593965566 3.920926213979612 -28.621534938292243
4.561293274652303 -2.7710711822494547 59.1478029965214
4.044839188704789 5.140863675175492 -43.11540630868988
-6.248032286813139 -1.138301329548666 60.57207701225258
2.4798655313100624 -5.1041030768540505 -76.61359417342008
-5.205769047587071 4.150395355995014 84.58096515112229
-1.7599681434282586 6.117793267357077 81.80830326057928
-6.261171323422047 2.2962551727674527 90.73495570202918
-6.597805638868993 -0.944784565801305 71.39407903194113
-3.4995106378578624 -1.6454204376507455 -34.009617863016665
4.091798212685362 4.2926720164311085 -60.65286657333146
0.6253876319074487 5.861546506063379 59.96006846119487
3.0867586863900742 5.684558072012743 -27.498712772252993
-4.11098513628492 -5.0616266715501 54.58253412950353
0.3714058109777672 -6.884307697001976 -67.60026940783337
6.277734668848257 2.5196939926104873 43.36908910913442
-0.9545424715377261 5.692961771724952 -75.27505271714345
0.6222290855610577 5.993460213553252 31.652423238431513
-6.840481605064738 -0.28251200654615993 67.30087116457138
1.327178472775485 6.398393365820305 75.0802032443094
1.1595182186366568 6.3349328197273715 45.295413490055715
-6.456211841632301 1.856042407236832 -87.71797456835327
5.357531951838832 3.4914395774898352 -77.09551728539778
2.4160678923079035 0.8260945655078001 -82.04800119396744
3.4970839352976455 -5.286175004613637 -86.99895637553094
-6.402763750699344 2.2073597045339444 19.739365661959308
-0.571889074115105 -0.9113776057866848 58.59252528074278
2.945440577193336 4.98078975160987 7.121919666479015
-6.5655811902520345 -1.9583813372652636 -85.9257165355314
-4.831333337514447 4.307981045440273 -79.44736379024411
-4.62704408332484 -3.1175697195731553 64.73074686352935
-3.5322949315128653 0.031457960234421156 60.41867992047655
1.03580412675973 -2.2549220121614213 19.908044444530645
-0.9658862142029522 -6.731006744059803 69.18800079967605
3.374653575722257 2.3681821939464163 -62.83424971429876
3.418353343141451 4.913653308830063 57.6076246286891
-5.883142776551866 -3.403392789450744 -4.204002227414714
-5.784441379094407 3.427324182000503 44.745808228513184
1.4553321952295686 1.1873573520506713 24.53347509516842
-2.3506561916970066 3.1633462387249733 -91.54406591657023
-6.154878385237775 -3.0085897819305565 -83.21609356575719
-1.6167320914676462 -5.802717134423092 83.12243837480845
6.262685605800744 1.8808357115305478 95.87481195978107
2.1013796107510205 6.295385932267073 9.935538544753937
2.2234870430300018 2.4645106384011335 82.03953104246892
6.6477102734187525 -0.2484228988378695 56.96009452912173
6.565562437624901 -1.195187494330874 88.36414259410243
4.839429625715096 -4.469788370327562 4.8603063678292076
-0.1880844593910299 -3.4439420235715006 49.84581087891207
0.29211362472633234 -4.5086054031124405 -27.657065252808742
1.4792190331490929 6.626953361555754 -45.41546133056528
-3.489917528669678 -4.525040257541834 -21.241330833988723
4.467107563360949 4.906429929893013 94.07790299878793
2.7012438336250075 -6.146185534257447 -39.6111498221406
-5.520146061814248 -1.7602360292044008 2.748677541814726
1.1515747011521233 6.111408324330345 -41.490549518783844
1.3721628912352581 6.444111748816292 64.59527085379811
0.028423886667062997 -6.500093398943931 61.85164683449174
-6.356884808964529 -1.0112342307899111 -67.11212452322907
3.188597647203239 -1.052286518011388 88.67126680601288
-6.2905719412353625 -0.6608490292401519 -31.16530619233338
-6.725009816592168 -1.0927914409886466 -81.25643293017272
-1.2418640790599293 -3.3039741705874346 57.24834722214201
-0.4313046876128587 -6.316301791139089 -90.47756348505423
-5.130748859952395 4.185400661606633 32.8424335144095
-2.89199192556757 -4.38646636907346 52.230851608355586
5.81258403658113 -0.35520116272405844 66.09204328203943
1.7933078671944136 5.661881034372795 -77.09298750903822
-4.4795927269914975 -2.466664278047622 87.65475198748082
5.548602005708035 3.550345591399548 -16.61671981419394
0.9113183793764409 -6.693584904731661 -60.98909411052865
-1.3256116208830189 6.418985097114196 -29.078646314652147
-3.004344597615772 5.927335517168996 -3.1366138129517633
-3.6048737339247885 5.288904969527253 -21.640581071533425
5.590407757323061 4.020727633405003 88.94294587848263
3.1145109528339487 -5.558666507032638 14.066049996523875
-6.593261944882288 -0.7195501603995421 -43.81461793980148
-0.7214242860670389 4.956506967277446 -81.51420676151288
5.112321706355852 -4.2570636757651945 -0.00039257246405094426
3.57103055967747 -5.357070697376764 84.10184145448545
-6.306657919681537 1.0526114947374356 64.02651470718492
0.4639886937283161 -6.790010893839053 87.71490106091707
6.7366974561583595 0.7891236499813762 -19.725876490539292
-3.598040332995579 -5.662933234399576 -49.954095876631406
-5.097835619974792 -4.488011945305776 -86.61804293179924
2.1666126591756445 0.7920510315922878 65.65107851186802
3.0399454353469286 2.2090665358348045 95.30342812962637
-6.44788718472346 -0.34494115214849136 -12.47189964027641
-3.1855806348599147 -4.55562145995185 -89.34935680623505
-3.986143474407194 -5.080648056946444 -74.68053601555727
-4.812981310617431 -4.454096211384168 57.864209303369094
6.829053306837517 -0.2664435140705312 -23.880058668243592
-6.263532864272057 3.102592005643468 96.29353476428149
1.3185235699962 -6.3245782085931035 -71.23045566343541
-5.480585470840071 -3.832977954024894 80.23426000543392
-2.803229871434561 5.123068855918594 4.013160864087591
6.031063487941014 -2.8136065429364137 -95.33328423608776
0.7985130144392343 6.727847306845856 52.693439462484115
0.35407163449502177 -0.08864022710638883 8.979639810472698
2.9037193716591845 5.361697770196947 68.45312497263353
-1.7809708421941426 -0.43302959622560466 88.47961455791653
6.458049787822742 -0.9490622775797257 93.39519721354309
6.247184318518267 -1.4124101951959662 -42.99058127819409
-3.3044984051124295 -5.751958445066909 70.81873992543345
5.382690804733479 3.9430553071848693 -99.79495238653179
2.539473310858037 -2.6971283087003757 53.856679051257615
-5.228302668794777 4.177883795509768 -10.997558018427648
-5.358112970709884 2.254802588514349 -32.779334122185524
2.4661680707662983 -0.17905801355917017 -48.277765800529046
-0.7385021689201916 6.444038886386236 98.87555601818879
5.304267522106895 -4.217343325329599 91.47631944364956
-3.3336013871782932 -6.081702207892175 -3.721164666025979
1.9841532986747454 -5.6670761421804325 34.30791827637287
-1.4797773250454944 3.136079135530831 6.078935299891259
-0.8576001163923948 -3.391682194311063 22.542983265337437
-4.020616916662976 -2.820187605028383 69.04307757303377
5.618307991334215 -2.0547474313734595 97.94715957485812
-3.836001309231874 -5.470641401405601 10.392488041614692
6.170799160959679 1.280886101300723 74.74516829978784
5.746861527200184 2.3216667471445884 -43.19486983605538
-3.1188199954931957 -1.5003078193825559 -28.65943737848421
-3.7567510626120413 -1.3086404608759192 17.199462448364255
-5.765176558038574 -3.4460981750606083 -28.345851895218477
4.460417737025826 -4.033687811015565 -80.39997263738901
-0.31402138235665855 0.5502859700778395 -87.8946463523045
-0.8958141179614416 6.439715611072484 8.607400529664057
-0.8205786912198968 3.2755945924516703 68.52705480400692
5.527930124117147 -2.4023047438420084 32.613404522894996
-6.068576396973189 2.1562633476272683 74.13544132840813
-3.382274184870043 -5.35764783699193 66.90247252923456
2.2447905029534665 -6.057344884460085 -94.25863119582552
4.128722632870429 -3.5828890450707527 -45.99109957053564
6.324573386776963 -2.4228548242308756 -11.011582565929778
3.649752274671969 5.226183340952115 -12.244315498014448
-0.9980243528744782 -6.579534875062052 -8.749890070307725
4.65748248435162 -1.216266092813086 74.18289679720571
0.99072062326602 -5.795165526518472 -17.79985719074235
1.6764744251587436 6.5147707900910925 -59.047826260326524
1.839949478337845 -6.52471505335555 28.60951988331244
6.396225169618601 -1.3210297552528263 -84.98901419180369
-5.955753977719735 -1.957379307736435 75.83276844887412
-0.4543803729415422 -6.546909197558663 96.39858413418936
1.7278435644917756 2.510805966978427 -56.75784418161411
-3.3063375240751944 5.756464165085315 -77.00385979300782
-0.07403280946422441 -3.268077566757058 -30.438048420840644
2.296738418972943 1.7722690134810077 70.24217038695318
2.9953975655618756 -5.484709539948927 -90.81754106205972
-1.7441946600574774 -4.310190648654146 -57.31998689566533
5.415703078143319 -3.5805785421069087 65.89363337930982
6.2487647445321155 -2.152249433636016 -53.74887580547402
3.822807102662794 -5.31706596601453 76.18887158505332
-3.0133941512126325 0.626264104461556 -60.79087577838761
-5.598318195372523 -3.8521242667362023 40.71235642935286
-2.708174253377273 -5.500739855598818 -53.67448190864597
-4.418511142663809 1.8186785770700191 -48.29406635094376
-1.7276590579973596 -6.51988428785058 31.236803088382644
0.6457329984656229 -6.771811920396261 42.3143853324404
-2.3348110218292573 -1.7740418203490549 19.715874305671967
5.998772014844368 -2.888615430744967 -92.13169646241339
3.1014472778924485 5.925328967084953 -1.447536347894919
3.145759718939138 -6.00402787791747 79.66355700820776
1.2216678958976617 -6.321924242720479 66.49110734732413
6.662907083666987 0.6197003721777218 -68.47678735305648
3.05873278754235 -2.2130882091920845 47.11398189192447
1.0500501787680665 -6.522079447949169 6.7888430428665
5.549155162701764 -3.4736641143554325 11.47594576039601
6.208265208230608 -1.4257851741746546 0.17895272480346125
1.1937285351252493 6.558360693737852 -63.77446575434726
-2.6956975898999853 5.98874322030066 14.883407738976429
-1.5798233736050982 6.000931500036624 74.38673545826421
-0.2811756397877406 6.497744444506393 67.56467623671719
4.856984843293068 -4.40150238888272 99.5976100653819
3.5563199718609724 3.448385654046999 -30.31956976712053
3.3913526753755288 -1.0763862408951266 -51.1777417978173
3.160438726658655 2.1663850689691766 -18.50546788998832
-0.46801128636640643 -3.6559583011133516 -34.18686782122845
3.3101833255023174 -5.996846413495843 -19.874918398816654
-5.420955128348303 -3.5213008020825973 18.589745458006597
3.385556392594262 -5.895176116324935 -2.260151312969219
-1.5145673087178837 6.2734587510521385 70.73938403049334
-2.5284500231660876 -4.168667132132836 96.74504867385043
-1.0774168686361916 -3.6655292436007576 89.90430852125067
2.8459592795256117 -0.39071473842868387 -56.028781859342864
-4.6735797019642655 4.688856888667825 -51.589410530487754
6.786306385805228 -0.021099446251802986 84.71878741700587
-2.4943525518207337 2.402510562025495 50.63771378001397
-3.623796826708702 0.5535282227053883 98.28378503153012
-4.659934817437969 4.700578938963827 -66.19992725731254
5.805773521102 -3.2614212272826903 -3.907433687685838
-0.9414390131028897 -0.18256195086859967 48.79153969027898
-5.508496930539897 2.1361048333275794 -19.213679815300218
3.6036497399174072 -5.5515241339086625 9.35642099358915
6.5326285597721645 0.031100662334329315 -89.3744886992934
-6.018190327460764 0.12046499809466904 -58.88980718641048
6.658046736730797 1.2934349951655255 90.2199837295095
4.7020834354316925 4.6527462094586935 -23.5739228506324
-6.097848732856132 2.209426957576575 50.90974962718714
5.5500420155139025 -3.3052970646045705 53.471008252399216
-6.582745708181626 0.22474519333163523 30.725115640961782
4.335536615673179 -3.4393674249504183 -70.5342299543751
1.5503884986864904 6.349248604031298 -70.39064645770073
-0.7792798895407926 -6.602852724715552 -14.654401493892202
0.48323424589862074 6.705299046446671 -93.11763968706582
2.456896989720006 1.8225900075697292 -73.56715402830673
-6.420105717915863 -0.3939755970741486 -36.30249255327352
3.818000431903151 -4.834752142475816 62.14030315975159
-3.3008465032921026 4.639852176373987 -34.28317998287881
-3.683903010919006 5.181130663941059 61.072711246169085
-3.8184334044330956 -4.699517106231248 -17.374183805425236
-5.82522264626644 -3.695701798527853 9.253457317065255
-5.962886817455996 -2.6933398978844947 -38.403735559137395
-5.336732292944291 -3.591895737748633 14.256153117530456
-4.254922857738164 3.708123859260626 21.612751232155183
4.3082137042028865 5.271781618488491 4.317384812890121
-5.89537262263438 -2.0077532008300203 -88.97080597908858
6.782088684778008 -0.9059190321193581 -81.7625628317855
5.561914994068292 -3.513801075311751 21.432571197638804
0.3349129733097351 -6.266425833744285 -98.73357018359853
-6.871016130447846 -0.3949422164556464 97.26527610517974
-3.0955776417956886 -0.2893074346640579 -9.373828057013617
0.1796846454968798 6.440337833258911 -11.072786317065853
-6.257888678829363 2.118915489587378 -98.93367832023122
6.265640003931313 2.7241533201789077 81.74636457141091
-6.855255640345143 0.12238615038343131 -40.78254954671748
1.0640668668613458 -0.6420555762459772 -35.83987254307841
-6.700408820713975 0.7395504157567476 -85.12869741803429
-3.3634335773004347 5.614378060829405 6.77043030700831
6.6317886081956985 0.1824973231814414 28.603729069884825
-5.853647049564542 2.6442865456294267 5.319013488931281
-3.478326274752544 5.6507656850003185 89.01408406571457
0.3969982693358686 6.366849709932082 17.536119987189046
-3.315458794641608 -5.98100401831859 28.643554825065713
-0.6120298489843479 -6.605910588364425 -5.377997932015038
-3.244278751185182 -4.35830722572832 33.61179011165327
-3.11897093653831 -5.855880644094785 -27.135545101649413
-4.858890594579685 2.8033446547143006 -57.22523055148248
-6.395224452493324 -1.7315171446087265 -46.836324669140424
3.8541587103104313 0.44660344016740217 -32.68104405709517
-2.8044882008225795 -5.825084462536065 46.537144730675564
5.62237481069738 -3.128780531301036 44.59601046852567
0.39866617569657603 1.4003773067792968 -50.299303279779984
-5.776903884623106 -0.10229649523509185 27.465170031794734
-1.3345299957400452 -1.5136170908852433 52.28028417102997
-2.1452309149920143 -6.517282120899933 4.751789490184115
1.5467348447496587 -6.575539651764627 -23.1832649790158
4.528602001965912 4.755189487665477 83.95982187959963
-0.8617871894731806 6.732073703565687 62.52891310656375
-6.822089499158975 0.05494816880618031 78.74093223007827
-6.1319735955432675 1.4775436446115295 81.62090743285795
-4.235139358791885 4.691026102340627 79.16357895810657
3.1665369450416256 -5.17663042397462 -58.85760046697628
6.657772452785306 1.3383734059995382 -35.14210452154323
0.6772855926461021 5.982181489478396 -50.66115872626982
-6.140426683669753 -1.38398874335203 90.04832210805216
0.1646065421062384 -3.6772624810902133 77.75072446781967
-4.478499100645603 -4.76704538139971 89.61682292028603
-4.039657781990773 5.168373100341805 -31.311175401030937
-0.7605028776318797 -6.264289614875644 9.939510649498215
3.132056764472496 -2.887960075407818 2.391512451313993
2.1272664355049113 6.486803244929557 85.75921963732854
4.636999165112356 5.00115752793969 -91.63002841015616
-5.355234861612153 -4.056829585937963 -69.00097135957684
0.26187918297678614 -6.966763150241663 -83.81989381824776
0.5248116976503423 -5.16642676058373 81.17098514154357
-2.2808106226090534 -5.265389356325291 92.8402410945876
-2.29631271949784 1.422288486496588 -79.1086526761709
6.158966634716514 -0.5408486849236664 -29.581431892465233
3.9646471615532004 3.3026267942344663 -45.980186085544496
-6.373833798743264 -1.0317794305300498 -97.93621397714513
2.1855907931362757 -6.21377502383316 -65.11545358248966
-3.956638510762799 -4.541994867464088 -34.75682437017338
4.947135558324738 3.9723859943943594 -33.30123567141463
-6.395880433572892 1.7007317720020942 57.567729353335565
-6.496103994506063 0.5266919025997493 -0.22183987246369546
6.060307193445805 1.8089250715581229 -26.465131360063506
-1.5327045267719255 6.260962126993597 -25.132397891506947
-5.457584264364204 -3.928143425605623 -99.27662340063306
2.7416315066913435 -3.1026204122492 -6.612319223451526
2.2427216751126546 -1.1124602962927366 38.434471330587144
-0.6676653672084689 6.569522804076086 -47.81582455759048
-6.188157768644384 2.283411422067882 70.780374917091
-3.064060637523437 -5.913639530597825 49.57896086819467
-0.6057199256289991 6.458494286311227 57.0224478024568
1.505894219807106 6.254688833433425 -85.86494142754803
-0.678751353258312 -3.6828653739230095 -96.66201480117624
-4.454145562578065 4.700629006228416 -88.19270028634254
-2.154202602561913 3.071526514833038 -58.1605934985051
5.678629923911811 3.52218400748181 23.589934607348138
6.130188858026081 1.2704341995080441 -96.79032862305688
0.4572859113207086 -0.3684730488597364 96.92066373716786
-5.688922550698948 -2.53512557001912 -71.80913213704675
5.026479615323901 -0.9682187805569156 4.415725985419736
3.123556129741368 -5.727509381239308 44.616423868880645
4.920354185553496 4.299412337708437 -49.34877469480283
-4.227913221125115 -5.054747880206572 77.24036590807704
-1.6254246290745669 -2.716437844749689 4.722518062920522
4.260509296814798 -5.106035876290408 -32.37369919543499
6.3557168287821915 1.8634286557530189 -39.09660723552202
2.9927271896026575 5.8471313083043395 -15.665536574450357
6.422347561245121 1.8295526194337515 -55.62950892432513
-6.410440139433442 -1.0004284266058812 21.554588396767066
-2.3768360789316145 5.806051190562808 31.356846476944213
2.2201655302038596 6.289278817525869 28.62488501460405
-3.269588729734179 -0.5769570263742891 0.14430930840244244
-2.452522258421397 6.252893207453464 -63.75359873626196
6.109273361851774 -1.9942217969027805 69.03102287816341
-6.750469397500653 0.8632454084773714 -3.8121892842480603
1.1139373767263716 -4.587811580945317 -50.450083073316186
-6.63163407576729 0.2040557592075204 14.594399825843295
-4.291923218857753 -4.647053611406791 -42.55171452100828
-3.2795481065273515 1.7709285898123044 39.46386245999345
-0.28599458848028747 -6.519161369161926 53.50672199085757
-6.100146014065355 -2.393869937486775 24.548023919155053
3.9486165061774394 5.081895583539873 65.03397949486741
3.8606049590358777 -4.709488488205453 -83.9122327488675
-0.7135889855685764 -3.397174346133947 7.785030703422376
3.656513766360229 -5.0362872678657835 37.74599472373304
0.4155467888411058 -6.26261107760321 49.82604991847285
-6.0437818933082355 -2.5225097542959145 -50.20089369812589
6.27233437828555 1.0222731290333413 15.270801582651576
-6.808049241153876 -1.2247503476999062 47.87173242132064
