-0.7205758305005927 1.5497227855894031 -36.859478806468
3.381342449710398 1.1340326968611831 -85.00958574787698
-5.451404735882688 -3.331773135164052 95.74319391798402
0.41525620980483646 6.658605908519267 -5.26151021783144
4.825466940186211 -3.247819512634712 24.53670179487355
2.5146979540121634 -5.174060059214919 47.72644557848768
4.2672604278701955 -4.9995262605842195 50.62852979103293
-0.6146085029284266 -2.469930346360755 -93.8433980190609
6.315886926270489 1.5028090336853857 46.52310275436197
0.24113107694795877 4.072021588639519 88.74337032280795
-6.170908027769883 2.0672382465917893 -7.979843079515728
-5.575619290877362 3.469438067606554 -40.21540872228144
4.881512717455252 -3.5992708141398255 -29.587388176346884
5.354493520518336 2.129022073463093 86.6845685728432
2.2451188077410458 5.765363789769368 71.56034554727435
-2.755654347134761 3.6361680353159156 95.13332602727083
6.450943446454286 1.6018399857791845 37.21248548208039
-5.300012098045168 4.147881186293056 15.961001214896122
-4.961462897384942 -4.028641058629067 72.7246000613485
5.847496441925401 -1.8797357377001798 -74.22558955034656
-4.194211596438985 4.993835300454399 72.56783765543862
-2.5841191293679637 -1.6040312106758023 -91.30906732908302
6.5906107108955965 -1.1369132299986626 79.31373412042261
3.555520244752368 0.429622974011672 98.16644707814774
-1.1419119931069326 -6.410126494292234 23.121479822126886
-0.9537858925204709 -6.431473656788713 -72.69802477400792
-0.89642221850854 6.0663644885839085 78.72110099009531
-1.3689083898379646 1.2831933676248446 0.883812287631465
5.6716738824022315 3.367394377061061 9.335131157507249
5.222095798393678 3.9091545016055353 -0.43671141934466395
2.698831458363525 6.020865431194244 -55.42796222724124
-0.3881413275493131 -3.811728247856271 94.42207571830326
-1.9351037710907726 6.203531367039765 -90.36635377444908
4.0331267245744264 3.951189535520463 -88.10399184443537
-0.822228141563949 5.765218046372383 28.034868828297224
-2.966875952404948 5.3114767468965 43.41066851885308
4.96683012012289 4.390983144053093 -53.629667994781876
0.585262358334226 0.3418786586166205 -31.32448888998438
-6.626445293670631 0.37245257494345785 -23.118659736075696
5.087507137957759 -4.13553160782301 -24.36903162578049
4.590398351542297 5.070844873458406 -40.163884359441454
-2.56770941773772 5.771877109272749 -50.00435487326961
6.3187266214064755 -0.8193238021447278 34.86709653595389
-4.9214387459937505 -4.37537535442915 -31.634785319012455
-1.5334801140747867 -1.9822378730474508 73.75835040570603
-5.830983142166002 -3.023276229846104 27.16887455842281
5.482260012852329 1.334910710665369 -51.1440058537614
-6.627597767686557 1.5720062362354954 -54.515985691162214
6.31749437584586 1.0231658931130783 -63.61668481179855
-1.5283894764192563 1.4551009819470144 30.29697102827059
6.127692187533682 1.409946782128786 -72.69237930465475
-3.361343028039344 4.977640817937968 -44.4219662894435
-1.8064114337204844 -6.516122949650354 -11.637975729570778
-6.251353747053273 2.867539174488925 -68.89908626723964
-1.3309417208697143 6.286246482283245 86.44297316657074
-4.934905203673963 3.727922280542586 64.9678631995292
3.683622070876427 0.057094603114248306 -41.43793945610147
-2.607373972799839 -6.135181409239165 -83.95853820387396
-2.429804977231987 1.8543997720264702 63.954042048889185
-1.8408893636278103 0.978685880377655 83.09050921385703
2.873265127748367 0.4260912859717626 -94.62784191617152
1.302773679608981 -6.765244477810768 -42.669850417519974
3.9235491991316938 -1.7761492110884973 -20.809803226721044
6.593203512196221 1.6238279945403113 -32.0115673795347
4.265606220589378 -1.2042352634456992 -15.559411271968646
5.859388342376051 -3.3185728676190323 -57.76702428471305
3.3598339189137687 5.798952053722629 -68.23668108810823
1.9090597573650547 3.544920100480074 -91.93825604261943
1.3713363505095324 6.306590695403169 -81.51252305040086
-3.9925131664555042 -3.6879213687204238 5.875164914641651
-6.2128624501739536 -2.0588607248569186 55.18149877963019
4.890575226791148 -4.7215958010262336 -35.677435050131955
4.2053230202071346 -3.9581643532266444 16.994281897040647
-2.1697122322940556 -6.083778342634491 -33.05026786732313
-6.359718024681795 1.4096357888831479 41.054364033730685
-0.25865247316621176 -3.731443297301188 -65.20349488344792
2.3672038014268892 4.0350247110249935 49.19150305875651
-1.277685150656162 3.232970401289888 18.344948838951204
-1.339842966654335 -6.723072397575656 -1.1490157699526087
5.568123249091999 -0.8345768418262958 43.2180754089178
-4.798847605772981 -0.6410526772885697 8.670559895613655
3.348485174968779 -5.233479393383952 -14.010866035239443
-2.543069471724137 2.562165287459916 86.60412504099668
-3.385619754819451 5.388018478848968 67.118243412074
-6.126630581755403 -2.586479261545237 -78.48149938456825
4.587631129805619 5.2173800260495256 74.22714491133281
3.5451081069907726 4.200687500082267 45.089508994970615
-0.47298616307880437 -6.747019377309913 13.273246457416047
4.371969615438482 -5.159019985361736 -96.99582351223407
6.0782927641823665 2.6267155802651576 65.4125763773915
4.558863208620739 -5.045712156077151 57.76566709228575
6.5814858898436706 1.957320831036623 -83.33757660248833
-5.96380864421586 -1.1389671555484153 11.456623919079748
4.2664094650918925 -4.324800034280614 -66.71173043877793
-4.413035955556942 0.6802680992116247 53.681773172399204
-4.464506697089596 -4.503989140767801 -24.057198118448763
-3.720906082891318 -0.5385230183962593 -83.06485875357774
-4.379807705835129 5.110242220316734 -14.522649984607037
-1.9896861198092954 -5.556182946284488 36.58509599393101
6.306139546094916 1.424609599753235 1.397229903689245
0.9629066295589365 3.201328946184691 85.59407732438518
6.241430514715513 2.4791775461022048 4.544738143876404
-3.43958465074214 1.09908937850963 -67.90225966572031
-2.5512300103247947 -5.1323004354080215 15.57886304330743
-5.893343225876212 -2.031371934403065 37.573488894978766
4.38738070346408 -5.293671801491751 40.709598969004745
-2.08860527529195 6.198216344033477 21.088549002362797
-5.821845767229859 -2.6992595848404695 -92.15978599692416
0.25212662015500964 -0.5824103962521843 -68.3428553091372
2.283059701276875 -5.903387457056644 55.29984644249333
1.8253237159159237 2.8224644897754914 0.6273812745955836
-1.417191693006382 3.1258135087204506 9.141852412507648
-0.20100046106488423 -3.3723243667090412 66.65124892798943
1.1076772316602939 6.3486510915635845 95.57432052138113
3.1652106154349746 -5.921003500262294 -52.80157243269569
6.173796965822263 2.628406081521833 92.86432243337167
4.208815487974972 -5.264049743634059 -62.476375727227534
-3.223017771783343 -5.5657591487926465 42.98852621582922
-5.102851453222147 3.9964642488306383 -36.74297035403191
-2.6385705095816285 4.632386721324108 -85.02248224760444
6.304430074653861 -1.7716892779080524 14.44406696620682
-3.5166411446310937 -4.667459474345104 2.8490014675206856
-5.186569484903086 -0.6066429107260228 93.31553297775119
6.439160702648936 -1.11454349327775 -77.80083721120346
-5.8419670304185995 0.9278151671954623 -79.0041138162165
-1.6092497826016152 6.207100163524045 49.641789778119225
-5.3602965256848965 3.651461306081031 29.24258195872758
4.973291749753524 2.0123258139384044 54.458815044508455
6.557326962810305 0.4263391172746977 8.651024034197857
-6.064221361312515 -1.9972111532696621 -25.603863614087185
4.307659820034554 4.937856998286763 11.275043669176949
-6.322804296425091 0.9215236934217979 23.845137351640176
5.258324165718029 -4.107198310640121 86.58450543541673
-0.9813596388324952 -2.2869916095703173 44.62271417908376
4.763665605699343 4.484418407118795 26.50225455436239
-3.114242164869812 -5.668513954688747 -66.80516309941441
-4.276084285506761 4.510192325717753 48.05928169174869
0.9327857212570053 6.535469463971303 -30.1104525387432
-2.106651817353414 -6.4680152836901925 74.29761000782365
-6.36173605015497 1.7270042412891637 -51.608168464648436
6.401157229653168 -1.1242981660109002 -37.26794912364805
-3.1918071471843943 5.8914269516979845 54.44236782580391
-1.4025284334996968 6.631155631727104 -78.63208274635302
-3.868625655667153 -5.226951545961349 -79.08505882672193
3.1577508520333355 4.870468798116077 -65.40393700659087
-6.337547946906628 -2.179321731548893 51.35042046169184
6.665702571066814 -0.057853276334552145 11.776567297775555
-5.813716174139311 2.3616597867837585 -64.50851528290654
-0.41348283597717894 5.624535171133739 -56.92335764351932
-4.075601662795797 5.500622643964056 -94.65220461629733
3.550807032051008 5.274977719020013 90.96911244279485
-6.287844513749035 2.246783374412629 11.281048915692343
1.9890296444742812 5.45461013648812 34.65755636033373
-4.981463920379609 3.9716388731193675 1.1866844022407925
-2.919032092651002 2.6632197022657063 -99.86282880384655
6.628136689968164 0.2866037833992538 -2.7503937338678246
4.609972417764672 -1.4821404469596904 -65.58801727162145
2.402342162568928 -6.040081106043088 3.079969290104053
3.3170512910867513 -0.6404468476234242 9.35958379490801
-5.549626409298067 3.6547952243730375 24.070828700153367
-5.816867238168742 -3.2882237855183605 -58.62850584861133
-5.467662011131432 -3.647397980112252 84.01842395651114
-2.7269247987675764 5.650356919432847 38.77396857253361
3.495886830481588 3.073067053284692 40.2941010797349
5.951751972209802 -1.5483856992454788 62.64566677668719
0.08444584944845504 6.670766485428434 -0.36331062631409994
-5.7310669203412985 -1.164641520129754 34.0983045055469
-3.067387993652809 0.9779644251577244 23.91406156317294
2.060024462710839 -1.231737387340818 51.24388714421298
-2.6371818287557836 -6.037079284248638 80.16936706463096
3.0389190930949215 1.7266644462804857 -26.304519799681625
-2.0136616384980983 0.9035926492930669 -54.6669258003614
5.617315342882536 -3.841174600716632 -7.683703766456403
-3.6439668693004807 -5.420697002111603 -63.46599279139416
-2.3272139184835807 -6.3854670518649215 -98.1103816980087
-1.1593091426242959 -6.382821812218374 -95.4361849502221
2.9246423162941872 -2.2983922284464122 41.89926351983861
-2.4808495410435913 -1.1336809693203884 -18.614885420455767
-4.507472272388615 -4.76205912526473 -9.34292501836547
-3.2654432827142497 3.972867443048086 -28.611975110183273
3.0255494193754116 -2.291182259968091 58.434571164241724
4.044839188704789 5.140863675175492 -43.11540630868988
-6.028200044331729 -0.9008583871796506 60.79081474164836
-0.5837231010668567 -6.486675614838018 -75.99972923020411
-5.376707207293166 3.518982536924396 84.01689905798564
-1.7708361311847103 6.140535309338252 81.76064533486928
-6.46446852069345 2.2276371283212764 89.91673547232153
-6.175356254994762 -0.8849071703506378 71.54948145515722
-3.3944870692065336 -1.6902205643022727 -34.231108151412506
4.192669160097218 4.282914285488939 -60.67273786440557
1.3768665125906914 5.330631927810477 60.223100756798544
3.108464908157811 5.7381974340035455 -27.471330648762795
-4.11098513628492 -5.0616266715501 54.58253412950353
-0.088464832197309 -6.2351305435600715 -67.14735893977712
6.210405504886357 2.8672942500610743 43.631406026312355
-1.1814018191837745 6.449077410988385 -75.39541746758965
0.45061589291631793 6.654625470948625 31.115037538237598
-6.7922033929578 -0.4887054534874451 67.40180546412215
1.7871378125990176 6.296540588483943 74.92798151105292
-0.6950963961815055 6.3485536629803345 45.49715848642828
-5.99803214523185 2.0910137089458574 -87.87867237062636
6.266512697391634 2.7769601228164063 -77.8267327739734
0.4093086915805704 2.2349811891803397 -83.76931124630644
3.39309329026873 -5.709313467817899 -87.18217294473702
-6.24783543142164 2.4310335400633196 19.692588086223594
0.08690443757060837 -1.182981186432452 60.4241241328825
3.0558892733856355 5.40191547003299 7.356883315070596
-6.61791035457959 -1.9521222537688274 -86.05876934415595
-5.10046374993954 3.9952914067784797 -79.34401746594062
-5.758410883373831 -2.5826803840851973 65.0590950622123
-3.630958685695891 -0.10478580493619273 59.49023703978546
1.1134399992594948 -1.1924732864946574 20.56004789772025
-1.3326484396962028 -6.47554165724465 69.0283358952464
3.551157815241349 2.72088215905188 -62.83421146835765
3.239356606309663 5.403271770415969 57.725021933891114
-5.587990463863875 -3.3052154467598447 -4.3976709135490255
-5.9037172346228335 3.259401729189361 45.074826573363715
1.7947216146142775 0.39549912948697286 24.30792773019406
-1.2695896978387695 3.3544308761433976 -91.69983551923708
-4.646036034309189 -3.9418665824235184 -83.31600004635406
-2.475756547461171 -5.924639762247774 83.15850815573278
5.997673192616909 1.7263209511522715 95.76502878369982
1.6888216002540941 5.611330684449173 9.767995775251059
2.2986521220599876 0.8934724768309736 78.36348848761953
6.8153139360136645 -1.009109672468501 59.66471895258737
6.277821125806163 -1.3198041517881185 88.57067404905445
4.725720279509212 -4.71780499166875 4.7726863452713815
0.6471362426927186 -3.426105025119452 48.681055689482044
0.6965071618405432 -4.136203117917657 -27.213348051620425
1.321891773041246 6.554988763633256 -45.7883086554638
-3.8969868970227353 -4.148492800729051 -20.216084011876305
4.467107563360949 4.906429929893013 94.07790299878793
2.252894761921333 -6.284696362683159 -39.814247230358404
-5.127445719508404 -1.5915788483793283 2.8081532666762214
1.90917032671209 6.333880212647269 -41.369995370390605
1.4043647137587643 6.273044435789974 64.44928701018524
-0.04536461420151064 -6.5357772523726245 61.90872079340862
-6.131462907152107 0.49143568312350694 -66.78578209470082
2.6263381990618004 -0.20451577563575252 88.41591058176687
-6.671494490483452 -0.1591903418550774 -31.161297653713113
-6.725009816592168 -1.0927914409886466 -81.25643293017272
-0.798181583874557 -3.5339763557236044 56.044077652286056
-0.3775817957291103 -6.540894191948139 -90.67110229037134
-5.130748859952395 4.185400661606633 32.8424335144095
-1.7368727878158166 -4.413409849038047 51.98355819347552
6.30922240504122 -0.37478368396578915 65.93887940952379
2.095012694503156 5.7052801914544355 -76.51160934488037
-3.943412521577285 -2.0702733295820814 87.44099768142017
5.14421087496593 3.5696239760009045 -16.198972743079928
0.9113183793764409 -6.693584904731661 -60.98909411052865
-1.6032341444848692 6.516774134147628 -28.3737323794553
-3.162744200039252 5.632191963134827 -2.4768638814624477
-3.353606374005362 5.313654796208656 -21.696647675917514
5.590407757323061 4.020727633405003 88.94294587848263
2.9916988112862017 -5.812720059581401 14.38621364162818
-6.599205658316774 -0.7190271168560632 -43.810929721960186
-1.2646044945396524 4.837063571342385 -81.28837357090931
5.021625346134192 -4.313572142507615 0.01540128965930463
3.5961521653322377 -5.318062816031191 84.13170949108245
-6.3804612610439255 1.030446127857924 64.05890648437972
0.6845750829665834 -6.501610196116241 87.71765241988886
6.758014382456444 0.29655840059800537 -20.236321469992028
-1.5783223248786826 -6.247191421975328 -50.82249731506091
-5.090939734292305 -4.523133321968758 -86.45210342272922
1.607537494176323 0.9532789633553351 65.92125492379128
2.5364113225047276 2.235142277748003 95.09968302772808
-5.457499441355461 1.313408600738649 -13.757211234951507
-3.1647752985045363 -4.615390351967157 -89.35721243702992
-3.8917648249573142 -5.085596042100894 -74.93290065221169
-4.812981310617431 -4.454096211384168 57.864209303369094
6.895972451554257 -0.23543263455823488 -23.858664648079063
-5.555627066253805 3.1700436658496804 96.15898233932239
1.3185235699962 -6.3245782085931035 -71.23045566343541
-5.253159341074214 -3.8781729224938015 80.32563037268822
-3.2030837314999734 5.126355675534623 3.4119354646379123
6.19678477042326 -2.17036109004513 -95.47765961791168
0.5166472561549862 6.316337500172171 52.487671530006196
0.16485295110071221 0.09283955676130792 8.946959812469995
2.8487208556970995 5.3624811050465215 68.43315449510352
-1.4246863662827498 -0.47075589381792077 88.45082801569959
6.207758670187145 -0.941030262255756 93.46931514456683
6.437650577650762 -2.1546945133018016 -42.519567398718095
-3.120573198158795 -5.9507853286169095 70.9927623299391
5.223210855726925 4.416774367014197 99.89259811263969
2.6582316549223823 -3.328323104602334 53.13487799953664
-5.228302668794777 4.177883795509768 -10.997558018427648
-5.750254822387864 2.049123450963451 -33.15518222665957
4.859428935133989 0.5675927940483267 -47.95087884345015
-0.7385021689201916 6.444038886386236 98.87555601818879
5.304267522106895 -4.217343325329599 91.47631944364956
-3.3336013871782932 -6.081702207892175 -3.721164666025979
1.536765126645028 -6.228404902526362 32.73175887161338
-1.4077841878758675 2.0413982710247103 6.477983236852368
-0.950285190773019 -3.3249207773814695 22.655511086854332
-4.096082858962053 -2.6062401122831527 69.31590346824639
5.488596383091264 -2.067079601327235 97.80742425364667
-3.301755078307539 -5.010583890062586 11.15262242694801
5.489002064891089 1.9086251758678425 75.39878647079486
6.381102412723802 1.9057028465191914 -42.19653926292175
-3.44784762604466 -1.4618269759404734 -28.43696826623168
-3.9389204413450574 -1.2617388175609254 17.268623276510212
-5.765176558038574 -3.4460981750606083 -28.345851895218477
4.791757756412364 -4.455943228026467 -80.24663226498704
0.8541038193999824 -0.9522896079628488 -90.00238991897157
-1.0398475155192024 6.751312426566808 9.478989424194037
-0.3693163890186922 3.369797907306251 68.5529259426206
5.525279030721796 -2.3998336006042793 32.613746938555
-6.068576396973189 2.1562633476272683 74.13544132840813
-3.7424382017815643 -5.045289974340931 67.04830870841135
2.1439774039704957 -6.404978436052063 -94.3657395414781
5.139280857895571 -1.7965256672595453 -45.48571028251619
6.252869020401714 -2.5236889088247976 -10.659349579580011
3.5678495697774535 5.736238397264965 -12.14671785525319
-1.3765028896835116 -6.153905561491682 -8.630734889749208
4.999872392833592 -1.518148477029748 74.27751860589353
1.189551631123825 -6.745004051711044 -17.825278074208082
1.5460862332155147 6.329719829873267 -59.02052535243699
1.839949478337845 -6.52471505335555 28.60951988331244
6.44012324704098 -1.5398172128494274 -84.77827535590704
-5.866994029041905 -1.8462037982771295 75.39069218299726
-0.3832916938196739 -6.397047516084192 96.34475629264682
1.683428524357619 2.5817365200922535 -56.753941220484656
-3.3733191743672735 5.799379757702668 -76.96601933015714
0.6389470880593231 -2.6653225186451226 -30.1924563758895
2.2172526959378236 1.9288576479234878 69.75396123882302
2.9248812054074653 -5.788819434434481 -90.6485930808219
0.4303705552870885 -3.3757525111886153 -58.16904856510335
5.415703078143319 -3.5805785421069087 65.89363337930982
6.264131388254449 -2.064217735369022 -53.73957290781889
3.822807102662794 -5.31706596601453 76.18887158505332
-2.390195571696915 0.2587937802301988 -59.807019594752944
-5.481555515121328 -3.6576622330932 40.802822543377815
-3.2469264410560905 -5.694672368370814 -53.866451819101854
-4.471955860321888 1.8370830800700868 -48.47315601723408
-1.9673705624041484 -6.316597324080007 31.696982232578286
0.264575205350128 -6.816127842871602 42.643974344467864
-2.4463154525934074 -1.5651647442496464 19.577676769132598
5.998772014844368 -2.888615430744967 -92.13169646241339
3.2773303655033468 6.065499716533846 -0.888618535938209
3.1824018562357193 -6.035293364588573 79.63250504219414
1.4656723837191652 -6.276390412790274 66.5845637034006
6.662907083666987 0.6197003721777218 -68.47678735305648
3.1872426189489946 -2.3098684431166356 47.024205785717584
1.1268991806050324 -6.547146362993801 6.849931045713229
5.316052971413734 -3.677347652485003 11.64513291896391
6.208265208230608 -1.4257851741746546 0.17895272480346125
1.0063745706295588 6.468979767670434 -63.92338434419157
-2.6469522761109725 5.876763065782872 14.95871129555503
-1.8809284445656382 6.379049153063623 74.27385734421874
-0.2811756397877406 6.497744444506393 67.56467623671719
4.648357893093535 -4.746810603068668 99.1744811471772
2.3953732356811104 3.2558387456594478 -30.312043153646275
2.255061631166038 -1.7445982411869339 -51.65796041957661
3.074569476359385 3.4200350079617072 -18.99102923910317
-0.4280975492470205 -3.629284047546223 -34.304528284267064
2.7592841534674886 -5.86806125245269 -20.408758432077956
-5.420955128348303 -3.5213008020825973 18.589745458006597
3.385556392594262 -5.895176116324935 -2.260151312969219
-1.5145673087178837 6.2734587510521385 70.73938403049334
-3.003407963005374 -4.284383274334624 97.21106093545127
-1.0774168686361916 -3.6655292436007576 89.90430852125067
2.4863048980026 -0.4052738651015458 -55.30876555112786
-4.756374586695074 4.271086491511623 -51.792808797268634
6.786306385805228 -0.021099446251802986 84.71878741700587
-3.1242598200327896 2.534546378364612 51.003729508338346
-4.150916794262356 1.1190241682443425 97.9754769347439
-4.660827678262812 4.704462892603945 -66.1940554718834
5.481297731447338 -2.5365242212264394 -5.009764997662155
-1.4776050484855707 -0.454026669667686 48.094555605501284
-5.714348796899424 1.7975578147856348 -17.931526488293976
2.8891685861936507 -5.713837145779304 11.05206986299637
6.691452487489083 0.7447173199312019 -89.48649047656176
-6.187943226719874 0.16270926472282712 -58.79979360320003
6.658046736730797 1.2934349951655255 90.2199837295095
4.716894010128148 4.658153611112104 -24.989331020024938
-6.097848732856132 2.209426957576575 50.90974962718714
5.588914896489681 -3.5353973979262117 53.48380582436379
-6.477332176656843 0.12757329968324307 30.861708536747454
5.016530299927382 -3.4603916632683736 -70.47798228137269
1.3593232737288699 6.70897035705603 -70.53578944854655
0.6351677808323766 -6.6760282955623085 -14.93925121278047
0.4338048422923045 6.5686925900027315 -93.1226327150292
1.8664006005622347 3.567980636129972 -74.38829372187084
-6.582677407795348 -0.4667719399280187 -36.281022839612405
3.9345029453390996 -5.476565017420316 61.963715425729966
-3.3986755135144704 4.696447223774507 -34.26216526574105
-3.1182987498621193 5.662154055229807 60.33968099451599
-5.25429689849236 -3.8829346052021454 -14.608478194561231
-5.849725441238533 -3.473132426401867 9.32999923129118
-5.623491682320517 -2.4947264425837656 -38.67031754214649
-5.543872133482247 -3.6560007367728184 13.77443082399319
-4.195742164426015 4.0051477384539425 21.04178195344265
4.278202506534173 5.197182812421603 4.3246392582279105
-5.811796018559714 -2.027240610367668 -89.11454885448265
6.782088684778008 -0.9059190321193581 -81.7625628317855
5.561914994068292 -3.513801075311751 21.432571197638804
1.0568014406038388 -6.10209211791635 -98.55307377508576
-6.6175117552861815 0.08828059418378853 96.81314799918601
-3.112184631104178 -1.2175007660584813 -8.837297981247728
0.1647487070462662 6.323774215263192 -11.020028802906783
-6.257888678829363 2.118915489587378 -98.93367832023122
6.265640003931313 2.7241533201789077 81.74636457141091
-6.855255640345143 0.12238615038343131 -40.78254954671748
1.1198246999034247 -1.2823533893037076 -34.79995439247497
-6.700408820713975 0.7395504157567476 -85.12869741803429
-3.3634335773004347 5.614378060829405 6.77043030700831
5.8396040885166975 2.324139935920289 29.573249403846845
-5.755644921238933 2.753809110283722 5.289282978415267
-3.486427008130876 5.633785944370521 88.70670127618446
0.22581948918801326 6.374027161666978 17.541763543064132
-3.315458794641608 -5.98100401831859 28.643554825065713
-0.43805412643358277 -6.65908241684483 -5.676013528604728
-3.021343592958023 -3.7679517746770332 33.033486874784316
-3.485154382087367 -5.785681747528238 -27.29502954961546
-4.9468928015802245 2.809148626472975 -57.312876588664956
-6.348398246370041 -1.6527972681522973 -46.871287982978835
3.700652795174968 0.5291399251746887 -32.80542720068178
-2.0711163962153663 -6.0510150317855285 46.4912253018682
5.748838999965267 -3.214176384992185 44.75247154011447
-0.3374962099488279 3.1113546045024365 -51.34397455366989
-6.779030881541171 0.40799966788961833 27.009708012392984
-1.5124030692388575 -1.0269537042250787 52.06768568594677
-2.290979406988855 -6.36507567599885 5.392217774810669
1.5467348447496587 -6.575539651764627 -23.1832649790158
4.528602001965912 4.755189487665477 83.95982187959963
-0.9013594153320146 6.780786521363358 62.66321578295193
-6.590042152990844 0.005125356720451231 78.8533212606505
-6.005219335522117 1.6255925051097657 81.46023611659479
-4.567198221270527 5.004303932044524 78.94279304530707
3.6637904088832487 -5.292425223147535 -58.93508510794037
6.661397455969806 1.3404504405570865 -35.14157158112612
0.7585740197848473 6.608069309212752 -51.010874085864295
-6.407408294696668 -1.4279370260955309 89.63051145331602
0.7377725396107777 -2.893351299125126 78.51581764127297
-4.484094066990663 -4.879643917574066 89.62374306221825
-4.033365044410988 5.395438231078815 -31.39199160757577
-0.7605028776318797 -6.264289614875644 9.939510649498215
3.132056764472496 -2.887960075407818 2.391512451313993
2.4316052828788672 6.371414155480535 85.87905379582084
4.636999165112356 5.00115752793969 -91.63002841015616
-5.181007610368692 -3.992922981589731 -69.24904385735195
0.9303620853133692 -6.199311798053819 -83.82599904431802
0.4202306099407551 -5.235877227808295 81.26303159111318
-3.056305489425202 -5.2721662141482994 92.00537169347743
-1.33090260425847 0.7168172460076002 -77.2141366502126
6.186047693858928 -0.7814013010447612 -30.859001504459517
3.4691820061459633 2.6841614567317005 -45.60991372816341
-6.694608004991708 -0.8239583008658582 -98.21830144822647
2.1855907931362757 -6.21377502383316 -65.11545358248966
-3.384345757563164 -4.631522387304621 -36.5935224567292
4.507565360213343 4.0223722633306584 -32.70776893934816
-6.3535445550752465 1.79579036287859 57.783073926112074
-6.550990362428566 0.9409027607406028 -0.795231281256314
5.293221887174034 3.479183149840363 -27.500866390908794
0.5570906515321377 5.452826964864461 -25.10597736413044
-5.457584264364204 -3.928143425605623 -99.27662340063306
1.7752614359034653 -2.7424216547382096 -7.5099908567102895
0.27591008949406426 -3.83934481343498 38.57506144884294
-0.6521135766848626 6.628664836593995 -47.84783615766167
-6.188157768644384 2.283411422067882 70.780374917091
-3.6834836635238366 -5.45947235514583 48.716348246981056
-0.7441602029971262 6.644060916682478 57.11984329857874
2.061097399415946 6.0209579707856955 -84.78456703960612
-2.9372389664645597 -2.0156901432548713 -97.39430197966318
-4.445126958058753 4.685736022876375 -88.2250829657378
-1.5323423893124504 3.058679009933136 -58.48423296253694
6.224868234525542 2.474298708995168 23.242200406737755
5.398770388516304 2.0306160545012073 -97.12985229295222
1.713388198061599 -1.0686310054966963 96.1773234067311
-5.688922550698948 -2.53512557001912 -71.80913213704675
4.85135240279868 -1.190479858550471 5.968232419326087
3.0871572126508995 -5.740207154339275 44.51594106650283
5.123775584543385 4.15331107962667 -49.26959956125001
-4.11916000884533 -5.132838736710427 77.34515451010532
-1.2074649361353755 -1.7896744875278365 4.0412335321278965
4.2686070929149995 -5.138836006733987 -32.4211041850455
6.358935658795234 1.7804480784268755 -38.998582324967714
2.9927271896026575 5.8471313083043395 -15.665536574450357
6.20918475111953 2.1913754417471223 -55.985235398700134
-5.8039787942379775 -1.425698064710419 21.377006056555437
-2.615951573332328 6.194592947824307 31.129751311312006
2.105970065221312 6.148002763092723 28.2309414876547
-1.4103597995023704 -1.0783938557740729 -1.1671133846116557
-2.447025267134466 6.041327254538108 -64.34607616164665
6.109273361851774 -1.9942217969027805 69.03102287816341
-6.612993287378285 0.5834917650207558 -3.7797581831246814
1.2003125213505166 -3.7161561354419907 -49.766571927225655
-6.63163407576729 0.2040557592075204 14.594399825843295
-3.9880509510801394 -5.432507598623122 -42.47379829166231
-2.5321651878567364 1.380178550586246 38.13848519307274
-0.27461869378716164 -6.566131966820882 53.509318547944964
-5.766273896940866 -1.894453526929012 24.529508742275205
3.9486165061774394 5.081895583539873 65.03397949486741
3.8606049590358777 -4.709488488205453 -83.9122327488675
-0.6241231106224068 -3.60317015041091 7.914940169408919
3.3729851222188674 -4.777630966381847 38.049271053541524
0.6444919457361241 -6.8135629932266255 49.679817832954605
-5.992594853754778 -2.358706759248504 -50.07288488499647
5.557703965281798 2.023563825121266 15.120066680018862
-6.730766057691768 -1.5759995878264172 47.727529874689736
