-3.690064332202731 1.244762724085543 -34.26206990319019
5.218876832225206 3.1580580984963995 -87.37096245655118
-4.931236667710729 -3.1390639181617637 94.73421285680563
1.2571027394365804 6.742424786659117 -4.907203496310801
5.059389525335572 -3.549242642062891 26.509690664271226
5.451827701164678 -1.9667093349193594 50.91988113193622
3.5491146361992363 -5.470896097576551 51.62630202007889
0.2306650183435422 -1.673964547733604 -93.57937224191635
6.225483164555801 0.947110942240049 45.57293579164262
2.350692549207577 2.430571587242586 88.70839317519281
-6.13546894122066 1.5466274731810097 -8.588630148553902
-5.632149812312047 3.2827569278395234 -40.030991116287026
4.395293162270813 -4.779752579584028 -28.05739902095994
3.701405376098396 2.4042753587590235 85.9530234276383
2.665799719948503 5.858644148192849 72.18139610014802
-2.121370134395872 2.8351003859187505 95.95509641745295
6.517282668722546 0.7440032047116446 39.97320203427035
-5.269537799197485 3.3823544347340984 16.692554619844948
-4.203127506753969 -3.979765237993708 72.31724900490272
5.7588548891602 -2.585033628542832 -71.68665902468989
-5.199949097168832 4.612943615912322 72.78189986908848
-1.2164613137889742 1.0654774087137031 -94.21470198362746
6.42628563121767 -2.1693229605443185 78.91173464340986
5.796891579805106 0.36609839544385264 -99.23327862336103
-0.7298415819304206 -5.966017960408107 24.69268139039583
-2.4035872655434156 -6.210244132330525 -74.14344829532348
-0.5447046356249067 6.344236997289177 79.60259660308766
-2.598631334333893 4.051255473751311 1.345627358666209
5.733485551901823 3.411855280072251 8.49567847711023
5.264268818546615 3.8065517916362768 -0.9708881460270455
2.8732193851370393 6.075092050258529 -55.29039319172101
-2.712307328303549 -0.9854351873549299 96.13411801315935
-3.245944367805626 5.746692192468082 -90.94133353279696
2.573706250371617 -0.4383992623712205 -90.26144417173965
-0.43505686316111547 6.799890642181185 26.747911420332553
-3.523221766804185 5.647812754810481 42.221759408767774
5.007726603226132 1.8174676866527786 -54.67674480132512
1.0298923777685978 1.1947152348647028 -30.568892179577915
-6.562483856458853 -0.7999962589141617 -22.612759317172138
5.206201425322971 -3.4308367141905602 -25.46506420052201
0.8470653129891909 6.160956007210039 -38.66684533460736
-3.0286082540551553 6.052390504439125 -49.989274252096216
3.258711014283407 -3.6952487254100874 36.12446680109952
-5.121506484227778 -4.371007004910864 -31.919731955728516
-0.601137209358511 -3.1322859907151597 72.00296177383906
-6.058408693487357 -3.205079174066619 27.655476971625216
6.547240715126083 1.0058227218368978 -52.23126861216083
-6.5943389793563645 2.2039795505027993 -54.177015245203144
6.656155024939719 1.0919451002767537 -61.494529273674324
-1.6861614311186195 -0.39421309269843874 33.306991667421144
6.543582763381179 0.800451535603008 -72.24056140186454
-3.9519301122968296 4.9250154930922365 -46.25204262117903
-2.363370918562279 -5.9158106983967755 -11.695101628712607
-4.398675769792863 4.202370280137337 -70.11876484940726
-2.143933420465694 5.947106006630814 85.46430181231851
-5.121913742310536 4.167069249625384 65.09135310864053
2.587775572432224 -2.6510647147020587 -38.831723187307034
-1.2124910131347046 -6.311872690062879 -86.01267067459513
-0.39204506204814266 -2.2538233302182973 60.452004339547024
-0.9121139489663924 1.2604836550733434 76.59701130137884
2.9151504301092936 -0.18060411323838066 -97.1394127807187
0.15840091950655072 -6.543542883638655 -42.256580151916154
3.773884419957979 -2.525962187623857 -22.73019114401105
6.219240565760624 0.7639021042007672 -32.934311573900985
1.1629204089735101 5.0852302116418135 -14.75643814941177
6.076784478854402 -2.314552891820771 -58.07913824336975
1.8444408151697564 6.416468122169629 -66.09588323388624
1.2610066878168 2.6009971702108237 -92.57243005992797
3.3887660640571298 5.5485380492129845 -81.06333375664454
-3.801445668671998 -5.171052987318497 7.10442634334148
-6.032954184920774 -1.7963459106882884 56.11326623013937
2.679946362369385 -4.99920608055919 -36.34372293507576
1.709017862293853 -0.16407111024876705 20.65201724474134
-2.3921041640186376 -6.263669440289677 -33.37098706823102
-6.256308816383003 1.43953536436167 41.41957731103026
0.167161021401115 -2.975454114521648 -65.40463439258798
-5.979160613751605 3.049299702865349 54.53633120328976
-3.094665115311923 2.785730130043026 22.140504189485263
-0.6523366110414307 -6.285233279154783 -1.7249303644812042
3.4385907560115445 0.1895694637861063 42.44434429234972
-2.613839566635647 -1.2058089802336263 10.313236809562405
5.004904757691304 -4.8815799820803605 -11.700034848928711
-1.8789278289446998 3.22214594544093 86.69443508482121
-3.2714748818855246 5.746110532794631 66.69147149765118
-6.428071585341063 -1.7178435438233153 -77.22079600399564
5.148102494839843 4.082928265609268 76.79716681961433
4.420273844851364 4.920049359789771 46.73525230585948
-1.1565859657144602 -6.284892806311185 12.588106585907905
3.2041532001173056 -5.654056275809991 -97.32181221377928
6.015702994190164 2.739115216637929 65.7509591440877
3.881906950216242 -5.1534264163337005 57.725966438522285
3.1623541879993855 0.7292616489877192 -81.23298462260469
-5.796013534208696 -1.6196693217142821 12.726956457476202
4.80155398397495 -3.33711399482321 -65.94266156701863
-6.0331168175176275 -0.42090051420108243 52.308537434445185
-4.930683413383355 -4.380922846533817 -24.51210731826913
-4.433777323957045 0.20200327532741508 -83.58032983055996
-3.9943333138089634 5.155475506997848 -14.812318800171813
-3.3432718498710225 -5.770377744625591 36.88716932079253
6.557631900274912 1.6566818499559886 0.8219476430503475
0.9948030720892945 3.286651104782868 85.44194672609663
6.372533353552504 2.1652680664897614 4.199891136960386
-0.1494026150887683 -0.3950658531924257 -67.1047868760222
-2.806795660348395 -5.861219678943546 16.858314154278396
-6.808664195940444 -0.040890802280548075 38.47744006781551
6.075082864181164 -2.758950090922252 40.29407496097577
-2.3391013472128686 6.088955716374689 19.97379905877054
-4.685984461242015 -4.790802354919814 -94.92757737646504
1.827957070800597 -2.2636745805336256 -67.77866349102845
2.644940187066383 -6.223567535510768 55.11596829750749
3.1737723295771714 1.383875816181297 -2.506528806226436
-1.3405069467744364 2.0362446570497816 10.184714694146225
3.22341430059484 -1.4804887236733724 71.25922654970294
1.2344592140615167 6.503786246930297 94.21421768754595
2.8331258959087595 -5.711974835640374 -53.51526149140104
6.246131175303808 2.99625439525189 92.37652886976161
4.273717780820264 -4.641233578989159 -62.31951249884312
-1.5596055565556681 -4.727171523043091 42.93448467226907
-4.796689466767767 4.717984127449006 -36.837182724903805
-4.167846082226519 4.904321752400007 -85.48776676753872
5.280627105095151 -3.8204305109530785 13.116341992601734
-3.7149772254574294 -2.5383332904039513 3.784530544184491
-6.286859575040607 1.4683154749180294 93.8478549270341
6.809714099297023 -0.3277180178376572 -77.95973276464828
-6.672771229378299 1.2766000913616864 -78.67477820877643
-1.813107471786933 6.2446864915984595 49.237478919344305
-5.204812454270866 4.4763848857934825 30.280994935108083
6.383843307824403 -1.923626303815123 54.4852983589235
6.769564604277152 -0.8087858308328162 7.453367821619571
-6.403949064451919 1.3254828851024512 -27.32437246794966
5.464688693417724 3.8179204119813583 12.626368127409874
-6.653908491448063 -0.6231935254273171 23.343171999180882
5.556789194736834 -3.5228708434420675 86.52801571527375
-2.667047777030432 -2.302674031703268 47.35927891381445
5.355148194824669 3.751977633542938 27.49046888329288
-2.8805710656195913 -6.097875865652696 -67.02607105659268
-4.521690458782861 5.022409751227475 48.21930010040065
1.971832977575657 6.009504065911791 -30.429218820711487
-0.45087031437978575 -6.479076307815268 73.5594765906161
-6.3844261258875825 1.6162165528422603 -51.11787160493804
5.984730338071044 -3.0124381671841767 -38.707531025260515
-3.5348084329025813 4.707055951441156 54.08045702339496
-1.3368811127246483 6.312846353334764 -81.17730068744008
-3.51120131771524 -5.002920173732732 -79.11315741446904
4.985031127365708 3.9272289229057784 -66.04386279641695
-6.016197493946205 -3.369121445462878 51.11840770910819
6.679860215487357 0.0322809222261089 14.252231866579232
-6.31725226010832 -1.3179635688521418 -64.89264293297462
-0.3982368380117215 4.031317873418749 -56.78045478662599
-3.817382214652985 5.123426507495977 -93.67710517839383
3.547613963646322 5.485760490254695 91.44667587315331
-6.114431923758996 1.7622290473254811 12.56074802244006
-0.6087669734669682 6.145145205480069 36.402376321869625
-4.484725578911295 5.003600685384664 -1.7825728133007845
-2.0961600424879165 3.6259071509500678 -97.31159127102757
5.787473742549037 2.2114251433338654 -4.413240759670522
3.013741571863545 1.515715571957209 -68.82965267445694
2.3320636027212718 -6.223842808244629 2.0360562388444237
5.102172515775156 0.2677684738307859 10.588010115154425
-5.899396159578335 3.282619308862687 22.525163084471696
-5.438306788126727 -3.5299194536676963 -57.55334405908548
-5.4799619616442365 -1.0775766135012537 86.59768037295493
-3.9144070671744906 5.151250456482881 38.916071818417855
1.9437611573585527 6.302359347854289 43.6656706598699
6.280878713560052 -2.1766647526715377 62.173450887538245
-0.18670170492142513 6.488152632843167 1.2924251856506541
-6.403907647415572 -0.6933677886917146 33.631055852655244
-2.4225692635505527 -3.6037606727836224 26.129600719235675
0.9643846459671919 -1.0420646468353847 49.886683284781206
-2.262709302588507 -6.098224784931741 79.63672561126204
2.9872313117377516 0.06505113059585338 -26.22057321756105
2.757051069644546 3.537137273128794 -51.99109358267602
5.968077967498847 -3.209459373367893 -8.192954515562418
-4.067283355763963 -4.754569440392089 -64.30168065792296
-1.570816409572756 -5.48990103130805 -97.75812956273893
-0.3494754976184145 -6.880966173686933 -95.25279299327136
-3.2208551401141965 -0.658724028980452 43.52739877339519
-1.322701686148564 0.22587933800748222 -15.208223774188555
-4.9285747032083975 -4.316073021660998 -7.745502338730995
-5.028258276914404 3.842503882315748 -28.671812822021934
5.736536309035437 -2.9192066663865663 58.81961221253807
2.572159650636474 3.615270492558935 -41.769767230252455
-6.274192128290272 -0.5123275362732997 59.66180531881815
1.6314319504705177 -6.531601274691535 -79.82106455758696
-4.49552475978737 4.789644452992402 83.70422723588777
-2.0821703111776455 5.592685396928783 82.44383253358082
-5.786804321699932 2.516443017305208 90.90392776141114
-6.316276256622266 -2.155049510598809 70.31847383640104
-5.752738865611795 -2.003817974120799 -33.29366039476595
5.113918869355191 3.6673888729625728 -60.88287699767414
0.8123475219461096 6.327593950237506 60.10851146492614
3.559158805803957 5.873772544233221 -26.035512021246927
-2.4162445818887264 -5.459352803459719 55.57308501729781
0.4338396091649563 -6.464399620691854 -67.43948991654993
5.838283681499693 3.151492652961367 43.23277445904867
-5.6732315484962825 0.36500370600704934 -70.71573247371602
0.5217957475775115 6.736044189008953 32.8808517961064
-6.130098134722494 -1.8017666578656228 67.27267701972102
2.091538438520943 6.490299729929475 75.22550628450534
0.5908763778398054 6.329332670724819 46.17548073124213
-6.027939441159421 1.7492987705661898 -88.38733505935123
2.872717326699445 3.9940506151242046 -75.65745384174191
0.9343025342352484 -2.4084796065587986 -82.08636551168055
0.9991043510338674 -3.9558297666254605 -88.80168080379337
-6.740686063392961 1.1555550915751063 19.510453281928097
-2.240945627790517 -1.0289780967728244 56.522741001620204
2.73824602217752 5.4305674473687064 6.304693793735677
-5.973446137072065 -1.9316176661253717 -85.40449614430433
-4.82742075541908 4.091402038125833 -79.8257687907833
-5.126137862463939 -1.5561126516697636 63.9360772376309
-3.4454055043047136 3.6371978957554996 56.81907463541658
5.337990609653486 -1.4136227675714719 19.69041781690753
-1.1050180616106033 -6.207452757668365 69.1829891383473
2.465496466119074 2.2106502837512623 -61.46880354347049
1.4512709723110766 0.49017584352685123 53.15556178525466
-5.8891968309885305 -2.2297337030705977 -5.667865274515803
-6.026412206765421 2.8495806882451813 45.90034295524101
2.2224036986583946 1.0542957943607603 26.3125718047302
-2.0011738685020317 3.0661452304164656 -91.65270996886348
-4.593672178598406 -4.658780452613506 -81.68773717888521
-3.6188292001749636 -5.44266917830032 84.22312414400741
6.469624808389488 1.515042028138934 95.66250196209225
2.7493929093144187 6.229010587036855 8.974664825048798
1.4516898935447906 5.174464182420171 81.98117634937785
5.872036023314687 -0.16791122437956923 56.92428741131721
6.646499943964282 -1.0016564198668723 88.16859787983016
4.51778095033606 -4.7855133320427345 5.189835486363762
-0.007183554855584584 -3.52466760222627 50.57699124235244
1.0379130014642663 -2.7451077468874043 -27.67871343174612
2.648195623785045 6.163426891827918 -43.85895079871321
-3.614881875924067 -3.851931910311614 -18.250569511838602
5.068357312144536 4.410537203432396 94.52645533176452
1.6421775391638402 -6.53240798511023 -39.248448147705304
-6.200321934114997 -0.2348001296048392 3.260736568222619
-0.5491029948347719 6.276981198557728 -41.6851776692897
0.5872257895605374 5.649078060434998 65.02094327423602
-2.4426636272925073 -6.410806460713924 61.58915202182841
-6.68924071916998 -0.636207892135312 -67.7827156090022
3.7630032522283345 0.4785367685272635 93.19987848696104
-5.824748550097185 0.15372135048950233 -31.019634400792377
-6.161203878497506 -1.1236175011813625 -80.8462722978952
-2.382005621791027 -6.0561017093468825 58.60345789190439
-0.6816879816675891 -6.763078515748088 -91.341735195031
-5.717624125687251 3.696583893573716 33.79048869893421
-2.117097466614114 -4.198771036076524 52.497668978813266
6.615648306756731 0.26160138465045424 67.70993575271042
2.535694709422733 2.0620793033552696 -78.24287815578106
-0.052086954416794846 0.7325892322651983 86.5661974308567
4.162575516308947 3.316955131741585 -16.2422286042787
-0.30146371934716365 -6.625287196138556 -62.855817838499895
-1.2909864320494577 6.440177318816956 -29.499088263886836
-1.9287597843727866 6.366127332518229 -9.101398860999149
-5.039330627979824 4.4440552681744165 -21.988905759267816
5.253315118549814 3.8271169206693068 88.87749387611768
3.178431031373997 -5.794809505594601 12.310806228526433
-5.806220000377415 -2.9666993606145775 -42.95063801852438
1.2772319347591914 6.469876514304409 -78.56371715794212
4.587819754782083 -4.732942719114768 0.7589515489410813
3.713102088980611 -5.531555383754966 83.5478716908572
-6.696858439945381 0.9566869990063382 64.16165714671882
-0.24150862275891405 -6.668380846464237 88.24253506323313
6.487939510662486 -1.6960770017966338 -19.70761119203607
-3.609830540543074 -5.469906372053729 -50.093501649130225
-4.29387652150233 -4.326949833736513 -85.20318319995435
3.865962808913785 0.8248036847012089 65.36851342068289
3.106351385528207 2.2273214244286086 96.08081953899632
-6.310224983129315 -1.3782352947221095 -11.737351437241653
-0.8201022839164135 -2.037246990788883 -89.91721138956531
-4.945345186160508 -4.340531656317953 -74.92260235875104
-4.759632114684415 -3.613476587783827 59.888943608973385
6.205178493054118 -0.3510588635780765 -23.2547320099741
-6.229474438968931 2.6708584730384506 96.16427396958635
-0.995073943336406 -4.426882900291107 -69.7300096000244
-6.358449713916369 -2.341401792886095 79.98543649308817
-2.976914309029038 5.409781654284823 4.160486040966764
6.221007577644913 -2.061836929937908 -95.99718559222792
1.135471759033347 6.664336889205941 52.40978572449788
2.012565421286565 -1.5573822221247489 10.661533026985277
2.0526089036086446 6.105898274831782 68.91050377986042
-3.692537187072538 -0.2679762071082702 89.75682203529746
6.770452686716968 -0.7630161623016978 93.37473490957035
4.865035146150459 -2.4322786520395954 -41.36635950876183
2.9846788212287163 -5.558343846517093 74.0018007161689
4.604535732128005 4.378115736603598 -98.85432789986686
3.068858736371326 -1.9449924436428943 55.62725877170823
-5.239346765424662 3.71542279136472 -12.505313994367336
-5.742278338548063 3.7274480521833877 -33.93791228295815
-0.294634938473184 -1.2409423130778452 -39.80172368914447
-4.16924887468402 4.428904193214326 97.28457563084191
6.083178806945461 -2.881320974150945 91.8831008995144
-3.355865695217013 -5.765506564355566 -4.761877858727187
3.025068711933561 -4.86711434815626 32.15998429664457
-0.2552417525248549 3.7461392558980093 5.693309602590242
2.1958416796593014 -6.262536980159594 24.4458241997637
-2.1397427300036975 -2.5687436305817375 69.29522071982807
5.946784171061917 -2.6309066320144012 99.61316926964984
-4.270755239429002 -5.532423734327343 11.094058271241428
6.4797281035020955 1.721855647176622 75.15377235082984
5.67322826558111 2.923333638174972 -42.985810802038344
-3.6273478347227246 0.9320276105896586 -28.160934454073715
-1.1301901574005564 1.3756656457085645 14.698654246166871
-5.5743913528456135 -3.944579200031704 -29.008536512065962
3.4683382925790265 -3.5746527316677015 -79.90041877128759
-3.7837497126821904 -0.5859824969926553 -86.92711265654984
-1.3659335872267246 6.183343360282916 8.508314361304341
1.7512094316510125 -1.0359523037319096 66.5160105189159
5.623127275064599 -2.8485456902629465 33.02621368564068
-5.841326877854688 0.5928809554772576 74.65292618771313
-3.3824059458807127 -5.4742604974616045 65.5558859395275
2.7946842706280104 -5.876389809510288 -93.86636527359879
4.386650699713887 -5.190447976571877 -45.431385384694615
2.152610979391315 0.5721610005468193 -14.34579400582651
3.1923554045920297 5.825682826492606 -10.209907610947866
-1.0886485799696881 -6.426676973349005 -8.750953285769057
5.422226503164821 1.096047937079346 77.73894081144805
0.7677342389834267 -6.311945355590587 -17.971309207138184
1.1292787968308349 6.260298187239179 -58.8440506137569
3.41697667377204 -5.705394609051025 29.389125415959622
6.563594800750613 -0.2376026248615736 -83.77287446639947
-6.301194168338258 -2.4172504715995715 74.71547687057975
-1.3013576428503855 -6.631186793057789 95.94386514781496
2.777764538997964 3.731214068789317 -57.716281843831595
-2.4246594007364446 6.083957498571618 -76.34273136511463
3.7127069901062812 1.9626270090972915 -28.99145293388738
6.095665699206785 2.766396660017506 72.14068116244003
4.058551810434962 -5.103585388417207 -89.34140861611637
-2.822215189435922 -4.171378213039111 -57.22201413424004
4.74188571101121 -4.70657937782722 65.43730723540929
4.682807599940905 -4.5089640142537615 -56.30354201789997
3.7360550668890817 0.11154771274139907 73.817465975819
-3.968606945510133 -4.817340987262443 -60.41976464619712
-5.3148492819766 -4.039555833944195 41.89505338071506
-1.8889892639988233 -6.579805880453169 -55.143121182365306
-5.641839363389022 2.093330242437355 -47.78731486130163
-0.2779623339436764 -6.552091115075834 33.12945782119004
0.22377092597778547 -4.669699851384945 47.735577615101974
-3.9694704569058707 -0.5059697556506584 20.248911272706554
5.832395606228905 -3.09832383588811 -92.38900061717743
2.6611800857399976 6.194341841844936 -1.6439754719094921
1.829396529007636 -5.378631197568659 81.53261327216367
-0.3661516690908257 -6.726234152779393 65.94828192844055
6.780310888795376 -0.3914275648292178 -68.30560563162854
2.6672880959520637 -1.095030795224122 45.39537782255503
0.9069661897804 -6.680060968991631 6.73015226365694
6.340737182805472 -2.343164973133884 10.201730985041694
6.275922239190458 -1.4693663408552577 0.12014217829302286
0.6109265254263144 5.892149677118419 -63.72204536331681
-3.388371503098845 5.144656842688875 12.186716036106118
-1.4355558212895496 6.093448223882569 75.68811694835144
-0.4534313708762677 6.251542538513862 67.72732054031927
1.5151232802372538 -3.318918751182567 -99.64349168806073
5.153643509087703 4.486608436666644 -28.722870067889968
4.933398511443495 -2.465906462326858 -52.48155561258297
2.872036602660334 0.19676915197695533 -23.08975770031198
-2.2224590057856997 -1.3397086445353725 -34.447136434548185
3.351916351313163 -5.97615891452452 -21.471726071208614
-4.9635623831155975 -3.3353088289037798 17.446063294145556
3.745036306804089 -5.195956819589543 -2.7574724939561692
-0.6389233803713824 6.386286590346686 72.4022409776975
0.06253473014200446 -1.9161068275791455 -96.97548625008638
-3.2874192779061957 -2.9200274419598053 88.45116354311288
1.370724706116693 -1.2311527342193145 -54.00705919170416
-0.47635687281089556 1.2985368070010481 -53.95697347900218
6.529938892877396 0.620997410875533 85.58189133095394
-3.088336201796707 3.2524183153060804 50.013451571108355
-3.823778548708516 1.1142423121410072 99.30713473523967
-3.1636562237890087 5.37023054027846 -67.06851203348909
5.792604343402507 -2.1683846317339937 -4.186791854234048
-3.0947041915751483 0.7296825808648214 46.73489497631626
1.1427273370537425 2.5930666061458902 -17.4583910854026
2.997393552974179 -5.905915295228155 9.16871407360606
5.526413753662435 2.474057659799899 -91.9757638529749
-5.434647113607402 0.4239448431352381 -57.573481104039864
6.828326357506812 0.8682633452092583 90.34281294933413
3.4907146191600034 4.979148559831393 -23.337962011168518
-6.236034342208484 1.964811599635891 50.68716303963205
6.767901146101736 0.2770720929997814 49.89985071805376
-6.667403975533504 1.1502038947856579 30.60833913738445
5.015216988952372 -4.5288765812433605 -69.56110198133011
-1.4976324597284814 5.998297626920849 -72.7527604140201
0.3705746364241943 -6.77835917791537 -14.301813789500015
0.07594804962525452 6.554811640060023 -91.42738086289506
-0.6810277641966358 3.4190202683623676 -71.06207345244529
-6.624927404328884 0.07775044637438465 -35.96192233705858
4.413254391108301 -4.843501301739894 62.06919801632153
-2.7517842067396305 6.3861877372326585 -34.518116850931946
-3.937666791195043 4.957455287948906 60.72085481990006
-2.497323281890788 -6.033377500895176 -16.825120891640978
-5.925365871911269 -2.9313144061139615 9.754598475078756
-5.777423034767331 -2.7062771410963724 -38.906354564330755
-3.786305044694473 -4.3677106193713096 14.374251282076191
-4.903072129973729 4.541034070800592 19.801185893347693
2.4682638416784375 4.048175641715063 2.8257617200670713
-6.74763148933749 -1.4461269799883885 -90.41378046831252
6.1572430548564006 -1.4412150183963703 -80.65290088699979
6.248073808482126 1.342494510855527 22.3146859988491
0.1571117896805323 -6.556256009947394 -99.80350253422255
-6.20391773868686 -2.2352468122129756 99.22510470229399
-3.247997602489271 0.12323154801467207 -7.921543516353339
1.0281032321233077 6.858406867293927 -11.625770738770353
-6.232351595267247 2.1394752693026153 -98.71858021894874
6.003887021608849 2.5122845149673774 81.48997731064027
-6.297319477261047 0.6353224832129909 -39.47050413328212
-0.8277180836552951 0.6122244457605465 -36.06928770871373
-6.634694472941883 0.9825037874078425 -85.39880878000235
-3.8660604320669596 5.479608251588363 7.351416040158181
6.4655335104153 -0.28041337126013277 27.65994743061521
-5.931119466101836 2.541292932766342 1.1362487834769253
-4.665566510778869 4.8188652248065225 87.79830624801149
1.1571137782609624 6.3382906346756185 13.421594004454093
-2.970574066559665 -5.513285797261619 28.06343981450881
-0.34912454874444393 -6.703816557008156 -5.309073163118976
-5.097924933999679 -3.859648454417346 34.181367323178826
-3.1491783558346267 -5.9393374357714945 -28.49070254960086
-4.618390053751089 -1.5447065745631479 -54.64705139464081
-6.2570034797151095 -2.002504406384017 -46.07599435633634
3.085133183183539 1.4274573461505202 -33.67236939780162
-2.8518131780969647 -5.866863243629087 46.36040778643438
6.220380567225709 -1.9276658781753044 44.881896583781895
-2.144548121859482 1.2716363499602017 -48.42023382498861
-5.355884128784468 0.3171241687488681 27.205288955745317
-1.2328087413642383 -1.5476049163582075 53.3143846673746
-2.0248250937633046 -6.43506244819842 4.441240916461864
-0.4440957360117817 -6.600414449153455 -21.15322290830781
4.058139245738982 5.137786706761469 84.08971722977292
-1.0555227817912887 6.586092673347209 62.44403340959453
-6.597688635408849 0.7125535062748212 78.6800202112952
-5.92917330110032 1.9241034711448168 81.61319314121315
-5.097446209857887 4.49502805765418 78.11087535543241
1.3718483368412886 -6.165288926518105 -58.18935096724174
6.682348426617786 0.40738474158656196 -36.35552994158331
-0.05146679263499898 6.677588000527615 -50.50523841291371
-6.638372907695544 -0.8856052536979245 90.05181985120183
1.0757549940824993 -6.687776711422294 78.59735212049888
-4.432363973843875 -4.9828983541867276 90.7901365057997
-4.072482474114736 5.376877624553942 -31.34417950583592
-1.2847317164711578 -6.156743189839226 9.34639036680819
2.922245241992178 -2.381075024217311 3.0551386713427937
2.5887244518482406 5.76148527335321 87.57861078107398
3.151092232826611 5.440074749043194 -91.39154369308531
-4.810272141483597 -4.871071504561581 -69.22389112504008
-0.5831811118658012 -2.9471692618404135 -84.90843009780603
-0.8632372733618993 -3.726248565325829 81.61719007884078
1.2302266558291657 -6.5249459137413774 93.54625276565041
-6.082560150267972 2.8768995266111075 -82.54266996626221
6.23204069241027 -1.4895854245227937 -28.754247914832426
4.254509702692239 2.6806899862360853 -45.57609049763609
-6.747897720602838 -1.2481948025415153 -97.5838319271517
2.378536359639963 -5.28214028356854 -65.14555102671945
-4.414030412515906 -3.974808134179464 -35.37596853727824
5.610043291880571 3.121936365077149 -31.282344910468424
-6.516662934123169 2.03128042426373 57.3110036940202
-5.265103696355577 0.17200470132123746 -1.5840109222756804
6.19360693383289 2.870418386392676 -23.22668190208912
-0.7880664834466312 6.619991664884867 -26.7064541161682
-5.1199526979842815 -4.186298459209656 -99.1044811647987
-0.39958877487719735 -0.17780634078883972 -6.773767128343691
0.5356874942722456 -2.9884291105809693 41.309382180065015
-0.5800266002300187 5.768630755310888 -47.33989709005821
-6.124889036263167 2.9850958866089585 69.63377446468715
-3.501031405911816 -5.60228256819055 49.67499192398072
-1.0713382652123746 6.685352034689913 57.20551308882326
-0.02816776394949553 6.363517174143783 -86.68540867740712
-3.551049292960106 -1.2002780385047416 -93.70068703369792
-4.703810595976599 4.6395380617031154 -88.56286594070635
-2.342405207548662 5.8736045295459824 -59.28481127586782
4.389556273124539 4.88854698052288 23.351117788529884
6.252519844628075 2.1297567345658073 -97.08213469421774
0.49679239105367945 0.64933584104332 93.59191561339773
-6.6579591757990855 -1.6915663376631491 -74.14999680647121
6.259007794555357 -2.485466592777521 3.4668321105859388
2.9553685134790837 -5.835814920955174 45.538959571852395
5.156589536287684 4.069333606040497 -49.536050626378845
-3.8717072777614385 -5.044722601275761 75.82775209436669
0.3564201271811086 -4.130506474800911 4.7507475476518675
4.721028473795017 -4.928558884200785 -32.62037902538644
5.445728929418909 3.984634636059025 -39.189659098465164
2.8432939749705692 4.867303575439962 -19.81945743702974
6.731133793629913 -0.33386176038815213 -55.54348972645622
-5.916767415980924 -2.5353517426052745 21.0591515925339
-2.411093180586392 5.336393465552766 31.12607699625736
3.032958275362691 5.815318811664742 28.7699985092279
3.8558887968618154 0.8034114630897711 3.667523577277975
-2.4687885822073294 6.162436361677444 -63.574609828508564
6.0194485206349375 -2.3258959524753946 69.6255153349702
-6.382180925439441 0.6552952716763164 -4.921366332844054
1.1605669447799405 -6.2193310339063155 -50.93602648838656
-6.671824520120893 0.9379259125601456 15.600391101035642
-3.957750411496286 -5.133927793922934 -45.619080442804304
-1.0917226854504816 2.2343501516392568 43.32686988537946
0.05950268602946979 -6.781904064850938 53.39278740240482
-5.228790310801096 -3.354727933610688 24.5951113218954
4.091838706279507 5.1108911389145515 65.54597475307527
3.1709679176472845 -5.371239570209561 -85.14842466428682
-0.3436654527524486 -2.2606844363298615 8.203323192049613
0.8425661195159906 -6.031678403770528 39.97214511272457
-0.1276129392382538 -6.754927694960294 50.38657907147862
-5.566510717724064 -1.2346801208163731 -50.95398935560345
6.04061820342205 3.0122351550430295 16.101788051261515
-5.569971823342452 -0.7773427071816096 46.14385319751021
