-4.226417080960403 1.4553235582370416 -31.779277040536073
1.0695692252038267 3.9044531867570664 -86.0418886301946
-4.372812213021645 -4.713869460030503 97.58104999350202
0.6573547642005815 6.892802830335879 -4.148829069454845
5.338250765505262 -4.372885336425005 24.56943470462829
5.880635189452259 0.7874818166422233 51.77271834858563
3.9674443308854963 -6.475606292702597 51.17403616498515
0.8134833854442295 -4.084805318970266 -94.2981818859827
6.563133623269877 0.7654390898005077 45.646915317480065
4.230765620655785 4.778361827594711 87.91752510046743
-4.742846335443556 4.588014446904561 -10.623209754358205
-1.8764920809654075 3.2568496417080413 -40.848744755053715
3.4426324625932345 -3.756831737800859 -28.935353362197446
2.2891985679357347 -1.50095865675447 83.62027292052743
3.212817174678145 5.380278803791987 70.09169039083606
-2.76259686347786 5.063673240326496 92.462794228208
5.498016401045828 2.3349719531860123 40.77392620339265
-5.102783667269499 3.958207840134943 14.484374233049454
-2.8962097499742954 -6.635238722935177 71.34546465092122
6.326484700291766 -1.8116489764613897 -70.53337614798865
-4.326276458904285 3.3007053343452197 75.3235608802933
-6.302765995715492 2.875681621857088 -94.27378228430825
6.089578613643372 -1.1850410538647864 78.04239428355746
7.059984589966617 -0.19015196251181127 -99.0047550560657
1.0402416519237945 -5.778418497012511 22.55038301019306
0.06386604086208092 1.185353832733294 -73.66294820324491
-1.1460573807152594 6.545362198088606 79.41555078140534
-3.370241016574553 -0.27154818494327987 2.9531530692014583
5.32558310179846 3.1937342020388084 7.393222196206874
4.450465546587461 4.944862537127041 1.3459662726102002
-0.07742239543827344 3.8037043456392112 -53.36077351875822
-2.323883365920765 -0.668061232523343 -96.99442421150012
-2.9957751376418926 6.213329539730357 -90.72099373566164
1.4406256225192273 1.0289741020203707 -88.9830467062909
1.7031575601254487 3.285256985521705 31.683431609410597
-3.1564618628873915 4.9271073185195 45.05067523899408
4.665800434655359 4.9239174110165305 -54.655370331659874
-1.0613250059920114 1.4905441421462615 -32.299806195301784
-5.877948441845703 -1.988429177853838 -24.165192894719507
4.145362216433266 -5.003592951433433 -26.195678996655246
0.20330062541232274 6.229160818389945 -35.29840202339266
-4.234109354454599 4.952522651737582 -52.34205026426995
-3.3458482978664508 -0.049913063681742975 38.86286374604078
-5.378462704652376 -4.175469126728016 -32.5270234241745
2.2567540838678766 -3.3602828664368887 74.86317727794689
-6.0382221872235435 -2.791814607607914 29.70471838498391
6.142348908533214 2.464952200635287 -53.079162700181996
-6.462985682578692 1.242700995483285 -55.31230923714293
5.4933734628505215 1.9339421203194291 -61.57141332070716
-3.3851696908407165 1.8176611000097491 27.52869942359038
5.399684690298432 -4.0248449214824875 -74.86214137960066
-3.1522266589202244 5.694285662501144 -45.70548431883886
-6.394690671464818 -2.367748373549551 -16.110385017329268
-3.1664730864342365 5.6276293724785935 -69.91683133415319
-1.400052518724453 5.683288994955529 86.10849016269434
-6.025928467087809 2.769178119494283 65.48631128335622
1.8961118328413327 2.648129067330402 -40.428504847795026
-3.523756301710984 -5.533196103918912 -87.58875245453862
2.310305092478747 -3.403592103622611 64.86197342644282
2.133437227386548 6.411075472230756 77.66882954508091
6.301237155526195 -0.35533655484873483 -96.35285592051342
1.260166140969903 -5.84204096023048 -39.51127360865698
0.8198318327874684 -3.496646113085819 -20.261703910385137
6.587636753982012 1.2017593938762803 -32.34627803343009
-1.0872025223487753 3.0529054579382495 -7.846772818656921
5.781040031865878 -3.0224803052951157 -59.327149386836666
-0.0017176932024584347 6.095155889512781 -65.2820004193189
2.3289884469608197 3.113423196857435 -93.8543102067578
2.2354706294864592 5.990691011858388 -83.98776536676839
-5.536381519488901 -3.7032236665772804 5.945379304292677
-3.41844800274789 -3.9300689528184813 56.10996930434403
2.1206994662202763 -6.087183244308542 -36.36398084270597
0.030523435542981953 2.565198503051716 19.319815589764623
-2.5621812126702337 -5.980216240052605 -33.174574207973414
-6.514359944768571 2.2640175664103945 41.66981094996415
0.41805167283139444 -2.568392930156815 -61.541382468993255
-6.078234995084408 2.6810050699018237 53.89939890184023
-1.651851685269956 6.44617573116675 23.519852664124993
-1.843397730394901 -3.839883285711813 -2.2519271172307906
4.6103214389464835 -0.0314372746161691 42.71292840402335
1.8151298411113526 -5.137945276305017 8.859636976675324
4.536001061268854 -4.939728774092675 -14.71498763325283
0.3535577673215441 4.884286629749222 90.90198165366536
-3.054600894139347 5.412614253496736 62.332601699186945
-6.64748002073872 -0.008789461542332117 -77.36510726506366
6.0979910995572935 2.5066847690896013 78.05992722386173
5.279926138477053 3.549958672839924 46.44689840268786
0.4741226033168016 -6.308617224086707 15.88827399851475
3.4372060205525097 -5.830260919988107 -97.21676948056509
6.436770942143135 0.5439942487813028 66.95845086322065
3.866849966310168 -5.379170436464176 57.949510222084385
-0.6337726542730701 4.564650100827891 -80.12163451715291
-6.60331530255232 -2.4341876180998625 14.866762516772704
5.347120543473105 -4.212388506778421 -67.11679172801719
-4.107319262204471 1.4143388117999895 52.14646730673918
-2.73502129251189 -3.577320599941868 -22.595870638691984
-2.8886550926556147 -1.7701951428546543 -83.5534994475423
-0.4911021976348889 6.505856792062819 -17.39310557839412
-0.37065091174987946 -6.533030587004406 39.35583543477267
5.507366176203552 2.1235431109449525 2.214730153216256
-2.5228334208977055 1.8488071317877357 83.11916407164261
5.889983109524017 3.243151305144236 3.6529961166866896
-1.9854063088489466 1.6884502365767693 -62.768300918589894
-2.5070591840665015 -5.253199088320569 18.32376665272017
-5.921877355583605 -1.9535097259613752 38.133708313608665
6.598173497551411 -1.4269384368971292 40.32124695116049
-0.135688696028153 6.599436676900159 18.861055720740723
-4.628091681820098 -5.515739932314553 -95.30556593201668
-0.2341558957619677 -2.3502050539772736 -66.40037872036156
3.467653292310207 -5.186130174564529 54.29667247299446
1.3991377285676592 3.001760896012509 -3.3814458253531914
1.7486949023189406 3.1975581395356003 10.070128814154064
1.1981984707260893 3.485625934126218 73.52806141374066
0.33813266448164825 6.473890855157684 93.38858824347562
1.64849535382491 -5.862872205837471 -51.62561867970503
6.119548169892881 3.047679846645688 92.93383045843201
5.45840629914057 -3.954073054834082 -62.45114019497192
-4.139225443701556 -4.820571029301864 43.29600218102831
-3.5609404323738922 5.616983023217208 -37.14113279268618
-1.8612832589903192 4.043427292830951 -82.99568817139692
2.4314628881500115 -2.8352491691843174 14.277286200419875
-4.48477609335658 -3.4827906104393356 1.4122851063534754
-5.518515385992125 3.8656009087728522 92.05514384443502
6.036330368029204 -0.6515675234260816 -74.51615981587194
-5.871985450115307 3.3761843190532628 -77.15841804054017
-1.8351615567997055 6.528013003916843 50.51459976725281
-4.884506330804134 4.2117748256282175 31.420140261180684
6.0698384557909115 -2.759541719508322 53.00535395412619
5.384311034045842 -0.17262042317402604 8.063060717348643
-6.644510083525893 -0.5403152496276081 -26.93907988874614
4.638479368713956 3.632512343659974 12.228036539810622
-5.046398394221627 -1.0621733998423382 23.936972993703876
3.76979254829391 -4.603898267561659 86.53670864077839
-4.747684547186236 -1.9712512337347237 46.46668468261048
2.263868400415079 0.20284742320271576 26.083307187411222
-2.0320664144668346 -6.420096057305084 -65.95285497922778
-5.873931246366162 5.090091738265639 48.54437596877167
0.39250541705031244 5.57041631362144 -32.369851931883886
-0.9154733155457211 -6.479767582892132 73.59992842047762
-6.741407171538927 0.69595992552476 -52.130093836613284
5.945174233786922 -2.499734958094349 -33.98741856463699
-4.670500274883694 4.7122194145136485 57.0218371507813
-1.3468191266094345 6.728466888293785 -78.085608433457
-5.574304047964208 -3.973435817058781 -76.7671052053748
4.995585431046363 4.0132471128186085 -64.06766549409876
-4.226468894112313 -3.2107089417256187 50.225615762371675
4.57705967711362 4.745070809316228 18.376054064103407
-6.698851756144114 -1.2365971992872262 -60.33446772036836
-1.5618382955443728 2.3606698844183778 -59.82631836948907
-3.68652678747065 5.723528893941601 -94.51586260370074
3.6630934694987145 4.822833954487186 91.01714372650169
-4.5293215778724605 -0.14570010923137805 13.857595003664908
2.338415123725725 6.048222922575297 38.604024491701075
-3.046493992808831 6.070338251149356 -3.2424352011675523
1.5408166444784483 6.37397226124824 99.75940722855057
4.943887543980851 3.5970953072135745 -5.81300886751067
0.970949779914906 0.7529018857200617 -62.01227158005838
1.7805847447951422 -6.289797639328865 3.6394582506428472
4.112083065912018 0.2186720978893198 12.021368978550102
-5.304444958958891 3.9803278083559923 24.859442552762314
-4.791332187007191 -4.842967221007925 -57.92306436827009
-6.552609605593351 0.1583045237196576 84.30709531547586
-4.39327900544238 4.54192152715685 37.88787015472699
1.2663634440222344 6.5765377597830685 42.628246919848266
5.70715224372886 -1.8689112980323535 61.37478427309864
0.7990891028966156 6.258546373528201 0.9298029234328435
-6.192725461221627 -1.1913365866319812 34.8479918598263
-1.5774608516630577 -1.2598300634924369 28.709691339781
-1.7178488279827164 1.2656576197816054 50.71291047339282
-2.191060717067602 -4.654406811908133 78.77771206488927
3.590677131106229 -2.1411240906918407 -23.981488996873136
-1.1557837085079323 1.0919468938579218 -55.498646460988375
3.157548141314504 -4.969437556164226 -11.256494778904544
-4.313183223123939 -5.199168718977166 -63.99392702179244
-1.9137750268294789 -5.982035689267621 -94.75796373178235
0.8770161120422303 -7.0040648750413075 -95.54548211651885
-2.1550698928676915 -4.175482312555046 36.48902895409347
-4.831946632208086 -1.5759904364949542 -20.74038004564836
-2.1934862159032495 -4.964715116604286 -6.312059853627659
-5.865866894926198 2.98152827336686 -28.245854139819258
6.289274492369601 -2.586557239971948 58.71479868576995
-0.05566919131386058 5.812731270604685 -39.659783281443886
-6.347265995981926 -0.5146792880414031 60.20320836409462
3.9249369825145415 -4.757160457662198 -80.09361027906883
-4.324825732445314 4.526475789387347 82.05122817282279
-0.44635662098786516 6.699245381897907 83.18620147685495
-3.256356573984308 2.8054388219568547 89.9311180208515
-5.99764697859804 -3.4289736172855942 69.97259807849571
-6.243403265005928 -1.2362749832561906 -32.78294666605142
2.7034502673253518 4.479046711287325 -61.00056215336273
2.887900494847789 6.096247543457844 61.53618504643113
2.7284898268458253 5.730220093759377 -26.554824087842704
-2.6017895559061013 -6.461160413623107 55.22373379159042
1.1954786340914405 -6.405230703483105 -67.1817927171815
2.6971427755692123 3.5569400729170306 41.644133186763824
-2.390923788943443 0.2979884444739862 -70.63349743143277
0.17123709544659554 4.13009163605929 37.190143949116184
-5.970533478219466 -1.6009059606951919 66.97687907344572
4.157696006338257 5.2177598688288755 75.90565073970986
2.1187564101935767 6.09158120170901 45.9395691671089
-4.941127105570176 -0.5234822626900716 -88.19391544631996
0.5183118543149217 6.581098207755647 -74.82298835003739
-0.3330306302167909 -3.1856157291223095 -83.86766563962733
0.631904030285464 -4.205509004554722 -91.25711572849767
-6.634506162052914 1.0444216815768235 18.750978733743477
1.3219420082889484 -3.1872832593573954 58.553769804323096
2.3088936426024094 6.1415343659759944 6.0409238067844075
-6.509481220078303 -2.0698898631990295 -85.20853406917165
-3.971418663685189 5.010073567411543 -81.06627544937012
0.019810677179221386 -3.8815683662064644 67.63256387894995
1.8015426917856825 1.9988846734564203 53.541045630801534
6.673023198460346 0.9476061750283913 15.971747176755267
-1.6800792855000677 -6.6343839901832675 67.93715625269269
2.5532163253501423 1.8091900200360098 -59.8491958156096
-1.9305191779188076 -1.7608045209635652 51.64809415597194
-5.420234504538135 -2.3454222658984945 -2.447207158178454
-6.740046676097081 0.318780908475076 47.041401142279796
-1.3032387465943462 3.1704346725939634 24.167657243308405
-0.6762383815411667 0.6033240679749166 -94.61699392907194
-5.223534928907334 -3.921992325345369 -80.67264910730674
-2.9611151461665397 -6.236751167974412 86.84900210368916
5.954074092523193 2.7018615432603608 96.03327449527691
3.8826873841958656 5.513935387380179 9.845036935816934
1.9097840768683474 6.307443644559569 80.63162914909748
5.964787335753492 2.376632996360975 55.586821408308694
6.758257836620343 -1.2608518085100784 88.76055717758899
4.80067516141727 -3.002030854486155 5.280508595941149
-0.19963410793168704 -5.7049619848675945 49.89372995769048
-0.3069670385633063 -3.7379182428174635 -28.090454066832333
-0.08510930448006937 3.7443164301231846 -44.23198585694518
-4.780219361618223 -4.796084439156917 -17.41027715589935
4.4395265577409635 5.152919497326188 94.2284875459927
-1.745265224405349 -6.316249047461465 -39.29195895158561
-2.7083803293378983 2.5286904999419435 9.80475518882751
-2.9430915301027847 6.039486455585566 -42.13744372691437
-0.5487176624080652 6.600973110049627 63.60133579401268
-2.957571452080531 -4.5025498256461844 62.4486819985487
-5.690317385316583 -0.4698802055367839 -65.10051787873357
3.0598793923649743 1.896102836715813 93.8892763065064
-6.848689064290074 -0.7442100613552026 -29.90099662040408
-6.219660940099377 -0.6779043397780044 -81.12213040296137
-1.3356384558982155 -6.142064235610708 57.89071868119353
-2.2422735120714252 -6.530479244216695 -91.85976806699969
-5.957395741769817 3.0050198213055643 35.24090281251317
-1.604062100246955 -4.327986550084198 52.95521374789052
2.814116247897635 -0.35785950938957795 67.41662564745286
2.2054642214284677 -1.5717557792377015 -70.68532567966415
-1.131871606214534 -1.819484067758977 85.57394272551127
5.545680908487101 2.8267260424620626 -15.916813720824777
-0.1916255148148835 -6.687358282989913 -63.71833552807709
-0.1933992937871064 0.1114385297129093 -27.786789218630016
-1.2986603470614884 6.693682678523569 -9.475544554756272
-1.4823017157141438 2.4772539260230757 -21.015057250641043
6.081025347598451 3.700493806348734 89.19124301745616
2.89400660506207 -5.924331758235684 13.533937522890229
-5.226508546735797 -2.11098108612816 -41.60777383744328
2.150069917959756 6.317736367813667 -78.73499359080415
5.369128147650952 -3.576056999470641 2.1255375878607357
4.871302751335888 -3.798830580863861 83.06677370893317
-6.897170385520837 -0.06728808683950524 64.31593277600598
-0.053400553104126725 -5.586553873679347 88.57023061443282
5.687028549613475 -3.736755441281022 -19.37960304282845
-1.9374737638744308 -6.424528890634463 -50.7364070195703
-5.260033475645908 -4.501741680682092 -84.12787865228826
0.4788390733827187 2.596321755382003 65.84974934827059
2.8302805610878567 -0.03195410242285357 -99.26747693784161
-5.944907532223761 -3.064670761225228 -5.906705770042589
-1.4914462680673193 2.5075378068025884 -90.26183473989198
-3.9139883371897994 -3.6948381731299977 -72.87957643259067
-5.384199290006474 -3.7072711474203013 63.93846755269169
4.629077013284064 -0.7546086723205648 -21.454271625234064
-5.672533855864711 -2.5610687408079422 95.59578108063168
-2.6814853441208797 -6.108827652094685 -70.24103686930675
-6.0735656829909965 -2.706565676361584 81.68868903070788
-1.9736838760737996 6.012293246175956 2.756880460217771
6.137854315626975 -3.014940455364724 -94.83497014041785
-2.618804941123629 6.2528721092411725 53.41941772801886
2.2434162800781747 -1.638936706042064 6.737653476824419
-2.4457178249815654 2.5237495621753894 67.30087746807219
-2.0945896427211665 1.1271909281047192 87.61594207168937
2.0317781358195957 -4.374179511766538 91.87756583372015
5.40597160696106 -2.9339642487972295 -44.34481572150004
5.718627029329082 -3.124714272870633 73.48578463488735
3.4519208697765347 4.167131436565439 -99.73454661215803
3.4745084305577834 -2.1364010270220706 56.25137608625522
-6.443491171499841 0.12563861044014582 -11.524039108540014
-5.17763037647356 2.4804201158885917 -35.68928791329689
3.471917906630308 -3.699391479607776 -37.471867219360014
-4.393754801403991 4.507361056832953 95.23208993613355
5.7325013102604405 -3.029068389373737 91.95943261331588
-4.233089897212247 -4.926678197621986 -1.251237462068763
4.99839402201994 -4.01834516361923 31.732464074693855
-0.9602194467941317 1.7559879510642484 7.936027357600125
1.8379420665852817 -0.6850919398816427 20.319769640871627
-4.657894699160183 -0.7117756755611162 71.03805756095284
6.272532021756768 -0.053651937982047516 97.68378102807974
-4.386330314479945 -4.355991234910533 10.922530752222743
6.106425286089714 0.677746560482108 74.6651472266492
6.585061832541699 -1.8447177044557466 -40.7926270945339
-2.5049331610730254 -2.3022232524338047 -26.49878540943818
1.0212621889037563 6.444612150816279 16.047421481610876
-5.6114123856638445 -3.598977266607414 -29.69270628758286
1.9384327381143702 -5.772419439434355 -83.95841272265572
-2.111861663460966 -2.345016462168139 -88.48288780768998
0.5899307243727886 7.053912640837555 9.228956108605287
-0.5163036993974431 -0.6672962181559837 68.9617562827659
5.1632883167736034 -0.6323661762655457 37.74133052631809
-6.362113529626405 0.39778533815106587 76.94670573489334
-3.7926530710572712 -5.6558222464647905 65.4073222704218
2.7056260188504013 -6.115744214127563 -93.52489828921337
4.931212284882962 -4.225603256239038 -39.90387992351238
-2.759997188860333 2.029750776929046 -12.916216374448076
2.463635548048524 6.076052301560545 -10.672156134179051
0.35676592154849696 -6.533784628508135 -11.060762473660459
-0.3280715888040213 -2.81362941878545 81.47692809453198
1.9600891474722844 -3.540639637743332 -17.322209013407218
1.7457825330348549 6.053821340977506 -57.96985787217639
2.527079982626822 -5.837838862140967 30.09755751249249
1.285184246180112 -0.25016955004108854 -82.0900440112232
-6.643127506538207 -1.667929795923213 74.46538345849835
0.48125970773177773 -6.911429674806708 97.11863693299792
2.9674652088860336 -0.39545828849538817 -57.137986627981256
-3.424782447557234 5.1663668668301055 -76.09655172736124
1.960316790404434 3.0035652845226912 -27.765679117388913
4.647322169618554 3.3286042723652836 73.50934420724414
3.278447246381941 -4.59932740044873 -89.30622722317818
-0.04986582942092874 -3.301579421892175 -57.871266441714816
6.00859665071625 -2.5792462483591216 65.72360214431949
3.324816134619689 -5.389704529828339 -54.98369407156894
-3.499017824571126 -4.110428548822179 71.19375336665182
-3.934349342906201 -4.897615108957984 -60.70376003158725
-4.77231468003579 -4.636376526644441 40.19441945084319
-1.440224696708841 -6.558255445141815 -54.56509130687658
-4.419320295654169 4.70034855652081 -48.535219094228864
-0.060302448681106645 -5.424089699938683 32.1041726992993
3.1016506658836054 -3.756846624848919 47.84263304665422
-2.717278235488174 0.7408285992418217 19.867883726433575
5.5724693207987 -1.6101515133980973 -90.2232655640087
3.2724768425748083 4.774496932274885 -1.766189933970485
2.0500207810672633 -6.169183398290645 80.02405653855209
1.2042996064248437 -6.72598951406773 66.51477027393115
6.137080051644938 1.4737206608294566 -65.47819144203959
2.263308351155596 -4.2534724956979995 45.000680117856284
0.31875187925924287 -6.586145168474792 6.146003077669922
6.082325048007466 -2.954028173791185 10.844065989052782
6.566874103063531 -1.2596463465105499 0.7431588084714212
0.7608851971781099 6.634358344065711 -62.54528059453141
-5.842550018697887 3.059327829711023 10.213815105146463
-2.7580258158023234 5.629224072841613 76.13033364329186
-1.522745445637071 5.912173358074451 68.06692995315359
3.0476111648301734 -6.035438199049509 98.97993083021571
5.388627306244491 2.4714854010547618 -28.438612239076367
3.004747816442298 1.0013716464697169 -48.38666817995409
3.251876880146276 1.8940149848122714 -24.388645596055394
-3.3643140516583396 -1.5809710244310224 -34.761877213291164
2.667855947326963 -5.923418609591322 -21.226960576701497
-5.371234476601811 -3.986840536108959 17.506388495312198
-0.7797826860070614 -6.43036880554135 0.7656100580470152
0.5390609162518587 6.496761635731524 73.18653546702005
2.4710532785709733 -1.063030706836185 -95.8480363160125
-2.5742565704346116 -3.0777449439445523 88.07410692046652
-0.7375533729792394 -3.4403352255326167 -49.010039728776036
0.02164351273539057 -0.19538186976556354 -58.39422014815762
4.925977175253415 2.69880414943104 83.00242083623823
-4.661644149972034 3.672929628976445 49.71583641620588
-3.308790444894883 1.2533903644238122 98.53357675489842
-3.5167449213549387 5.656078548196599 -66.92619993627007
4.312830231608759 -4.149020401327953 -1.7561612089650709
-1.1840696496272791 3.428147795190995 48.63779671131645
-0.7901645899489586 3.578242408138773 -17.189529537810138
4.899811418047737 -4.485139827323217 7.984275583107912
3.9526624046900825 1.0835040218938552 -92.78444855989589
-6.539547538551435 1.2726336986801905 -58.88275395305582
6.507271197341226 1.2714706002541543 90.38158911707004
5.287104775907055 4.11033233521436 -25.375970143991157
-6.8665025880300625 -0.05543121098868467 49.67910281538885
6.263763591008296 -1.356987554659936 49.63648039050856
-6.2450418516770965 1.2230346598818154 30.735486920172615
3.2614411072769114 -5.665103235017048 -69.99575374940368
-0.26914045880032306 6.642745293224335 -69.43907936530626
2.5930970329855505 -3.1237697492807595 -8.321622406348506
-1.0200590320761365 5.228700000179524 -96.6475776176372
-0.4270933003478725 1.9186695684713078 -68.29595356472308
-6.138233619806197 -0.4013222501772347 -35.57253836685306
4.1916773060187875 -5.2673600773276705 61.15736787233863
-1.8309860086325012 3.7626134961977926 -35.37293899445149
-4.095684199921769 2.4808491208798036 62.12385831860011
-0.46766326672181613 -6.7599744602005805 -17.185524896658006
-5.070675185522644 -0.5549698118905784 11.095096210657951
-0.066785885112563 0.08939757906973989 -42.93332900445906
-2.7915289758878323 -5.793742106137361 14.613725057909203
-4.7352650031454155 4.064321992233665 18.5784947216717
3.0250665931858487 4.641353191052436 3.6677225445770723
-5.636977182316606 -3.795848931281873 -89.756736291516
6.547022814651923 -1.0561375289710635 -78.00942658268762
5.816572637688661 0.798839502542589 24.631323738815432
-1.5392840681924467 -6.161803539552687 99.96658299693499
-6.6042976939507705 -1.6439133639172603 -99.93724552755745
-3.0171527111273977 1.2668751212541647 -9.378114051466765
-1.3691392196014909 6.646664694830362 -13.250981606546452
-6.509167947482919 2.036874185774361 99.36404653319025
4.531485201815495 4.183890686932792 80.51113647051444
-5.098228188712777 4.222003251198577 -40.37705679617659
1.3113646392414262 -0.9002140107983612 -39.50382287549747
-5.056398147626845 0.7946588033339873 -83.85301849345669
-4.230482362808783 4.949930403112281 8.199328848065353
6.476664660657161 0.9823709510833378 27.896715567639312
-3.0477676718672004 2.4110176191617376 1.650179001616293
-3.914412793999803 4.427924026514266 87.14275830427692
-1.3961341079364902 5.769381355356136 11.561025636234902
-0.4231831344353652 -6.096381152208087 25.480519161441073
3.017929443150843 -5.617797823118154 -6.3942326459690175
-3.8107178015335648 -4.729965797611435 31.68166150440843
-0.2710990875544591 -6.715038792553405 -31.57964003072044
-4.6273903969209575 -1.4949915344450406 -55.19305309008128
-6.372708621962354 -1.6168528366848751 -47.33994970257599
4.42703364458875 0.6163471478905993 -35.19298388192531
-2.6654815431717633 -6.416039382929943 46.2252101512387
5.985859556724632 -3.254620465187128 43.69212438019594
-2.68595887528652 -4.046387660679946 -53.212066489449974
-6.5452522332459875 -0.022039765974524502 27.63968771471474
0.7802934322901856 -2.294729775648259 52.75114311462582
-2.433360518254286 -5.909543815830218 3.603731674784608
-2.187116408185017 -6.043313819956775 -20.424024951335362
3.4776619854526207 5.439383822714999 83.84268563328247
-0.6781807452378488 7.001131931318541 60.911394233676944
-6.378766886683852 2.9577779981992074 78.78395805442402
-5.753546685570981 2.289764960357574 86.29321086597591
-3.925346083253597 4.7850572628201355 79.24883954099025
-1.4952193188442318 -6.531287892907077 -61.05779906648626
6.779233611218945 -0.6685453942962957 -37.71426143792043
-0.15551751166535183 6.975959038966797 -51.83318932225609
-5.164671440906033 -1.8112753510581558 92.61028773458774
1.147785025565992 -5.763494733642244 77.32344268213487
-3.8946348377794764 -5.538690379707649 91.31865499305243
-4.549712864743227 4.9557097207179925 -32.79529463204688
-1.8819419361173082 -6.441093971146674 8.500358723999991
1.88238476026939 -3.49353405160619 1.576111022896605
1.010579269757492 6.841075585404786 88.50125076007068
3.8761931616561873 5.479256665563841 -88.72948666755386
-4.492833083038632 -4.842376131485811 -67.5235398042001
-0.4115177349915551 -0.2366342664446228 -86.17633555355576
-1.752624782622319 -6.613129691800719 82.50767704610593
-0.8475290502140648 -6.37565013426725 94.19211047392962
-3.0236354841854665 1.071197228671566 -81.88319999176183
6.109900281679859 -2.8816376991493033 -28.52084254147351
0.1026517048688329 1.8064582479993714 -49.8303515402331
-6.5078627039864445 -0.05352064701516507 -95.96233131059027
3.5142642302787728 -5.928003579676445 -64.48055068444715
-4.1746739112163285 -4.536189972686223 -35.55276080551431
2.5735807580822065 0.26174547506176166 -32.16969159493056
-5.671147271527809 -1.7032229487029182 57.20420794727925
-5.3128587464694546 2.5038211101836767 -2.6680384406148456
6.885500128093761 0.25261391892247875 -18.711654422026996
-0.555792406784635 6.6411767877035075 -25.092699052355293
-3.427655917138253 -4.260020542867585 -97.73499174630507
2.9278652056681844 -1.588699138113241 -3.914562465569196
1.3365458182661674 -0.7440757638987506 40.66295852217655
-1.0724230339843073 6.035253550968649 -47.51873170264122
-6.452196492135239 1.0200087789405852 68.09304752110398
-2.939224668978605 -5.974699854530858 49.534072808722144
-1.8890738603832224 5.912296443347313 58.231562133009874
3.912112649751046 3.1218740588353158 -84.97441386767775
-3.399926875288828 1.533604421082587 -93.69533754497465
-5.6246550995667635 3.6836244315482585 -91.60051805160789
-1.030099268025453 6.701701164166965 -56.601001327843896
4.831407933553777 4.4716875394689115 22.28070305116514
4.634509817691845 3.622219193773943 -96.07763750143049
-2.7741368571477363 1.473202386016476 93.5872727073771
-5.616768227049506 1.1319053274728836 -74.43515360541195
6.8593765108752125 -0.9566509844952833 4.098243694373768
2.545890061347655 -6.921282157602783 44.447345372220305
4.560664751534458 4.529630170498204 -48.82737776035652
-3.987951441571271 -5.272239961862648 76.5075627878954
0.7029558337513098 -3.3448587464924375 4.844679794208963
3.886463159291056 -5.421202658782396 -33.68779876706334
4.249258668880787 4.009252798356525 -36.851602504527236
5.625573569033746 2.5441537469058435 -19.795616783960178
6.7777444156707265 -0.3147554375150346 -56.47599552128611
-5.483817348246378 -1.9373124348800528 19.949672220336936
-1.2111648980722982 5.271606398716451 33.17443493569403
0.7343691862823453 1.7608009347203584 22.28541913550859
3.8822685038094416 0.2311348273599339 5.1492953399336345
-2.802212576412299 5.733012608552903 -59.823240804792746
5.0524829723559606 -4.378222913594263 68.33281204344382
-6.413898057712455 0.5618496352607089 -5.816390499350366
1.4592073338222538 -5.681429683458533 -48.59482483841496
-6.857769508268188 0.4226131880688831 15.503450024432222
-2.8274752310948985 1.8524865967475785 -44.65027432257139
-0.09392347365810932 3.139163681371843 42.80414529113908
0.38476918793283743 -6.899103376448852 54.505503206639354
-3.5712363499569273 -5.52050748941289 25.58140538110623
5.16510103562339 3.7718301702185646 68.68323973923746
0.11217743376962236 -4.450744781269836 -86.84169435919227
-1.920452579324572 -1.5016161733176683 8.543974446815144
-0.057378232038324595 -3.5465547979008996 43.24557118276051
2.045863687564701 -6.895667968143217 49.11231012708629
-5.654022589797688 -2.997706701201921 -51.30791082627408
5.192932485836546 3.5210991223586916 15.189744889852948
-6.553302343240798 -1.361963541803889 42.263167044545426
