-3.763966943796248 0.25063462094720723 -27.65364539011057
0.9107399414363488 2.392427902688411 -86.95567258151081
-4.487111404108963 -3.921169393105466 98.03036936840759
0.7698488182345566 6.150612229880194 -4.56701200428329
2.430862240322777 -2.7762950000465025 24.969314294536485
6.257081237196665 1.5517803054192085 48.89691284793508
4.059225373485817 -6.474509388034324 50.483270246510855
-0.035279868255610025 -4.02752604006204 -95.49375767249238
6.458620383342165 1.0550287459520042 45.40842214026916
6.721878809118216 3.4399150575450204 84.85318436485095
-4.17558534648226 4.677622767538596 -11.753932455991848
-2.4983503828488236 3.1149709287525504 -37.96070571761729
2.7272360915632117 -3.5718579284764473 -28.473589209099252
-1.1853308062071763 0.19711966948732149 79.52572570636858
3.4637925401311067 5.578661723089256 70.43140223318211
-3.130988349128036 5.511440312244019 92.03603731829266
7.078617009996414 0.2946936556662748 41.436642532315844
-5.239426871290932 3.9544144349121537 13.693744734737145
-4.498569291778543 -7.792828895690096 72.08738381372888
6.540233526543789 -1.414969537369484 -70.5315002278727
-4.153990853337355 4.879852768956474 73.74583715620582
-7.788675545414639 2.3967085850451464 -94.57223600069067
4.139037947829716 -1.7464196988523686 77.97166625399392
7.4532916596046785 0.5826049831393467 -99.61520287146678
-3.8426287912999495 -6.721145612352686 19.67006727873303
-0.43281730049426403 0.30208209790412294 -72.08370641530598
-1.5436392836556716 6.569355307697464 79.66864566189946
-3.574261084942444 0.2986946732072806 3.661491726551367
4.286671219819721 2.354701716763357 10.108366942073507
2.007610443100079 7.199577026175509 1.1323586215066042
-1.1923727188937885 3.7051144182332423 -54.05819497077717
0.4985223637055674 0.778855842209311 -99.15277966437657
-2.785605657237579 5.305458477773977 -91.24135177918646
3.043757775912003 1.762664621988085 -89.05733466356976
1.1009629985781806 0.25963851898931833 34.28796171533756
-2.8063527461420117 5.440758433885194 45.946834601497926
2.827970448417279 5.494545058339335 -54.98855508209189
-1.1162140241191207 0.8844179961721029 -32.669865352205704
-5.853950046557046 -1.0680349998517038 -24.23673339946597
3.0558082464112246 -5.388233184741985 -25.44840377157719
0.6046726177614987 6.680125410046704 -35.76081703158986
-4.24043035640853 4.2879015477053635 -51.420189016863674
-4.923808027994131 -1.3691546114620332 39.24967968494353
-7.486684724587939 -3.4385705422037165 -31.657552470762354
2.469853067656425 -2.1578244922350884 75.46684573835464
-5.385591153116167 -3.170252916979215 29.443933604776245
6.076931281155156 1.8306153749320453 -53.77862005621867
-6.420507843714983 1.2192601853147633 -55.656766386044545
6.230129161790788 2.2176431817237097 -61.14682910807859
-3.457682419721467 5.227309039028276 26.903233764494487
5.144459885731369 -4.273739022958582 -74.86386890928924
-3.939634774633906 5.362729765909378 -45.84477475320597
-5.16548991062261 -2.5587012462930274 -15.739298089336629
-2.8033039901199897 5.857301867260274 -69.75784619745619
-0.6506823636289555 7.523926652999583 85.31552427021548
-5.96080998858339 2.560346524166461 65.65413042484585
2.1966255024634855 2.503612978482647 -41.06020675823297
-2.950774696813351 -6.287789258007563 -88.29617729597445
1.3580180993399062 -4.06796052416266 63.753578375858375
2.690702622837662 5.57957364665757 78.03323359737982
6.330188528475032 -0.18647753648526996 -96.33129373490173
1.780212330872415 -6.382408253472495 -40.94817975888484
1.1675994019367326 -3.4248652055781927 -19.615094947317157
5.970215215635896 1.7594077586717511 -30.37247508835213
-4.323111669864117 5.470692077044184 -7.217985639586635
6.149682751801686 -1.5287667531594706 -59.911334653329824
1.030926783819326 5.538903035176167 -65.24829979459464
2.0303401542339294 4.689035911752585 -93.05883581007414
-0.7757014353287177 6.195005969495806 -85.8596291240417
-5.636457838687934 -3.5624429430986377 5.406879152169636
-4.050504722402593 -4.1357365197814335 57.023981402085035
1.2428565265004263 -6.4033947028635145 -36.428243678218465
-2.953320371315677 3.983241934655731 19.114066294804594
-2.9424786949612933 -5.981102233629118 -33.442976160406594
-6.51176062067574 1.6483415923400715 41.856542863050734
-1.034374421994443 -2.1311712844906525 -62.22316907135826
-5.94455003081222 3.0906327021129374 53.65318983294177
-2.5207977600755287 6.358764217635707 24.61473323401293
-2.0218884586645283 -3.0102095677602474 -3.1115449639306556
4.463684498265881 -0.01829849190721 42.56721975692692
1.8146022179929313 -4.651337837102387 8.29175667475201
2.520092101996677 -5.899675676229004 -15.191444925945897
-0.3848226584718455 6.974707772035608 91.03259849544236
-3.359544624306302 5.242348406993268 61.51321168016149
-6.553829772056302 -0.07235679759764657 -77.19763157384723
6.04606993844191 2.2578334892768037 78.3673918715333
5.107227014408354 3.438740665970676 45.8438696505299
1.1814479527659039 -6.858049328225647 16.42409862947198
2.749527791135032 -5.924703819028165 -96.43376990595203
6.253014460509089 2.4940503057886216 66.88324533503508
2.9371464878920674 -5.312063744234963 58.03747427660742
0.6429922464126687 2.3214000431209776 -79.11494576691395
-6.5917486364744615 -2.465169451951902 14.882926593871524
5.288080865151451 -3.887113873334674 -66.35957862254115
-6.202185456082884 1.2061711487619997 50.63430415505628
-3.2155977905340825 -4.876205842787211 -22.547369855652363
-1.9352206615876963 -4.543193281633599 -83.63147892635347
-0.6802091308641379 6.410013317978432 -17.47730002081058
4.5306816013372835 -6.472461969406299 38.1422474838521
5.785952695245968 2.603093359896331 2.4248007266462777
-3.1813830561454113 3.876311348488804 83.88977352940289
6.700008189514342 4.2831532839864295 3.7525919957278666
-0.8024667906797514 3.326124704627543 -62.91141760588731
-2.6105841963275367 -5.113313251689334 17.869327569141863
-6.554185125355766 -2.5701478004109446 37.75476751846903
6.53702716545757 -1.7944143299824857 40.51140475565364
-0.4771653653459313 6.333359259643589 17.998567879840063
-4.694370540485056 -5.528314544492433 -95.29592516188673
0.7205674937253241 -1.8724704858171848 -65.05241322880201
1.7645178589449821 -6.1089354627227115 53.53792845005971
-0.35149154449994663 1.0395008283491598 -4.17601752377938
1.615755940701506 3.8076244894783633 10.267257856788687
-0.17701340835662668 3.868803969148418 72.52029542534099
-1.2827764458340971 5.864349505821274 93.55216929859233
0.8851188462030645 -6.134031690651523 -53.07009589930337
5.900286216675145 3.155396575994289 92.71127819362799
5.846123712371894 -4.283402848505214 -63.33914574787135
-4.125597421285934 -4.837788055180198 43.223220751615365
-3.524350814462353 5.958574120470538 -37.05693100501148
-0.6367476994239354 3.3721311076481 -83.95408200117102
3.2659658903588373 -2.899956070546212 14.457327501023345
-6.011913742651487 -1.1221921832647674 -5.8309552714310104
-5.438533113215993 3.88026121001204 92.37041623092145
5.395698055826879 -1.8122528244072087 -73.5460755203448
-5.682804635790447 3.718992203975537 -76.9324989173913
-0.9271915623816939 6.461925437818545 51.635707530329505
-5.066456700094192 3.8372243396006827 30.67194781284398
5.985974228938461 -2.830978381543416 52.62545639018346
7.268855234635624 1.597176557234358 6.545728158617943
-6.455225847934118 0.2354721928858134 -26.59392633206183
4.20063593428668 5.21974228392133 13.069037235245219
-6.265683556517606 2.957212249317477 25.95423459090275
3.504490381517433 -5.446964700117482 87.13425080165693
-4.241396829916416 -2.4777664405629514 45.29733964911534
0.09461871966634779 -0.7670791918651695 28.24144453092121
-2.037687385574447 -5.462118155703716 -66.11422536783206
-6.053599840611115 5.848731661065652 48.2708433287431
1.131875274396437 4.97191989157764 -30.596869096548243
-1.3548656690789496 -6.151336771019316 74.27877888027895
-5.830762708477355 2.1889000806809693 -50.57034805365516
5.172752177567681 -2.9224835050993963 -33.090790086766454
-3.38148235678357 3.713673436354141 56.55246067471651
-2.629024002620735 5.732163556171848 -77.73283408307695
-4.554341966065373 -2.8865790350870726 -76.53780200982216
4.205401731813171 4.7981520477370125 -64.31679874182059
-4.600386730407718 -1.2008301906066556 49.52318695881481
6.087215017922216 3.63539595387196 18.673517843823625
-6.813582172420197 -1.0934929412654326 -60.07404017255255
-1.332074232712177 1.888879870803017 -59.977002958181956
-4.827508598108635 5.680705407168474 -94.06972717208802
4.52482448805172 5.056150779088771 90.38196739617803
-4.088413019483744 -0.9742754228243702 14.54052501653908
2.29819569270816 6.2665244575829195 38.168225408146924
-3.158643427792019 6.218546140475169 -3.5012462473010397
-0.4871153975708568 6.695742182800845 99.45822798805837
5.205802612191467 3.7457261521433955 -4.176315561193017
1.7661214942414478 0.5634600794045496 -62.80233014760409
1.0422643112296381 -8.295396404508942 4.130521365402376
4.12853906879419 -0.8412312030681033 10.904214305001497
-4.664185394756701 4.470319644530483 25.32748919156389
-7.836959921838164 -2.4512151385503502 -52.755658379338854
-7.496070481640917 0.74260370799839 85.2119123380927
-4.812165174519807 3.5002352498800287 38.944450176453536
0.38762775434212826 6.0244423170084245 42.752964799110664
4.618426461232866 -1.0442833893273629 61.98329894741178
-0.99172356872622 6.3374250047420615 -0.841633516817197
-6.3873858203872205 -0.9428304398782319 35.23711269135092
-2.63043019535005 -1.1563275029329385 31.799035787639017
-3.2184814652172813 -0.2893467930177089 52.217636855312534
-2.9643771146652536 -3.4253067136973367 78.83096890257825
3.604007573769233 -2.4080061552830885 -24.22101391485248
0.47882166108933477 1.2286284782625772 -54.61604856710768
3.3061878958457456 -6.0034264476166 -9.172616845101318
-4.786077845138428 -4.605483380947823 -64.83237990172049
-1.6394683862752055 -6.620588186696686 -95.02973849103034
0.9643813727838514 -7.67979384370683 -95.37397963222355
-2.3431977047142456 -2.1854159430095557 37.91585782041962
-4.870149696279406 -2.7226909525806393 -21.191590982223055
-4.16813019580989 -3.839783266643219 -4.897642041533276
-5.674482219312607 2.9529103582106035 -30.152576049423285
6.588238080438504 -2.0433743692793405 58.395345459175886
-0.7281555854784265 6.855059043093463 -38.98243695687589
-6.450617261171744 -2.734510687022961 59.34729993374193
4.103435090708983 -4.139852552120426 -79.67117198943471
-4.908220319339341 5.475549255901994 81.62679513045273
-1.1383179921103301 6.085182066824394 83.09924113330423
-3.4033616920572034 2.589106238057765 90.46221749734002
-6.129226385806599 -3.2916203607245724 70.01119055748276
-7.054368895119908 -1.3605765363100293 -32.063798908892124
4.080720239422419 7.3451396340265465 -65.52251708619461
3.101259676297329 3.864341082925782 62.42277431518737
2.190618142509969 6.13531142444885 -27.671523677312777
-1.8221022943476588 -6.559984299933885 54.9110391371367
0.9145474767598103 -6.507894018763851 -67.09388047736208
3.0949911369645697 2.653150698485959 41.20122675178007
-4.311519701254249 -0.061937727774259876 -71.62640597939257
-0.5112336661337689 5.405726945979955 35.61754739206666
-6.817451905294637 -2.4877578586577913 67.00697962055122
3.8653045104036 6.5763758676031445 74.7637719451473
2.5822352763184186 5.809711120236142 46.47276585160253
-2.4999480768050586 -1.5738062156271282 -87.05948843734356
0.2887553036918579 6.5558280567298155 -77.04491128099697
0.7924421417165018 -3.2984084144417882 -83.1632153682853
1.3257461373990804 -6.21055487747674 -90.26605297511914
-6.66852634434669 1.1177601848594239 18.264249136082658
1.9571358909327194 -2.0468986537438445 59.62616939708434
2.30396815271565 6.063636463210076 6.08635864953735
-6.259941995872062 -2.494650209592608 -85.11068124146578
-5.51730517993342 6.440980009195421 -82.12299511380151
-0.4250535221461142 -3.9773633552411685 66.37182616101661
1.9488347213236836 3.034975176401013 53.761822447553065
6.388241216978669 0.5574011947756318 20.503154243811526
-1.1295407302013336 -6.504562574229628 67.7792373146608
0.5855166155875959 3.684435770288716 -58.70061091703175
1.0130643289464611 -3.0349665583904883 49.20550293584993
-6.851016008019038 -2.8502225030177444 -2.398581873522049
-6.702577346049022 0.2616930587506101 47.143689000588786
-3.467557623886957 3.329587410192917 23.45248135532187
-3.4127309122073908 -0.2149336017822176 -96.82910789813953
-4.285941638666658 -1.5989241046318943 -81.89113321706571
-3.481191682368309 -6.450010784818724 86.8245246139559
4.612478935284035 4.740708654702833 96.89622887238686
2.4125446073589893 6.998769625016673 8.604735355438335
1.4466140160937655 5.869068811016384 80.7088459716701
8.180463745091066 -0.20759488372290935 54.855007155917825
6.175585543317629 -1.8668042015159991 88.57657927185797
5.505135682077145 -2.80986197777306 5.173196045698021
0.814441180173942 -6.235991764730518 49.328651997901694
-1.025388918694825 -3.832966758920122 -29.0796604896209
1.5027493247126031 4.7916485568834855 -43.42496186127243
-4.460577921490404 -4.298712656167926 -18.263834118409164
4.119363440873838 5.194063248067085 94.21610369153451
-1.6140565154301216 -6.539692650954414 -38.96730265592905
-2.2509260203087993 1.6707799722414736 9.518833635562835
-2.986452879000009 5.716709834515949 -42.170590259527614
0.8284157515312969 6.5315866966524165 62.11116586603503
-3.510129322254293 -5.195035676943977 60.40612845555723
-2.208255306494773 0.4750179565310254 -63.18940268709781
1.770776135352039 -0.20023703887965622 95.72411426094237
-8.028655197240159 0.5555364450736706 -31.202652161703483
-7.542738150213304 0.47188763006359363 -82.12443429840384
1.006141107034991 -4.689143966336669 59.97170589026299
-1.2271749809943844 -5.9161314290508455 -92.2567428741457
-2.2259186957835864 3.0521906761684034 34.180559083111454
-2.2008638356784207 -4.620112710472498 52.299911402093684
6.702984679731653 -1.4755903682440308 66.96055448921733
0.6715445346805947 -4.41139407040491 -69.01520028927912
0.24783062785631738 2.936625226992464 86.81539108911453
6.6381245797069734 2.1319121649610446 -16.00509769430584
0.1899178941306 -6.680033170197374 -63.71754212449418
0.7008106389000197 -1.124700710569686 -29.52361216688666
-1.556455533577121 6.464535222189248 -9.097562106012601
-0.977690020261504 2.1596292782962396 -20.156300400463106
7.410220669138239 5.0506046986621405 86.5274808626585
2.5540716455828893 -5.95632250458478 13.280050016005887
-3.1591204904609382 -3.0425846190034216 -44.59998111239471
2.919951836941421 6.049406729091507 -79.03765650476748
5.012554087794142 -3.3768743476813983 1.3760070763259404
3.6665962510425527 -5.069882729637757 83.94792587100932
-6.068280692987623 -0.9217807249260273 65.03290085584676
1.038767903843069 -6.184520025228948 90.00135439159355
6.4834533588141445 -3.4767800065029295 -18.05296871554284
-1.9374737638744308 -6.424528890634463 -50.7364070195703
-5.241491484587044 -4.697837327210187 -84.94471390274578
-0.3939542876719206 2.2423328122290513 63.285830277015386
5.529461349814977 3.297609736372507 99.85163790388285
-7.163519933291538 -2.9307459711022297 -5.335409557012254
-3.6838427119843176 0.7593306459475961 -90.85306457651183
-0.06186904461553677 2.1127611308540133 -69.62892046332203
-6.255233347996452 -3.5486877121307203 64.84224596754264
8.391854033838628 0.34793601197029733 -24.724163143158194
-6.601968320295119 -1.8290477128963425 96.62336105226899
-2.9345111563977966 -6.0976523019066375 -70.19868180385558
-6.272977559690125 -2.535489122766061 82.54472559522625
-2.0169664341863296 6.314903649760653 2.83546045149151
5.515167982955942 -3.235961826435254 -94.6033136423352
-2.8973215026083166 5.863836976312259 54.48160607063139
2.2524157788922987 -1.2385973320603048 7.941852301094818
-3.489834396684019 1.686896208491866 67.07318316762039
-1.8863935089290915 1.7359706824213836 88.28715332967028
3.5447376300578637 -5.7067280095054125 93.92012251928098
1.282987542931622 -6.680916736677251 -44.55214564827412
5.050537532870036 -3.571757076565601 74.49503032431048
4.170263531191003 5.282669800605927 99.8349795815903
5.1028275815752 -2.1367515159127137 55.56141962432917
-6.974716617675345 1.1849475856840406 -10.914389905749251
-6.277661219888285 2.8436520492526376 -35.591488223361196
2.116145000627847 -1.8429205381794245 -36.87085416423407
-3.4816243553625617 4.028547919100666 94.92432722644178
6.380285971886542 -1.5233219106724416 92.45659234610022
-4.479429001726906 -5.022978499172061 -0.702343409567423
5.3712573111788044 -2.8796304903820324 30.990088603855142
0.22281383536731833 0.7219806363224675 7.877184174048692
1.9203300789492108 -0.04781740280348046 22.826888102633983
-6.6871350158300364 -0.9281461826441817 69.78092521018614
6.969066191265492 -0.9859750972427659 97.30332332337727
-5.632400511435192 -3.5621881657855687 9.759530384089521
6.8396096125359795 -1.4526485315202058 75.35845562664815
6.162660331745404 -1.8357947108382986 -40.640141746847725
1.0000614398058025 -1.4907112013602617 -26.394241740128052
2.2227854270337266 6.025873195395965 15.77141787012493
-4.204986626911526 -6.046373342793918 -26.72651172772409
0.5683293375267142 -6.5909263765439485 -83.8748015541056
-3.00656441872112 -2.476553014160723 -91.11871085537025
0.5118122729512418 7.201898386094391 9.181157047730794
-1.800647514331748 0.22930901423463249 71.4607759537439
2.209463717277224 -2.3662211605837085 38.04977407405284
-5.57535672944311 -1.7087230762347618 79.08758987328511
-3.9504802268170116 -5.359318386214058 65.65323823753609
2.1794555692230095 -7.300026465305142 -93.60260795605905
4.135662080907856 -5.76186462671138 -42.76811153782875
-1.6630007633736186 2.2295049425733247 -14.491812294586898
2.1112000520449064 6.49743164748951 -10.587089887054807
2.741162475791799 -6.946499224974957 -10.816312531728553
-1.0854287665830158 -2.3464554831333277 81.0626942697002
2.349897838931217 -3.842289254328206 -16.84863420939242
1.1915489350906106 7.248196417479306 -58.51000090416473
1.2390991086841492 -7.228750826809085 29.661172054452777
0.9696623212106237 1.3649101205309546 -82.40632053574366
-6.738546905097588 -2.1446230002283246 72.1826609638793
1.4385364192865477 -6.354370172709567 97.03448691784635
3.1869144300096415 -0.3180704215337538 -58.32801875843466
-3.3628030915083515 5.90748445881222 -74.75502958843454
3.589662145420059 -0.5072555916522226 -27.83837935977659
5.42891665672295 4.165481045122585 73.68696687925761
4.261315666250394 -5.879322952184009 -88.59895073635057
-0.887702712609549 -3.4940524282239944 -58.77438054694043
5.985472425074319 -3.6749864026311245 64.20659354040703
6.2035729277937 -2.4002156659695473 -53.443306921668544
-3.2583864759845915 -3.979976202403616 70.02195220327248
-4.267149003576531 -5.050371326743221 -60.46520717432115
-4.403252614283153 -5.0566464038685215 38.152993572689724
-2.107624967198113 -6.9506031400195 -55.219056936090865
-3.432781937777895 2.1915912189795996 -48.25596544011008
3.397931290470054 -5.597995893134303 35.08988461775679
3.4275708698684197 -5.56627436590503 48.49907503417074
-3.1312715032826146 -0.00046544364808531746 17.184624169004756
3.8044704786764965 -2.561073894857227 -88.69888863027275
3.9921800768327818 4.601228358080821 0.14899166105556064
4.319687755806893 -5.285611982145505 79.49687152015015
1.5818755331412264 -6.601288521034955 66.11392369978124
7.1087996009588394 1.7394544254472066 -63.67046824888792
2.247224836897442 -3.7028681155274104 45.65734517326822
0.4793637253471883 -6.673699113549351 6.357825469093105
6.726299971061728 -1.0556292214453262 7.944093059186349
6.666851702918214 -0.9996454171131665 0.3270739396793982
0.8282285216099835 6.684571256387359 -61.52045456702151
-5.5294689598416635 3.286419409695844 9.758969616568752
-1.4713188412143499 6.536550131538895 76.63459094407736
-0.2517549384568024 7.05623558373704 67.44090474746169
5.037624553693723 -4.551403108843119 -98.41964508172946
4.791226058396604 4.622346102323977 -30.676158391114743
1.6190189546130729 -0.9878609127660839 -49.01203688672104
0.9139927755715761 2.4092261092194183 -23.40938716587873
-3.206264330952164 -0.35118919634315976 -34.626155673442234
2.4931034266754457 -6.49586127629993 -21.618780676294993
-4.6106265964443915 -3.3463864726002823 17.797482018542386
-0.25337852345493356 -6.438220891311916 0.5961390183329398
-0.7591599568974032 6.677963241939611 72.04213981986774
1.5255013910289121 -1.364922973723408 -96.42608624941079
-2.601290730580132 -3.8125185710701874 88.07397756600312
-0.8932555022989639 -3.264302175735801 -49.88004021344126
-0.2370994974427617 -0.19122830470296848 -58.58788015817116
6.724013475863742 3.362313202509198 81.8948827569019
-5.334740865894605 4.168654922065374 50.1517173126934
-6.26307050585305 0.6628711747691516 97.33081306821421
-3.899963540325141 5.454600371381509 -66.99622944580172
2.7423504830024985 -6.108815310233542 -0.6976012294059077
-3.770783891272922 2.4293350701132765 47.45394023693184
0.23008056458830445 3.854141994350213 -16.378393041451773
4.9441924151132 -4.541912664907029 8.209121706774086
3.9350294761480002 -0.3458385551620961 -93.92954818273324
-6.084629449973788 2.3240131011744607 -59.503029230119196
6.60116325503391 0.6705448698589914 89.58805135823495
6.127545831876551 2.9083927961810465 -25.66558078021052
-7.931759159777142 -2.2244621608742428 49.65945485862669
3.377508236736353 -1.0310241716547563 50.903354407616
-5.943168333249837 -0.9937014132942373 31.821650944844173
2.5470338409063604 -6.0944315547894705 -71.13854177814235
0.08821641636850619 6.615769972051765 -70.3845418393893
3.6493925112783328 -2.4965142652635754 -8.995496279692786
-4.863778414127241 4.807086849293915 -96.77275626384917
-1.5649124797036693 2.4752668457757907 -66.5475975815028
-7.078290850535871 -0.19816963435269142 -34.8185147394825
3.508687078565049 -5.714629359433194 62.361652532745175
-2.3664823445781464 4.560565202307197 -34.52529992805895
-3.6531269591089486 1.7416185363078085 62.764713028836695
-1.4713205215503151 -6.417726061029872 -17.299853794763617
-7.374800831732374 0.7093928195839699 12.516846901167746
-0.516669586136923 1.0636091038841256 -39.99803434247059
-3.9875132693131907 -5.202281836254376 13.924080549858365
-5.369076645281025 4.27523233979592 21.431255271779538
3.3136746724417914 4.625244731302987 4.025599837413165
-4.771256734563033 -4.176663108404623 -89.3749521313065
6.255919636001125 -0.708964129618484 -80.57219505094727
7.835636827582438 0.590535512595832 24.945002874701867
-0.7527315569303059 -6.532977988879639 -99.00331055395382
-6.459185040314023 -2.648877052795506 99.89876943970002
-3.311461278609782 1.5415059250306158 -9.737357991500186
-0.8909419293721892 6.19766350183882 -13.552895821917298
-6.339051322933835 2.243752497344842 98.9641585938235
5.317450380794687 5.697300748650875 80.70248998383808
-4.608259153753727 2.813112944659136 -40.71839741909195
-0.8011287225325819 -3.6543481615997697 -40.35869771622205
-5.275468443804673 1.0949971035303026 -83.2067796291903
-3.2475648594007125 5.776848419162635 8.931980619430838
5.868701902952838 0.5408136951071838 27.561604842803135
-7.0469589864551025 3.12019792547366 0.9564906389125993
-4.730758782120529 4.443589941595709 88.09920271711755
-0.13106236519171877 6.467246159998754 12.329536103209502
-0.9764605823884039 -6.411104237353539 23.051614908653267
3.482254762853964 -4.590537560128985 -6.833563485708021
-2.7314342574862627 -5.579090667160999 32.14571292084474
0.1482602235395149 -6.7823005142793376 -31.583664390619543
-4.701631531876202 -1.0621343607367706 -56.200926367742284
-6.275684589063177 -0.6737035007027846 -46.99273922597378
4.890449020598977 0.3787024306424852 -34.77181417394775
-2.745704353142993 -6.901916890163402 46.77182441231722
5.465827800812496 -3.51167607264666 44.29712554495634
-4.745792368117144 -4.252322906516931 -54.27732017582075
-5.371968713217486 0.6307319868628705 27.720551397298067
1.6780406815759514 -3.144871976479179 53.21984804343695
-2.6424095212073992 -3.8847423542259207 2.2722995103213353
-1.5984815599177087 -6.230200654899802 -20.76810139766908
3.5001109958876677 5.399989773688682 84.10111525451781
-4.586163038663371 6.833280616927514 61.32361552706072
-6.741917951196706 3.3278687264766043 79.67322976824309
-5.507801647114241 1.9322705507345572 88.30188172066856
-4.263022407076325 5.858361360678461 79.31142114339471
-1.122271128250979 -6.7046439074226996 -58.11132026266454
6.673851611277591 -1.0122779971028175 -37.35281547734777
-0.6730013247661444 6.617586401435089 -51.017978243774834
-6.014256956486691 -1.8462102912213638 93.35151085293118
-1.6381909766047653 -7.799899371240338 77.559736209131
-2.594817526485483 -2.5371682104639395 93.17058797461205
-4.005850373611269 5.18608173998044 -32.14723796055885
-1.5917878183523226 -6.50355200441696 8.476201850246053
0.3008975324493832 -2.098156557889833 -0.600517523385259
0.167775497476496 6.65490828995311 87.96401048658221
4.185605004592863 4.910561921993814 -88.62210516677634
-4.5873291256524915 -4.832985240995655 -67.95814389400631
-0.40187048012249127 0.047418130089035726 -85.0127239207281
0.03460558294017135 -6.578828684301922 81.88163834651729
-0.4905749411145299 -6.443478974312437 93.22247787495797
-1.6340328993894178 -0.17451746198617427 -79.68360177295804
6.151181925694582 -2.1961128921974877 -28.33371951250436
-0.5604112978373705 1.0653616911532666 -50.047273167326196
-6.774158309082205 -0.1815543852377508 -96.36615976701026
2.703660322621922 -4.602336688794177 -65.60993361346299
-3.948386775080256 -5.25546541606766 -37.4546034376552
2.6809895231384617 -0.28970687658349004 -32.077193134044535
-4.9538741240013096 0.7665763926662273 57.27365501483219
-3.2516156554595965 2.2780639475603075 -3.1362142544025096
6.364863616382273 -1.0631821349663342 -22.452291540170506
-0.7992905534754 5.626655255743654 -24.251761112410406
-4.995930293168477 -3.1296624623270506 -97.34273069901485
3.517930264468335 0.3223117272174668 -0.015089689717047793
-0.41046190869365795 0.44384507376118765 40.94362442612262
-1.8976200364192042 6.13004821902458 -47.98814135842438
-6.421350534922841 1.0212104431140228 67.98444051666529
-2.6629409451417057 -5.660723420834092 48.98564484290849
-1.681995076666524 5.457417844458243 58.24251884283216
5.388756361334681 2.5870646617041753 -86.60108998045872
-3.625890984231093 2.534113882027467 -94.00375393065782
-5.071312201814499 3.565057728404643 -91.27985855338147
-1.4648631954541376 6.4206643450331 -55.0069675747649
4.859463684191714 4.510115437396935 22.69515007643397
3.145808601586265 3.1763881426277862 -95.18317581754079
-4.199545878844686 0.9538687913116396 93.32915381049838
-4.624770915437218 0.04342200235540826 -75.10637811886697
6.786468954934177 -0.6235381283830161 4.0290264703321945
2.545890061347655 -6.921282157602783 44.447345372220305
4.76418994463159 3.525212206417182 -47.154724933863676
-4.810393587166648 -5.445063895077361 77.71020200301295
-0.7051150304573462 -3.9121726684722513 4.534073891790174
3.0137015514085976 -5.902540254186444 -33.01475229104128
4.477935517769799 5.245260261361322 -38.56312981945752
4.149440561788294 0.5054558450240002 -20.174103355486054
6.497257467698179 -0.19951475945930938 -55.9273696790721
-6.583732909448421 -3.001205649312668 19.350507415957715
-1.4737765034684887 6.125238885591016 30.15663896799899
-0.2839346113527754 4.432925852806906 21.844313400712323
4.3570694752911034 0.09256704832930462 4.8680733455348
-2.96636879371547 5.235799888160582 -60.69281790788607
5.721996710429466 -2.573792200477647 70.01250361229178
-5.883840361102632 0.9835573106876678 -8.478744472504498
2.8685632971014874 -6.09067795692615 -47.941637431458275
-7.094008888793378 0.8771412063524421 15.157149314719126
-1.7966022348022561 0.8674680375556195 -43.63116333998331
-1.1940520158462278 2.1009816234640195 37.95221119351242
-0.4828757326621457 -7.6780167367096945 52.928491062072645
-5.30732581289192 -3.3251497816175033 23.30371139613583
2.609354450692522 -0.05866728621698747 73.52283891061315
-0.3142468316099013 -4.398434757835069 -86.77514218502901
-0.6635640988125443 -1.6135021362355317 9.46346446624505
0.6871950090688113 -3.699912304718881 42.690297921520006
1.857521294784675 -7.168631082442063 49.2092907434995
-6.166940258651229 -2.9294934939802673 -49.888405306374956
5.862801352917563 4.889123887326434 15.60187070904886
-6.162492588110955 -1.3440144642255523 41.88877418474762
