-2.0736669709522872 1.3291637500344389 -37.67467284247386
2.19282620260895 -0.04863164435220835 -83.41361366449668
-6.156880002783062 -2.7712984192980463 96.49076512744033
0.28564056034092866 6.591292766689345 -5.157072908431354
4.312614359184912 -4.489818803742576 24.858580765754404
4.225795264787529 -5.038431860741434 47.441025478538215
4.193129426244259 -4.986286719824776 50.561243143190154
-1.1186223408107023 -3.1083809539570884 -93.33030951665677
6.616603732682917 1.28874015639764 46.34657826614378
0.6795585589413209 3.123140913450862 89.46221075202273
-6.321252270790194 1.8935765749502464 -8.054776232835506
-5.574046550075527 3.4757686917671213 -40.152990429762895
5.701177509901177 -3.2716023460962425 -28.81973139839519
5.354493520518336 2.129022073463093 86.6845685728432
2.0092093502718473 5.824158056951648 71.71592788270505
-2.750758791424469 3.911567688465702 95.86999977539662
6.450943446454286 1.6018399857791845 37.21248548208039
-5.148558067764574 4.0176139810953915 15.814946070254853
-5.013344119590527 -4.010067768322688 72.75063719750474
5.441037709957351 -0.929566550000154 -74.39501229160912
-4.155517054675725 4.576031833313925 73.0114735904216
-2.669582267300788 -2.0114250404134006 -91.1000490370832
6.5906107108955965 -1.1369132299986626 79.31373412042261
4.977950340429727 0.5659507393531206 -99.87535072500374
-1.1732551816504355 -6.655392276927183 23.048441588117743
-0.9537858925204709 -6.431473656788713 -72.69802477400792
-0.5825760405923566 6.154606925134224 79.03802700387962
-1.6293968265634322 2.127320957215535 1.2712273700517873
5.6716738824022315 3.367394377061061 9.335131157507249
5.222095798393678 3.9091545016055353 -0.43671141934466395
2.82015524998921 6.344625457410189 -55.083631345286186
-0.5705045204531596 -3.4049457623174826 95.08192242075577
-1.8693024509006577 6.150982220151373 -90.39721827855656
4.001758195496581 4.501973611457348 -88.48065289490381
-1.3379403907977898 6.260712982012771 28.534628496456698
-2.4124076022238916 6.195756020838591 42.83677344809923
5.239618067393315 4.210347527905319 -53.58818324214225
0.8142249215550783 0.3417199346290792 -30.93033811371852
-6.506049551673425 -0.02561778897290401 -23.32956431422042
4.721421369348309 -4.32841320716257 -24.28953338195296
4.543165670631778 4.6286175768521804 -40.40119459064411
-3.580453283478305 5.427632112244457 -49.40305654495618
6.445300979780508 -0.10438545712518466 33.989683810852604
-4.7580549719394085 -4.507760179971232 -31.482562697129982
-1.9518406207458632 -2.2334468072470592 73.00626953622253
-5.935890372654806 -3.1552808418092235 27.335566488807945
5.368741733357298 1.4091750735227715 -51.13846111543406
-6.627597767686557 1.5720062362354954 -54.515985691162214
6.2244896207045946 1.3265523542449569 -63.96214262874876
-1.0254702640593454 2.2955118230476907 30.83414882783905
6.187415193411284 1.4424232183649335 -72.7058233920503
-4.707906735363233 4.3761845590455515 -44.52727759423926
-2.074421891015847 -6.561708735541731 -11.98571257849913
-6.251353747053273 2.867539174488925 -68.89908626723964
-1.3309417208697143 6.286246482283245 86.44297316657074
-5.310266303391796 3.747023015261657 65.5451546594306
4.115870873781217 0.40658483430300196 -40.88825109325465
-2.6547545611179886 -6.252812477543716 -83.95501839748076
-2.9435827518626616 1.01949045872788 64.28078166922404
-1.566018927381465 1.2037920197993182 83.4344595321601
1.6459080739195402 2.2613143552743464 -96.51259163991244
1.363760550583742 -6.683186883317071 -42.32501854351291
3.907781604300509 -1.7912465910117363 -20.975613146177203
6.593203512196221 1.6238279945403113 -32.0115673795347
4.068413881151908 -1.0688072745794854 -15.337321990886133
5.7156898002517025 -2.8438248035100258 -57.39216660402161
3.3598339189137687 5.798952053722629 -68.23668108810823
1.779200642402888 3.087217586616551 -93.41247454387323
1.4583914807728557 6.463079360872546 -81.62204811577033
-4.002833102779726 -3.6857598420795346 5.810223652777527
-5.989821353312404 -2.1203800901331067 55.30863079952495
4.867022577546111 -4.66904172326062 -35.8686814217869
4.233131186654233 -4.454004776180544 16.678606224654825
-2.36245776354564 -5.991944079279186 -32.68644543952057
-6.340472055002122 1.3916178102525718 41.145339666022124
-0.30704253545219584 -3.7074821779201583 -65.18533898091057
2.2014026838162333 5.163779301871315 49.28753341533514
-1.199721265864669 3.3543511025348023 18.33157356212207
-1.339842966654335 -6.723072397575656 -1.1490157699526087
5.568123249091999 -0.8345768418262958 43.2180754089178
-4.055574257196291 -0.20084522362817495 8.232995855880688
3.5113094234978384 -5.05817066544235 -13.7272005382533
-2.073449872600615 3.0544001118532225 86.4925266179661
-3.554195571581154 5.141708712497754 67.95976494088032
-6.126630581755403 -2.586479261545237 -78.48149938456825
5.408867000891461 4.324786276751394 73.33806196782528
3.2306103719793096 3.977643839908316 45.71833232165723
0.11767726094284647 -6.594312548945882 13.211778365232616
4.026310970328301 -5.052737576279153 -96.73809051933874
6.179625585608376 2.6642864584527173 65.40904136361185
4.467434797142153 -4.982573464706557 57.72058315113488
6.263913545183601 2.2273265567244978 -83.10399617503955
-5.96380864421586 -1.1389671555484153 11.456623919079748
4.542017539153766 -4.457768287772481 -66.58477274373051
-3.9916556531592113 0.5552776935640256 53.166551169354534
-4.464506697089596 -4.503989140767801 -24.057198118448763
-4.338958418562232 -0.3093125189413805 -83.12030624959897
-4.504880851796353 4.933179944955575 -14.702195470393304
-1.7231974391667155 -6.225905504912825 35.80223634000256
6.305945782723262 1.589608291188239 1.4065441063855808
0.8878332372904039 3.222391045225336 85.48924810781003
6.241430514715513 2.4791775461022048 4.544738143876404
-3.6240857578436647 1.2935900577087647 -68.01002003687563
-2.7113507300948423 -5.148292440644972 15.544489967415391
-6.026695135718515 -2.302181882131085 37.415081903979384
4.307208243180389 -4.993647096459516 40.702655830727416
-2.1484352355534373 6.168223839828551 20.966686061927128
-5.527464664006377 -3.1180923289969846 -91.90243443053348
-0.06419315527530411 -1.1702355696690507 -69.07330821604843
2.290430293753729 -5.904658423981203 55.2929418355065
2.4755345687130252 2.24601921283703 0.4149409518237839
-2.211383042931546 3.0286464181237087 9.294334585709715
-0.39407401309542933 -3.2466481930362594 66.58870635923553
0.47391604439210316 6.5301012212574125 95.04401747383618
2.6829236139589794 -6.266525223626419 -52.54041427623053
6.173796965822263 2.628406081521833 92.86432243337167
4.719258640538723 -4.630631186282308 -62.023003267339185
-2.922232017282167 -6.229051101780024 43.091819236821905
-5.228547246163542 3.688805164903754 -36.17862850277724
-2.430379168489108 5.045591240063704 -85.085315306943
6.427329613067185 -1.7817714960849014 14.460100335735378
-3.1285118285670843 -4.639512277209869 2.8015433275133867
-2.692664067470659 -1.4610484022431294 93.07315127737071
6.3794692903875845 -1.3724601817905706 -77.51217313580764
-5.8419670304185995 0.9278151671954623 -79.0041138162165
-1.666168682032212 6.069018536063117 49.676917759312225
-5.545311472992729 3.7015401143788282 29.012706039688876
5.057000860925478 2.0338071939278306 54.693215457212936
6.652912615851598 0.3064788874215801 8.637307607196067
-6.36392420411393 -1.170036623750562 -26.536889358474333
4.083491033268377 5.269278460299493 11.584437177324888
-6.475725926366813 0.8832591938892037 23.779115088752818
5.399455441584505 -3.7423392956025 86.4001178625445
-2.3345885489131533 -1.96680636466476 44.44534071022813
4.8011364937767524 4.765889660860021 25.723800986487262
-3.7998939628725243 -5.259543561259703 -66.73153428468535
-4.276084285506761 4.510192325717753 48.05928169174869
1.7027747891267344 6.5722151723499325 -30.43475531994861
-2.120079064442339 -6.457242922705409 74.27434395022043
-6.378297256654277 1.5617349040682404 -51.21209925555469
6.401157229653168 -1.1242981660109002 -37.26794912364805
-3.1918071471843943 5.8914269516979845 54.44236782580391
-1.4465459913945173 6.435101820650526 -78.59474326367939
-3.554327991726724 -5.279352375905525 -78.16661895426175
3.1577508520333355 4.870468798116077 -65.40393700659087
-6.337547946906628 -2.179321731548893 51.35042046169184
6.707998603657198 -0.08049363322767616 11.816802504059215
-5.813716174139311 2.3616597867837585 -64.50851528290654
-0.20822318195148948 6.035244260691644 -55.42110133346156
-3.899709326033154 5.522923412738601 -94.88296639827539
2.757304035173508 5.04371136386406 89.55829810552656
-5.967363533920543 2.2564273067790412 11.419223644526213
2.56490765215953 5.494714845110032 36.07631270652296
-5.338703563412115 4.07207927322595 0.8927677512532735
-2.854221995735988 2.63333148134798 -99.95402619434708
6.767821309770541 0.23444008727748503 -2.668818103662281
5.0655596370475156 -1.8432579815966386 -64.42597665219739
2.402342162568928 -6.040081106043088 3.079969290104053
3.6802154657064916 -1.0665221045741078 8.821753762548848
-5.549626409298067 3.6547952243730375 24.070828700153367
-5.816867238168742 -3.2882237855183605 -58.62850584861133
-5.438476464781706 -3.5444945655763136 84.26273275630982
-3.085867941563759 5.982727241205275 39.004379575909276
3.4054293292651225 3.071044588537681 39.83271059724041
6.277554096164093 -1.4124654730975617 63.0293954459846
0.08444584944845504 6.670766485428434 -0.36331062631409994
-6.091750656973623 -1.4917026808996696 33.796164498838664
-2.4131792624397317 1.8664083557257292 23.158613790732083
2.1171623383849347 0.130127976064066 53.360154657493766
-2.682038263849941 -6.023282238565033 80.18453822399972
2.9446033584833953 2.0518599639498376 -25.014767929109553
-1.0097229608447442 1.9464908838705193 -54.67467165641106
5.617315342882536 -3.841174600716632 -7.683703766456403
-3.182399316516329 -5.705976271621373 -63.61009725778966
-1.9901056649236053 -6.396770945360242 -99.15087867359378
-0.9109665106464058 -6.369565643102924 -94.91885409751289
2.751728062875462 -2.501887665221889 41.80944238863753
-1.8471722374590305 -1.7835000369146923 -19.55560979616107
-4.68308323479467 -4.884288574763203 -9.40826862920824
-4.170593649497769 3.986411619189635 -29.033970595137653
3.0255494193754116 -2.291182259968091 58.434571164241724
3.9573299163445244 5.538811864393839 -44.03476127786228
-5.4898771265249025 -1.4940093464062387 61.7250640413494
-0.607721401905983 -6.530622262834444 -76.08319296592248
-5.252086256272979 3.716719714156992 84.00652980736183
-1.876371642994132 5.750008807448875 83.33790000589885
-5.515336505577197 3.1161148136285397 90.60930173664967
-6.32281231275034 -0.6400502181084934 71.94484895611164
-3.881241289068528 -1.0940318313626356 -33.9737303287573
4.392107739215669 4.241198301066605 -60.66427122722468
1.3768665125906914 5.330631927810477 60.223100756798544
3.278232989891991 5.928633599638578 -27.323601906965123
-4.248510809975382 -5.058277836402025 54.51856892075425
-0.005325010131256511 -6.2289719115871005 -67.24209760534286
5.735542470502415 2.5768276145986606 43.21036343949778
-1.1198042872767797 6.103919479619195 -75.35870057053037
0.45061589291631793 6.654625470948625 31.115037538237598
-6.814796732264057 -0.20860321272460997 67.66925570069112
0.9617071289266607 5.508244715378507 74.49916064641096
-0.595212413636546 6.087404102985908 45.39334392258124
-6.010710647205929 1.860675634543105 -87.95976879703386
5.773829821129085 2.327494923890831 -77.65586767874571
0.6905610227156783 2.5722068820181474 -83.37808617646306
3.57982632339991 -5.848476359495592 -87.58234528503897
-6.24783543142164 2.4310335400633196 19.692588086223594
1.2843865564299881 -1.9551996642084417 60.728110525640616
3.0558892733856355 5.40191547003299 7.356883315070596
-6.61791035457959 -1.9521222537688274 -86.05876934415595
-5.10046374993954 3.9952914067784797 -79.34401746594062
-5.719885017503665 -2.550937051341938 64.98773711464594
-3.8471994125895828 -0.9334852373488639 58.733637360334775
2.426059745136681 -3.8972148868906102 19.1258610987002
-1.1280875842558857 -6.576134164396005 68.53431619394364
2.6239247855260297 2.7378213290169415 -63.27678369351684
3.9233426731449925 5.556843723083952 57.3659205302527
-5.723045637827159 -3.5031459670841936 -4.662340778335225
-5.8168516122732115 3.1848665323455747 44.99003081916254
2.1688356679970577 -1.7872441979437526 23.00630538474699
-0.7173146287881811 -0.18953484172488966 -92.9621148161879
-4.7730356777549785 -3.9654618275312 -83.44547906782007
-2.923272280236738 -5.685110367404276 83.19624199730646
5.986680076987591 1.7123537998076053 95.72777555409827
1.8092054839980007 5.824353268392889 9.771786079931532
2.1810014498621104 0.9887090342967183 78.80250602540721
6.352786456852315 -0.9010435253356778 59.7529778687668
6.09649894956433 -1.6278043314459612 88.89935330308134
4.6839502687930485 -4.750852054140089 4.744092286811971
0.4095312089620193 -2.981110051387296 48.262609461485226
-0.799493130200582 -3.535013949534957 -27.131578758341412
0.43665335046269793 6.722000069674375 -45.03789553264837
-3.6766577794331634 -4.990239049535331 -20.92106073737669
3.8795105520881945 5.018506393468434 93.59194764093958
3.040932520806544 -5.32870254030355 -40.355710004967996
-5.1430132499431895 -2.155163355032167 2.807744272569228
1.90917032671209 6.333880212647269 -41.369995370390605
1.4043647137587643 6.273044435789974 64.44928701018524
0.4607136403679675 -6.396201769764463 62.228379755689495
-6.4931573358467105 0.004339045859352408 -66.91476468938579
2.4289757441375905 -0.2672181421674873 88.52236772046689
-6.671494490483452 -0.1591903418550774 -31.161297653713113
-6.725009816592168 -1.0927914409886466 -81.25643293017272
0.08732315254824763 -3.7047978315153953 55.72673603312643
-0.5882832508486247 -6.586001142853119 -91.38933570904408
-5.130748859952395 4.185400661606633 32.8424335144095
-0.7400008661929769 -4.385005627805093 51.77137027603433
6.641091265459473 -0.5920589301802186 65.6083715328452
4.198636955642876 5.005652742724395 -72.0449120505711
-3.672824570462931 -2.3990831809431983 87.88446623767199
5.501945660445414 3.412981522058933 -16.2376613778228
0.8520611348001219 -6.3554924799370225 -60.81577606996467
-1.576227068757615 6.499880956750527 -28.370719502662787
-3.99956389621129 5.296755953185178 -1.4196829855929143
-3.6245949514150273 5.544877692769804 -21.622342284939975
5.342016907266461 3.90627565580391 88.85360660662201
3.0155326636715225 -5.794592619558719 14.397649329638917
-6.51194517931787 -0.783657431772286 -43.75996478630699
-1.3177862367808246 4.901278676981811 -81.432012571863
4.998645039550018 -4.310807587603597 0.04327732566849274
3.000738306301812 -5.285660161882518 83.77188913872541
-6.3467223294296815 1.1734520676302034 64.20086425143421
0.613915308543335 -6.227945998549309 87.38555239106753
6.821283112561115 -0.04901244406593347 -20.149577603425417
-1.6306102747304152 -6.276830544721514 -50.66298259778938
-5.090939734292305 -4.523133321968758 -86.45210342272922
2.017002840768406 0.4849574681113843 65.90075791881907
0.691673254780844 2.340042205013841 97.81501627715603
-5.8957457474434225 1.1922799324685602 -13.18851409860751
-3.4943234570935457 -4.503119125363346 -89.53985225653244
-3.8917648249573142 -5.085596042100894 -74.93290065221169
-4.963774918655411 -4.297013042712577 58.011237435633944
6.664168086502975 -0.3755948301918341 -23.456308467810686
-5.610312689846894 3.1224458349017863 96.0605124569894
1.2864949197945834 -5.728035486568257 -70.28302249042578
-5.358978913317713 -3.952568497680463 80.39546517848561
-3.0744766251671405 5.693769509519131 3.1906547611201717
6.064863510590883 -2.367253924335704 -96.14850798540168
0.7259884398462924 6.649995353961377 52.99901549870273
0.18303352445488635 0.09568138669016132 8.872823285200448
2.8487208556970995 5.3624811050465215 68.43315449510352
-1.2975551136598136 -0.24471287674459508 88.68249689885455
5.626139451806848 -1.3681599942962233 93.50920561708865
6.432066771394056 -2.1903664424981955 -42.53926725899481
-3.126177837737584 -5.946943265526269 70.9949179539904
4.927027895162393 4.349902782415852 99.92449482278056
2.512938685559002 -3.220491232848419 53.24094460189738
-5.391816882076679 3.663998724545714 -10.705638699047352
-5.750254822387864 2.049123450963451 -33.15518222665957
5.624186271208851 1.2012826609718956 -47.57941468201704
-0.7385021689201916 6.444038886386236 98.87555601818879
5.334624312178038 -4.136433979452826 91.44970187578052
-3.3336013871782932 -6.081702207892175 -3.721164666025979
1.536765126645028 -6.228404902526362 32.73175887161338
-2.3332530763598878 1.6789065885017227 5.790991692831644
-2.3122004325285896 -3.3956292868823446 24.88378062731829
-2.932158634971139 -3.014821439887606 69.04327828079074
5.876700211301818 -2.43259546091741 97.79998325898504
-3.338719052075062 -4.129347812873873 11.388686317394852
6.132440227255604 2.268915860203618 76.13215823016728
6.421486368233601 1.9380213132982336 -42.246914904462365
-3.283761412522889 -1.48840462697442 -28.706054623851408
-3.9389204413450574 -1.2617388175609254 17.268623276510212
-5.765176558038574 -3.4460981750606083 -28.345851895218477
4.623916945364991 -4.435312520028811 -80.53391052965308
1.652105948233501 -2.616426721658981 -88.83263216897512
-1.2805531369950516 6.7159647464883285 9.47741598896383
-0.3693163890186922 3.369797907306251 68.5529259426206
5.485304957785384 -2.6331866220874613 32.98121359091124
-6.286893357833088 2.058082372344965 73.76538508324073
-4.088167947553626 -5.178004781463519 67.2142060954381
2.1764703690361618 -6.3540001296682735 -93.6793812437114
5.164865692528778 -1.636353936713183 -45.46033019544834
5.872833314039591 -2.785388033153377 -10.925087094909177
4.481898383145557 4.819268465951575 -10.848327984756324
-1.3765028896835116 -6.153905561491682 -8.630734889749208
5.36898522684703 -1.3613884539658796 74.83499203957854
1.2372605783140598 -6.5944246457621745 -18.10888364136851
1.3416739927369479 5.985549032897963 -59.07731661824631
1.7171701104718284 -6.2895720444684535 27.807521809040693
6.449274835270716 -1.5431360679091244 -84.82620559823597
-5.858717504274145 -1.7864570258859205 75.44662928350212
-0.0857990939525703 -6.4612578241273235 96.34678642310317
1.4203274325888537 3.035558886114738 -56.685398783553154
-3.3712784918479293 5.800857403523815 -76.93605164811504
1.25878529868423 -2.777648589139327 -30.989503086293123
2.231398964894531 2.13180289654204 68.94331474986268
2.9096996763203364 -5.792399367042785 -90.65006480378652
-0.04625555274715504 -4.963731743625865 -56.98417200313006
5.510890337504937 -3.434046606739417 65.9676348026696
6.264131388254449 -2.064217735369022 -53.73957290781889
4.285136534337022 -4.684322623828851 75.89831139072324
-2.2735620449737537 0.8937166465844589 -60.50849810912541
-4.946514519370927 -3.8320304039882283 41.07041553469925
-3.159529535284924 -5.691617621578491 -55.046281759164046
-2.6419551665281498 2.7940300020433386 -45.904933053694386
-1.9351593891921626 -6.3151758998520044 31.69853097698338
0.23351063459633997 -6.878610329574273 42.64033121798865
-2.9953435311710304 -0.9693807684097502 20.022386755894495
6.006236966356193 -2.8343233101067073 -92.46247720398597
3.2773303655033468 6.065499716533846 -0.888618535938209
3.1916322409290463 -5.7887757679872855 80.39178768277033
1.4656723837191652 -6.276390412790274 66.5845637034006
6.662907083666987 0.6197003721777218 -68.47678735305648
3.399568764714121 -2.129866140285599 47.448383311543886
1.1268991806050324 -6.547146362993801 6.849931045713229
5.240399818391169 -3.9349934340183776 10.25930924065311
6.269310889196334 -1.6057558902448663 0.10797199939085379
1.085804506578181 6.507693123526393 -63.921964297055766
-1.7416737933110964 6.380689202662243 14.749088897345475
-2.1786218407531686 6.3973259930781765 74.74374053846668
-0.2626333995105403 6.794651811916774 67.3575547554331
4.4796200113746485 -4.605321164052031 99.15164482545686
2.4873475959806672 3.3736687781964645 -30.268809860353493
3.480858428948959 -3.294927643135605 -53.441502391441354
2.6346678585952015 3.3979303839953907 -19.793282740615325
-0.0903019754835021 -4.330411368974616 -34.61888831863236
3.023247293418202 -5.6688425770974815 -20.456001367360468
-5.441262667168669 -3.958521755407374 18.57967474620188
3.756635657560081 -5.615243154103009 -2.322815730854999
-1.3544869122100938 6.454345172192984 71.15523421858641
-3.5839169947689813 -3.23604031608685 97.48277833757176
-0.3140402863456745 -6.106231442767982 91.55347042847633
2.962258347378104 -0.21645947232936252 -55.5809698630339
-4.659584813716191 4.483246328400679 -52.000763697655394
6.745568495357564 0.17103524124096678 84.72914317354407
-3.413392364873387 3.285587313908038 52.165265626613106
-4.100995159413797 0.6156639872527293 98.17441707950925
-4.593998368694986 4.594629396441224 -66.24709674151768
5.8198428104987885 -2.623721032832752 -4.604008792142114
-1.363122306930355 0.6333795138307814 48.58086407797447
-5.955417206633278 3.2293886207521987 -19.606573945213153
3.328887664839721 -5.480548197193905 11.3475211149503
6.574625651698605 0.7967920723387327 -89.25456205497427
-6.023324206027436 0.08789266133737489 -58.62506787615829
6.649443961952956 1.2581925810205283 90.23772679760432
4.839327256481968 4.554611853104702 -24.90821268924449
-6.227534457113963 2.1544523340523836 51.143284781606084
5.750993111080697 -3.0711764500301557 54.6768674785308
-6.672734531997935 0.2686268314414027 30.85824065892529
5.505815080901328 -3.4552855213895266 -71.55393462745575
0.3847268606344136 6.83788985102745 -70.46738776610145
0.6351677808323766 -6.6760282955623085 -14.93925121278047
0.6395693057316219 6.686086090234316 -92.86234276199826
1.8937580468475967 3.0086215105038625 -74.37313175026402
-6.49031335006546 -0.5258549529752061 -36.44676741627853
3.9345029453390996 -5.476565017420316 61.963715425729966
-2.5387325274785564 5.920180096593803 -35.7283125541423
-3.329022911535322 5.9346286798735965 60.598371135922115
-5.25429689849236 -3.8829346052021454 -14.608478194561231
-5.267195222626302 -3.3289881978601965 8.972025534357758
-5.448694195469652 -2.1441768725696697 -38.4754698932569
-5.423543840576802 -3.7162818800015884 13.905342691020998
-4.427000005964338 4.195159505527959 21.041193753647622
4.27361853900649 5.185528254585071 4.3444227487772755
-5.811796018559714 -2.027240610367668 -89.11454885448265
6.782088684778008 -0.9059190321193581 -81.7625628317855
4.868401650097274 -4.420164553310422 21.242326022124075
1.0568014406038388 -6.10209211791635 -98.55307377508576
-6.614690238416702 0.07565485399887335 96.85188944125771
-2.167962369179505 2.1085438468124478 -8.629535667170959
0.7984316150407484 6.486077924070667 -9.657312691900454
-6.102628108879928 2.029926325751644 -98.98251382124707
6.62143319216614 1.4460829646342819 81.36468512737025
-6.855255640345143 0.12238615038343131 -40.78254954671748
0.5330919334962918 -1.110255871138361 -34.99180134852072
-6.700408820713975 0.7395504157567476 -85.12869741803429
-3.388440514649098 5.776317048585657 6.580091474395089
5.991766887076318 3.1691960354413062 29.621841407137236
-5.755644921238933 2.753809110283722 5.289282978415267
-3.051053497016491 5.032226983193429 88.52265522437877
0.11302392139512234 6.564774416560462 17.740092187288216
-2.8846979946939277 -5.178952283428215 29.182893805203936
-0.44632429601106877 -6.676863399149195 -5.621038414069365
-3.005143107317267 -4.437083853391197 33.55073864684379
-3.6512457376946688 -5.522180573225561 -27.372035080822005
-4.9468928015802245 2.809148626472975 -57.312876588664956
-6.386017429449225 -1.8725740468973662 -47.00407070607693
3.700652795174968 0.5291399251746887 -32.80542720068178
-2.0711163962153663 -6.0510150317855285 46.4912253018682
5.748838999965267 -3.214176384992185 44.75247154011447
-0.2535352056196343 2.8533573326791775 -51.840258136765655
-6.378580583554727 0.8011895474302285 27.075563656089287
-1.1561520509342753 -1.5403016834315393 51.95737548791243
-1.7673237098152788 -6.0785019533386695 6.121261900643226
1.3244757255957762 -6.540338854226454 -23.32240524789635
4.528602001965912 4.755189487665477 83.95982187959963
-1.5562575090656339 5.994225410122841 63.193754444359286
-6.541807618029259 -0.14728402995681134 78.82683125114828
-6.005219335522117 1.6255925051097657 81.46023611659479
-4.561888574178905 4.936981912716552 79.0893894053535
2.826555735919265 -5.81303640678749 -58.48777288337287
6.661397455969806 1.3404504405570865 -35.14157158112612
0.8705551608943632 6.593711301802808 -50.95781324698703
-6.438806330788359 -1.4295823503059972 89.60171671809047
0.8702112364340662 -2.7681489097934313 78.48338230949217
-4.299550965559306 -4.888277507438827 89.42193630439589
-4.033365044410988 5.395438231078815 -31.39199160757577
-1.2396959683388453 -6.583544295092106 10.331720227050013
3.132056764472496 -2.887960075407818 2.391512451313993
2.4316052828788672 6.371414155480535 85.87905379582084
4.740670406118677 4.374277464739211 -92.71947838020026
-5.181007610368692 -3.992922981589731 -69.24904385735195
0.9076823268387982 -6.187471236577993 -83.83061095558071
0.19370080643707616 -5.431297064879671 81.41159714840391
-3.3858223146851243 -5.93648145369693 92.45169925859513
-2.2538295690487047 0.2575165629637139 -78.05805316657289
5.35633546929755 -0.8395443931313129 -30.86391465972415
3.1808957903368187 2.8949246810065405 -47.08016647436452
-6.600408870676843 -1.2116505165605544 -98.11495314384095
2.153212779800661 -6.2985714219929125 -65.08832361594386
-4.637165819102085 -5.0022165324656305 -36.686486280662116
4.038533875889808 4.775600043217067 -33.08603603161017
-5.974555653806271 1.7365199799821704 57.770790105755296
-6.288824821323899 1.2571323590752377 0.23159752334823458
5.425053866744899 3.3204243153392934 -28.51697027100384
0.3476820447416962 5.256492050927883 -24.395625183831534
-5.461355769331019 -3.8657752106313756 -99.23289236236039
1.487733690383586 -2.832705357159781 -4.977165756565568
-0.9489303867018986 -3.076018176472408 37.06467323629228
-1.207861241421245 5.731046566028627 -47.26552977315329
-6.417350322960754 2.1853060560257704 70.60731263170075
-5.0285812304318025 -4.3690081030877135 48.31219131188826
-0.769059533667094 6.659652346154213 57.17934635817566
2.519473284229263 5.870349111413209 -85.05592841639367
-3.310225852276519 -2.2846757233888852 -97.34812190817966
-4.445126958058753 4.685736022876375 -88.2250829657378
-1.6808442176549157 3.472836430958723 -58.91746450725199
6.354632227684942 2.542416860938021 23.202864883940308
5.002831431074127 2.32796219665192 -97.5103546124823
2.446949655227886 -2.688401135416288 96.56132521127017
-4.434904257965084 -2.4160906151724433 -71.79374701488155
4.591860895120012 -0.8147544604251906 5.602332886564562
3.1405661715834303 -5.803270209757723 44.50067752175206
5.0615396476114345 4.056804860589511 -49.36819847329834
-4.058482076517617 -5.265772287902124 77.30420972150822
-0.7796869579928842 -1.6560781154810211 4.395167236818809
4.343309394954909 -5.026806657544535 -32.736828004912674
6.392241049862455 1.781511070313876 -38.90237046214179
2.9927271896026575 5.8471313083043395 -15.665536574450357
6.018916680458351 2.9492381013821762 -57.262103409752804
-5.863643236675184 -1.0973449539463649 21.587209017829156
-2.8334864831003257 5.760644150932408 30.93173482623947
2.105970065221312 6.148002763092723 28.2309414876547
-2.5125081437709937 -2.27710036911688 0.12157305826793048
-2.447025267134466 6.041327254538108 -64.34607616164665
6.338651381653904 -1.5380162146981036 70.8285412990619
-6.488091123218484 0.780671488205452 -3.7449056372402896
1.2602863921287153 -3.6867480249156115 -47.89564172083572
-6.599892211033561 -0.5774508043265021 14.586782169150686
-3.211333441362707 -5.220940530686443 -41.83905743025725
-1.607619856707596 0.8433557579474857 37.93529101044618
-0.27461869378716164 -6.566131966820882 53.509318547944964
-5.933635805035541 -2.0186070488549497 24.37292152727068
3.9099296319929753 4.898036485623982 64.87275736961432
4.283671062543749 -4.362966957352401 -84.55362778499685
-1.210637674458916 -2.7400851551163674 8.771549746321064
2.265259482685159 -6.051390804724322 38.531781666896634
0.6431410704340301 -6.806502815353509 49.698891507633206
-5.992594853754778 -2.358706759248504 -50.07288488499647
4.933714084636801 0.6751929027219687 15.616465323128136
-6.757790122524939 -1.6266567807058474 47.77162965296603
