-3.2268099372896972 1.387949917143955 -34.297175574053114
4.234367322654938 2.3952567945744176 -87.988125942964
-4.988130478837293 -4.090773134765386 97.187305773649
0.6845305866418783 6.813570378563587 -4.699643560938081
5.3732338285411965 -4.0962593075650755 26.456057077875595
5.591908351897855 -2.671376203030712 50.0601954449576
3.65469942414997 -5.3724048523317895 51.5980746513218
0.06842793529056113 -2.0554686006588465 -93.36287280372463
6.6766970402574355 0.3506616451225635 45.86020782287545
1.8259637042443269 2.545276536235095 89.05399940615902
-6.4075076199555685 0.3914463049861244 -9.031744307179132
-3.9925512761083537 1.7843655942286787 -37.47171153249624
4.395293162270813 -4.779752579584028 -28.05739902095994
3.699590318183691 2.452459719519451 86.09851447887573
3.14198388957149 5.821969241775544 71.93258625616218
-3.694960112284055 3.5426678425591747 94.48914882901792
6.640027647403697 0.954613550855721 40.63314700116461
-4.972080232753165 4.0982560506526795 15.65680264595164
-3.414228872776837 -5.535159996498215 71.04274595455115
5.373849102656398 -1.9848222078426792 -71.40789146437
-3.936006033150568 5.472596040909297 71.99480452428499
-0.3923667393936846 0.8688002280064766 -96.3158573986331
6.361604112043232 -2.2395223588154294 78.88469492462316
6.0233671057061935 1.1556792645943443 -99.91700599545997
-0.0785811381870838 -6.148425456457348 22.34920940327489
-2.521599589538736 -6.335946872646608 -74.28860308069278
-0.636863123918598 6.65026966110286 79.47966733128638
-1.8243628577409718 2.3644368502001893 1.4711937033690112
5.09302996771475 3.0040419502657274 8.441155715820283
5.090247628921935 4.145899699107406 0.2169396994294246
2.2920622196534683 5.342430929788175 -55.35382146549759
-2.5184214509382934 -0.7427432457158978 97.432308568281
-3.245944367805626 5.746692192468082 -90.94133353279696
3.1461607645621057 -0.4888046326972663 -88.83886591448426
0.15128299907197484 6.5119630597981555 26.52490054834312
-3.6463134061710107 5.584234726195309 42.34257369230523
4.647898823051501 2.367428760544832 -54.106726097415276
-0.5650603469716253 0.640948348840527 -30.46800822715947
-5.803932482700625 -2.3813372032760456 -21.7868973858461
5.1292851802718875 -4.060763333754352 -24.878337151567084
1.2072499798988243 6.2150759167496945 -38.402171091256996
-2.9061657543241646 6.204426172855742 -49.42916053290364
2.8697069682678022 -3.0650404104217808 36.35510693479885
-5.04787821889927 -4.373387665678726 -32.04808445578947
-0.5406209020289963 -3.4339825173422454 73.54133983245482
-5.994380081447371 -3.098621117436392 28.222959558366867
6.566188778556506 1.814359332424108 -51.50131794416445
-6.409758582125109 1.9591269481874432 -54.98017467238676
6.736684722134671 0.7341683945065852 -61.29174723225452
-3.9507783697992265 0.7195394157000281 31.888698568095148
6.569176919910073 0.0820428491247227 -73.75398566614064
-3.7876141092566327 5.416659292692147 -46.048378485385236
-2.3598134140338844 -5.911966943833196 -11.690639647528569
-4.174300786185667 4.3173249625451104 -70.89864343098239
-2.143933420465694 5.947106006630814 85.46430181231851
-5.712308524772174 3.4611127767488155 66.35680751075452
1.4275981759512215 -0.36965783044208267 -38.74108328439946
-2.245115454303524 -4.881924738008731 -86.5983814511824
0.7077572768100381 -2.5555824075466336 58.749890196716244
1.787590565373895 3.935130269461188 78.21595066240059
3.728108904811638 -0.5556720545371997 -94.74932467956317
-0.06970293411775702 -6.699991975514084 -43.1967343306219
3.6496075434169057 -2.522868930575915 -22.694121133147494
6.46565992796552 0.41899075483294645 -33.959672893882995
0.4139444002500874 5.71218711459216 -14.698818763249326
5.773684731892739 -3.0887835788127567 -59.17664558039109
1.4992332997017193 6.666858289735247 -66.3758161441706
3.2295907748280426 2.5090681228899476 -91.47827722975988
3.742303976097497 4.640442353465807 -81.72099333443946
-3.9303631606750655 -5.190718705024017 6.8294513231826715
-5.994324512093574 -1.5990070369185903 56.02670591797008
2.95286389757708 -5.631063364254975 -36.401956657849645
1.0846468481388765 -0.5039261459474887 19.43758041710138
-1.536766758937132 -5.5770005098986495 -32.666798351838644
-6.25045416713192 2.1685010306016657 41.25753136171027
0.3896740337160248 -0.6502414423026468 -64.28428339722183
-5.965596736481763 2.7778724000167996 54.2144021841484
-3.223720445115932 3.0753100249937475 21.969661198152977
-0.5029078928218347 -6.277189025349607 -1.650754036012975
4.376890005629986 0.4887068726156017 43.37711890352817
-3.195138378638638 -1.0895752833414196 11.162024582748025
4.734047673486022 -3.973204367845078 -11.660796531202088
-1.416101022749015 3.602193083894476 87.28830833713396
-3.2625176254446084 5.743270551555004 66.7037035310522
-6.428071585341063 -1.7178435438233153 -77.22079600399564
5.136220150630921 4.091540201097606 76.7991275970639
4.66812852203982 4.517100161422433 46.04399784825538
-0.505965631300644 -6.872625281507446 13.751108143700433
3.262228378334111 -5.712172134590576 -96.78362523181943
6.446847716641761 2.3528857778640777 65.48404920444321
3.903212049161743 -5.051276025721862 57.96319218156546
-0.25861694043253064 2.777349085121268 -81.01458884503315
-6.320094648817452 -2.109268348798908 13.448973999933003
5.862399178429017 -2.987626027193902 -66.31989653512157
-6.430461350728217 -0.7218638784239286 52.902551599587824
-2.7130806133154697 -5.678740851713811 -24.43755444710177
-3.357382631851517 -0.8912556314497176 -84.33222333179751
-4.256045330980693 4.684677523080909 -14.849124717673686
-2.767583474358151 -5.924039409155514 37.50150764157628
6.6507185869938334 1.8275561928435828 0.961782333649521
0.05472657736475883 2.770867532172734 83.68006219614416
6.315844427755632 1.427206664116738 3.8535235594645973
0.7042779162022181 -0.31769888083965947 -67.59423996428796
-2.7520711841837966 -5.66593278256601 16.822383304202084
-6.788785127171768 -0.02603870226683427 38.47203866499066
6.315719895417227 -2.034918235223419 39.65280153483855
-1.6146066888914747 5.989995160265423 19.521779958950148
-4.812495038332333 -4.682769830066386 -94.6566052140493
2.373125546168637 -2.9396588278068405 -68.64871083583755
2.5923653127216753 -6.1543889179950195 55.1477349267988
2.798305410351487 2.6750040197121985 -2.1478817621599497
-1.082727275764612 2.8767457888560806 10.082094196483226
3.0500795553159965 -2.390406135632452 71.71018968396373
1.0452899417085053 6.688803572381314 94.15090440821926
3.1702836903555722 -5.975716446975097 -53.77908140314976
5.707784673375679 3.0969510451139413 92.46763584199873
4.37783552211296 -4.713888558528667 -62.15633295465259
-1.7803640614802083 -4.756494462515305 43.24989877648956
-4.635242170719817 4.60167053851673 -37.984828742473184
-3.5638059394908326 5.503558578982839 -85.32426046167596
5.502323431299068 -3.4942330601183356 13.206639917606934
-2.249532631283201 -0.600059383811521 3.268830354231253
-6.037184500999885 1.3576421930376752 93.68441164673807
6.446225231045788 -0.19671960735799893 -77.1213243973717
-6.51540108642905 1.1479401829564275 -78.61117544648418
-1.8710806437035745 6.2662307449408825 49.17948134116427
-5.008252622318085 3.825364836173931 30.24557991350781
5.9600193086605415 -3.2330658850616816 53.32789612932726
6.669183185884362 -0.8206031907905591 7.396854025518954
-6.899059979365588 -0.3457411756134028 -27.197221279929252
4.096371993922274 4.252784683557537 12.337563265107685
-5.81516541692435 0.0032038724086436866 23.458000616981238
5.257767913221577 -3.751851269501569 87.04811058793588
-1.8202034841510863 -1.9327048331466545 47.382387522602244
5.355148194824669 3.751977633542938 27.49046888329288
-2.1844747370750057 -6.581095053614104 -66.23607863828053
-4.244974572483977 5.258138581984981 46.97573738435003
1.8720822707756428 6.072301736230545 -30.247582901324673
-1.2649602917259348 -6.223600885704449 73.61393590517238
-5.870872647799101 1.52943078478804 -50.79407582364061
6.035117813399819 -3.193284435343707 -37.961609190298276
-3.4982807094949697 5.1382042008881506 54.097676805736235
-1.4006556883553571 5.975471831359377 -80.32227215993979
-3.921465218537375 -5.4110068668742235 -78.27353762394377
5.741935521528888 2.81285288657497 -64.54792064229942
-5.662296607087059 -3.4650236785500765 50.95103036679429
4.848625266094502 4.22274188085011 18.9474811205546
-6.389968925403532 -1.7716121680756922 -65.22348850088387
0.06585431580022122 3.5043499920766257 -59.932596390213455
-4.295059079235087 4.686237517793286 -94.05681633249846
3.9149476412096194 5.357941990893992 91.7519207034167
-5.792996657435736 1.0262324691933415 11.47916095888234
4.178253794528367 5.417468118389002 37.543010806930845
-3.679866631763018 5.18770304962161 -3.0333141835716013
0.3585219850488913 4.549740390450364 -97.08329378698265
5.727277248123701 2.7151303565974523 -3.7146662716784435
4.100744954274378 1.3787562773531319 -67.1447380907916
1.389167315921294 -5.743113749548819 3.186704283581663
6.277566628760476 0.7133680963101672 11.596058013579594
-6.054399501319954 3.248875850246087 22.396968216091864
-5.430216605511595 -3.6880511964129807 -57.4580320680001
-4.963519615434644 -3.6434340550199282 85.6871823311484
-4.128217323587048 3.7789260178965454 38.75530460623538
1.9537100572248511 6.3842435058974765 42.9855716279044
6.453072433728975 -1.9576953187056925 63.71889787377923
-0.14353740259139092 6.610563622114542 0.642699751574926
-6.434890632045895 -0.739549208734095 33.59179723893432
-2.358090992893122 -2.304223387510157 25.529980474884265
1.0562802607132185 -0.9354503963491435 49.446432843753435
-2.3678556116891025 -6.418172972202301 79.680162804479
2.915531621188372 -1.8380814912398333 -25.67785082214785
0.8272027995892595 2.825487785992231 -52.73056039210482
4.572522728575463 -3.753207881082851 -8.059503791257725
-4.968818884713546 -4.753280839742554 -63.560881999102506
-2.00813533367691 -5.756773385992942 -97.7987820917433
0.5178895981128698 -6.696937944426231 -95.91565792249467
-2.0780629951368903 -1.8747462940654787 42.1856308540458
-2.0952428043857907 0.23907432968184006 -15.059643387214138
-4.9285747032083975 -4.316073021660998 -7.745502338730995
-5.6059346283371125 3.1168033031083 -27.643496355826116
5.828756383762408 -2.7509961061664576 58.66543482630479
1.190306980536782 3.07178458311369 -42.75564290120593
-6.673057690208812 -0.7753260670699852 60.14463978731942
2.610013779644056 -5.923851482967218 -78.94759557531992
-4.452474520358529 4.814137508563687 83.87987719935946
-2.03928795918075 6.377329171183083 82.21112551392544
-5.5946715339671815 2.9653133583316165 90.7143970637417
-6.075969179950659 -2.692896694561854 70.29635633381938
-5.74637794399854 -1.8362769231662133 -33.42761046867073
4.905123793000685 4.010802667977275 -60.27143684151926
2.4437381422336464 6.318706552791344 60.95214411804292
3.569378988097981 5.7357124200060365 -26.16397570790233
-2.4334188110890587 -6.27972740711983 55.207610182637175
1.1222870664447067 -6.606198016805019 -67.15376200229575
5.699502351450365 3.172619185567397 42.886475332043034
-5.863749422025251 -1.4351092120527769 -71.15980048647478
2.0845578274413312 6.196771357437728 32.93926271540415
-6.1385387260093065 -2.033794777312706 67.27821125883632
2.24322110777775 5.934162796544472 74.84274123726277
0.640368541442565 6.296751933982835 46.199963361515245
-6.6250429470937355 1.2972799963481951 -88.52714755572607
3.2164037275777586 3.530326751868887 -74.82608714957931
-0.005036673342946774 -3.683335084295747 -82.80781240668745
0.43121140761865695 -4.104449830276055 -88.6476103199908
-6.6026192540670205 1.5975272399203257 19.62743564253629
2.775017439205467 0.2512307873534985 57.32529109025654
1.5581457589070715 5.747024345517995 6.122138698780951
-6.476676281302938 -1.8339346200895545 -85.21685284740553
-5.213374849569636 3.8928999149176553 -80.00884079007656
-0.7828455762353372 0.6533047436029875 63.232755952114935
0.42662690365597156 2.4174474719088117 55.34725904304159
6.5611201392230045 -0.8409893600222897 19.239697899806938
-1.469693388868837 -5.802714082477841 68.74015980438598
1.7961912446937305 1.8070281922279139 -61.4576238905568
1.886256715486873 0.31943203196281794 52.160087557979644
-5.889882486319682 -2.2295815465374598 -5.667069221315174
-6.010168527656055 2.4544286577646623 45.860926484692854
3.3526705857700922 0.2520031371874772 25.86692215969902
0.0783310159740894 1.139870231396623 -93.20045708954794
-4.012580668689337 -4.8221033290223065 -81.4265079544611
-2.605998484319825 -5.976464025973446 83.27246089051879
6.253309167664795 1.5756791583110519 95.5454206936417
2.7978346593245726 6.127670823266555 9.131385000837394
1.2791115585664554 5.805372432189504 81.49817111446336
5.836413717513371 -0.18124581405731213 57.070595553760036
6.194118579435266 -0.9328101158375489 88.43194306011348
4.514485336825517 -4.8893755308081905 5.214481064139287
-0.2865810790353969 -3.7270181132460785 50.68759122129916
1.1699163500472456 -4.267740839989404 -29.129312397528953
3.0232276728975314 5.991393968924761 -44.02382495775763
-5.504479663863721 -3.311291901461474 -18.705871404948
4.6717011381767986 4.646345881130293 94.8045782256988
0.9359184265800984 -6.738414912580623 -39.126944651747046
-6.447786557777959 1.6656822376502836 5.007933904095073
-0.0027247527797440996 6.727968232262792 -42.26426301611447
-0.2123516021828053 5.086294191222345 65.03482598707977
-1.4200775056705983 -6.362706396808929 61.66262453679465
-6.298620031573616 -1.8060507055818644 -68.22589519019803
4.345892456278744 0.35988820789186704 92.76307901076487
-6.0544908386713026 -0.4239160946910785 -30.943910207694437
-6.102078296488164 -1.2178786833103794 -80.9968813765756
-2.530217550798197 -6.168550389442659 58.73032915689826
-2.764847649115066 -6.0000485729486694 -91.03771417525944
-5.158099599489901 4.452775592186569 34.15296420483333
-2.6391492025582988 -4.04649555322811 52.79114573170775
6.699911274420302 -0.15074239642748588 67.83735950557623
3.2648612734614617 -0.905272551801198 -77.47507200713993
1.9982104985919578 -1.792020395568632 87.34662112726568
4.911295890526872 3.9660704436207492 -16.196231809104493
-0.2736508701733472 -6.449207965078982 -62.97958827669324
-1.2081223707910094 5.733403856727476 -30.47931464963324
-2.3630849496803275 6.1387204476826325 -8.777849579989045
-3.7541649798254024 5.442328694835486 -23.628118075497905
5.802309123281074 3.685543786681648 88.83349965516666
2.3820134130396085 -5.788280081405418 11.923972389519008
-5.835065620366014 -2.8313191548919834 -42.843320067914284
0.8960150394739513 6.580036147583112 -78.55359723731735
4.409488890663386 -4.749323592959918 1.2125942837942643
3.994184588681813 -5.413982635377621 84.91998674354062
-6.277326484859342 1.0378802674970138 63.39313175224617
-0.2924580364824888 -6.6248354952572335 89.00193934851814
6.252629884280722 -1.3639219420393989 -18.14871092477039
-3.703672268263211 -5.328585998541372 -50.82540684353817
-4.590015494266426 -4.10913656498805 -85.15741573771169
4.435809057032902 -0.050091873233373024 65.53961853963392
3.3812926115316295 2.190466883700366 96.18261603862688
-6.409197796057718 -1.4636585340748776 -11.657171603340203
-1.5664153636906044 -2.245179408616775 -89.68560202038248
-4.707770661733629 -3.9229160791467086 -74.79788594175723
-5.39400212024665 -4.279792911481228 61.45042227837444
6.733378930154814 0.20657946351300543 -23.51963077844362
-5.734431510013384 1.9870745013691828 96.31816832922158
-1.0157779758170093 -5.964064499606325 -70.72212588427708
-5.9187843494920545 -2.5041345753227136 79.3815233037707
-3.0276448400777705 5.2378374138967265 4.451053362159178
5.180559484760507 -2.7480190034231935 -97.09817703981233
0.2822612691193994 6.765648183978903 51.149410444765095
2.8403497418491086 -0.9786025638548448 9.634866690702687
2.24875783214403 6.324216784646924 69.0660367375688
-3.765386629228365 0.31210066342911214 89.72301732215014
2.798479721773997 -3.8348893642887085 94.04242965649684
4.0012926813395815 -1.8225700374755005 -42.851271694249654
3.587116184434055 -4.152345987053815 74.01389956562171
5.131766538012458 4.479941077330523 -99.99510868834341
3.0654457735469967 -3.341022874839565 54.62049136323067
-6.476570927490969 1.457010365572274 -12.566730612929504
-5.006545047415827 4.032204523615619 -33.9982017255321
0.35834761612661137 -2.597218443096527 -40.197546143484765
-4.663530057128805 4.562905483543529 97.2424760022387
5.910021673830458 -2.1936570364806807 91.7077314104279
-3.3635555612552257 -5.717804372049417 -4.78734263954779
3.6299414286855445 -4.998906740950515 32.328935596758846
-0.8990399219490459 3.7179093407457504 5.593253943104567
2.0254228315613965 -5.585624977181779 24.480219753597318
-2.3266667391538665 -3.010008634910878 68.77864446204205
6.22828341554281 -2.38915150927791 99.20599369084236
-4.196859363264741 -5.240678186709818 10.98443706827824
6.565052168607392 1.7248085484160427 75.16667013403965
5.654873495978305 2.9540861852617546 -42.9752534018293
-3.571985335672387 -0.3053347925483485 -28.939425889180043
-0.9504410540644994 1.4829406680700021 15.902872500394848
-5.105306615087523 -4.087975161920778 -28.699603715026843
3.0728735927903 -5.702609841404338 -82.03884002843415
-3.733433979747941 -0.5581038344821001 -87.38452903090217
-1.494435116450172 5.603295506552167 8.80211734289255
1.2629330781371615 -0.4686481006349107 67.87363407151656
6.2986158096661065 -2.1750580565015443 35.06365651142923
-4.956419093895484 1.241333643967125 74.18583785778245
-3.3621993583202023 -5.498458857392355 65.46747254908439
3.06714878917051 -5.823564070059511 -93.85595080185246
4.396900733152806 -5.117902231771879 -45.756974926118566
2.1659759604798223 0.2605558596856614 -14.028973364123352
2.7180175897756627 5.657972069092782 -9.599953531800349
-1.5927807881491551 -6.068685517279344 -8.604464084843743
4.3919048652859365 0.9978932047720701 77.22741013434535
1.094278274094398 -6.271437001640792 -17.38889737010195
1.4498713373228642 6.066686734417892 -58.21390336770666
2.17508145336312 -5.636435863032278 28.990130762559776
6.546529293685767 -0.4073385452335906 -84.25938785585427
-6.301194168338258 -2.4172504715995715 74.71547687057975
-1.3395391699244537 -6.682171452765323 95.90265743740359
2.514942281281739 2.0646967361771376 -57.16160431669776
-1.8802378587926307 5.579841508305644 -76.74135848101113
3.435578056233945 0.3908012265836696 -27.44498461333931
6.332510260723803 2.6248251049021185 72.05643092525764
3.4751508584149393 -5.344301176812922 -89.66446049212841
-3.1010845341817546 -5.582149559601483 -57.81182645458688
3.998912213924599 -5.203913834221258 65.02718117135477
4.80103882630306 -4.390302018591138 -56.3098009583894
2.685219665641668 0.759091775984348 72.9821610971306
-3.783818418673158 -5.339261981379519 -60.570074534445425
-5.259852840760334 -4.234300428660166 41.778601738021656
-1.8889892639988233 -6.579805880453169 -55.143121182365306
-6.36110629301774 1.7594324967488972 -46.54322084038946
-1.1651959293288074 -6.595629760158054 33.427697898398776
3.551364856416321 -4.891480426291804 48.72438591928294
-3.4206747992191384 -1.2682689755761427 21.545040925593153
5.678487573940673 -3.2141397262858797 -91.67669936071692
2.936811320226854 6.002509447965403 -1.711237733798088
3.2552391745447045 -5.682108244295848 81.61727452771383
0.13706339723176225 -6.624930633547538 65.026643711231
6.4754855627786965 -0.1693270389522438 -69.23659491086175
1.3797174884782 -3.77342604681059 44.54626802480172
0.8700061037558513 -6.643816370745421 6.837886531161172
5.5551575966648645 -2.6946470732472845 9.884273664204683
6.459583734387765 -0.6124879740726283 -0.21695168749050045
1.4850277635741806 4.957500890514596 -63.10512134002786
-3.4423581892737767 5.164995988281265 11.7327770855885
-1.535442195750621 5.202060659644909 76.17022440035855
-1.64490299693214 6.4224021946580105 69.32077625864456
3.586578818102052 -5.260608256810986 98.59304899037046
5.14968757507444 4.474017657265308 -28.719702958257603
6.21051348289846 -1.5380420890904407 -51.42286776914864
2.591791407231504 1.4946100132643572 -23.443381585153837
-1.197745845543839 -2.8053639953581486 -35.92316111804049
3.63920982710516 -5.858015750576387 -20.625927509381683
-4.729637789982897 -2.7399827771100256 16.235135682831995
3.9052217603873687 -5.216534656807871 -2.7283601240062962
-0.6646590495425171 6.35908194242298 72.38881508614615
0.9946384969531152 -3.853896574494291 -97.4844647532713
-3.258929427424733 -3.713250654343984 88.32661437309623
-0.7363676090547476 -2.612404204390113 -52.47400760630201
0.6396657374513334 -0.8345420508721231 -56.37491556697235
6.653554312141298 0.7017991216250205 85.67084383896878
-3.977158558781147 4.846523819161318 50.93972737129295
-4.227707142366904 1.6723604339903388 99.09480318992888
-2.3770428041027727 5.506063296312968 -66.33412307869173
5.807033555421073 -2.0024349380669775 -2.663948147435933
-2.899702584684709 2.6624394589587728 45.52727861756063
0.3647269532849601 3.1074771730156834 -17.03013663747066
3.8104797735349214 -5.502541258068976 9.157429629278427
6.4934251582930145 2.611427071629461 -91.9933225793734
-4.462584497749116 2.7398121055482956 -57.2010070136282
6.727293896400821 1.1110905237152426 90.33855732071233
4.017123904774908 5.1904050322342155 -22.86704108488667
-5.816488513465509 1.9050662338568611 51.27549803130705
6.688464533984093 0.4994237492742696 49.24351697280241
-6.400948947621033 0.9081157945245077 29.92111966265863
4.225959534843265 -4.748900471882867 -70.3467623408064
-2.16157415139589 6.301502707391565 -71.65771481848499
-0.11501285749133276 -6.643013003873145 -13.884574680730529
0.006911708271833961 6.59299835869791 -91.82743634679237
0.5404655768805243 1.5576248486812776 -69.89254830990836
-6.608976528131201 0.06845456055790648 -35.95838129581606
4.480143794662807 -4.7999004092379 61.942366498785645
-2.243598764106506 5.322372940632217 -34.35055721677199
-4.11412046339468 4.874877787235567 59.33114131620278
-2.469869964485867 -6.0339197560617 -16.96421323877164
-5.847885863539702 -2.691390739405288 9.562074311677698
-5.443536885037352 -3.696742428603479 -39.46320069780563
-3.731248847144339 -4.187485373876546 13.665414670213286
-4.8298574914354955 4.937561643884438 19.932719454576485
1.593467354261513 5.953810140941746 3.2643834118064468
-6.741553150907801 -1.4451728420816243 -90.40553015683813
6.505120591617434 -1.597472667226104 -79.92159796425321
6.407682915872579 1.4257987319241199 22.83721819368784
0.2391988501853941 -6.619604055200111 -99.67283911114144
-6.287888023446126 -2.152702704303729 99.09238619529866
-4.269060372557886 -1.0900061926527613 -7.819092090722184
0.24833812404162794 6.7685046568923894 -11.690081626470509
-6.664687903984104 1.6810262361217752 -98.7914786841659
4.718098159701655 4.295645644896824 80.58453009254771
-6.268996912493514 1.277912140284807 -39.55587281560186
-1.1641682587082467 0.2794240558288199 -37.18814259196162
-6.236101286713929 1.0587668687781673 -85.07595343605611
-4.265403420707385 5.356052841902863 8.625306682029859
6.851588237495733 0.6401043909588375 27.257468461911465
-6.3540528978952935 2.559562514117809 1.159742242234243
-5.835659831677215 2.2908803821839525 87.15412630083418
0.7888588372626713 6.614312704793608 13.471399768403003
-3.4914044443250463 -5.67337123572598 27.396820345622185
-0.46350654457468143 -6.705162646273587 -4.8142685461205605
-4.458582198178527 -4.99916185615181 32.32256635944585
-2.513473492357447 -6.252268347494419 -29.22375177259191
-3.0114713028034554 -1.4353215790075242 -55.902135186990684
-6.076940671568807 -2.0413011440086555 -46.37054903223408
3.4708877483369527 2.650740993318219 -34.285057817114826
-2.9687244515774456 -6.136664121940374 45.9987020855958
5.698959411418072 -2.8188769216986582 44.103046185096794
-2.8178774081612814 0.1830269094753903 -50.69466023202463
-5.477135655366475 2.1651706310512258 26.99929549083722
-1.4578089563276855 -1.242469972842961 54.4078365919118
-1.6598906843897323 -6.336615593245953 4.144030049986807
0.1411657607208957 -6.7285710485691315 -21.235442901616732
4.346423095465989 5.16603640600364 84.72553488702125
-1.2649230143707186 5.894000815830611 62.2990730762891
-6.726552830189659 0.42603970691204307 78.78821872744206
-5.240629212864613 2.0721135056659357 81.40558412380793
-5.042139477771262 4.410000133224239 78.28146706559394
2.1600820395277314 -5.932054864478904 -56.95712706019539
6.624060126844088 0.13958207616848817 -36.87967832033373
-0.857353706088501 6.577032027501424 -51.96131579214686
-6.693819918547803 0.15944312747475453 90.51437736134994
0.5916214669972835 -5.498602524043682 80.22116208869011
-4.0253525605105365 -4.840561660306743 91.09584810632371
-4.072482474114736 5.376877624553942 -31.34417950583592
-1.7501168094047066 -5.731143185163713 8.79365677515112
3.2149784860013035 -2.2427834563842968 3.238649919776367
3.0275665077442295 6.05289392609988 87.91941377721746
3.151092232826611 5.440074749043194 -91.39154369308531
-4.656617952171451 -3.9904046345641326 -69.01062177939093
-0.9378095268141406 -2.567239080695943 -85.59489898957011
-0.558253368237496 -2.0700523376495683 82.71631628200784
0.13324486244953188 -6.569497182686809 93.54551791741002
-6.10357731099233 2.859964556178999 -82.5229202345712
6.505407495902964 -1.7637989680409163 -29.13394178558559
3.530254297528332 2.0499922607613414 -45.207265927748516
-6.590770990075055 -1.4159943709118632 -97.67550214295221
3.255699506782156 -5.875855986333375 -65.16730228860905
-4.370826888002749 -3.864472395376711 -35.33581644275146
5.4683725093589635 1.9199366555702455 -30.60373204683729
-5.770572961117008 1.9341666315806787 58.22578736151212
-3.739398103920554 0.9268164027421151 -1.3773071609704342
6.209640919672821 1.249485011330547 -20.476115681154173
-0.5292463842215605 6.828065770278054 -26.571846949681927
-4.213371166808609 -3.905577709105979 -99.62894748990465
-0.6165265062142784 -0.2078752431181965 -3.5439630775819366
1.2391451869039127 -1.1681464064563158 41.72165855181087
0.906365023964229 6.210948854106438 -47.79580847824419
-5.951073285125749 2.544849529471227 70.53942248365166
-3.508527500568308 -5.768185995614122 49.03135357814706
-1.8940896744985085 6.0837795554805725 57.58532432762169
2.063491557736855 6.423465300302109 -87.76959161749582
-4.463741990304079 -1.3425176324403854 -93.0004344768823
-4.694342469804427 4.638908152166744 -88.38656077718609
-2.2773971448127353 5.465696879069701 -57.964608998891975
4.7883753035173 4.761133079020066 23.08818156363983
5.998817301146634 2.0961093552061647 -96.50167756765416
1.7309952673055369 -0.8168850164968373 92.41907941154908
-6.655809575919951 -1.701472669351628 -74.241164530914
6.249223897780278 -2.407653934313199 3.3572219658524696
3.1356458482072864 -5.812085013359045 45.605548775106946
4.011293288144423 4.936225641783387 -48.5786371037595
-3.6854174255559022 -4.593231454411628 75.30090438562337
1.178904382410276 -2.8358370871779046 5.3420428134871605
4.838737838503783 -4.403377012207846 -31.94358363895357
5.214472597965978 3.975252524805396 -39.65262135686766
3.6028605533040934 3.9781641298833677 -19.565100554496084
6.703398217108565 0.02495277640915501 -55.82046529767339
-5.891081314077888 -3.017728905926172 21.40066265055548
-1.2537892498703387 5.503733703174942 31.526714386123768
3.082832566437133 4.09326799301269 29.120747317185614
1.8341421132905853 0.6166087835758811 5.255996557457854
-2.6038327036846907 6.046745927322772 -63.263888544111715
5.134268788790912 -3.752243442251192 69.3067613761106
-6.306158365639856 0.6682445650845771 -4.904248731589549
0.6945706349434172 -6.026694127539198 -49.45593547435349
-6.603820385392609 0.923560971496554 15.327970816293028
-4.132508610772281 -5.307886733572284 -45.594574717328825
-1.3286770773841676 3.485370280637625 41.41898594362851
0.05950268602946979 -6.781904064850938 53.39278740240482
-5.402566101026282 -3.6920320614421507 24.310805019708422
4.751324990129106 5.027672898690062 65.58643755625047
3.9305466438934418 -5.221749933904415 -85.8712875582958
-1.1658059202289672 -3.239724455060424 7.560788854136583
2.847211436352327 -5.920277591623678 40.404889859215544
-0.0660408554499525 -6.702470592066209 50.245109276366826
-5.841568667128979 -2.584871157270774 -51.818011141608295
5.393311266993706 3.1811562914600153 15.876555524058432
-5.845861487216083 -1.9469099359089883 43.321571003887335
