-4.577454196607195 1.4823045211679133 -31.409000198118765
1.8440676859957743 4.347753442982395 -86.72128249962888
-4.372812213021645 -4.713869460030503 97.58104999350202
0.3504529516627328 6.63091977273028 -4.643118841921867
5.338250765505262 -4.372885336425005 24.56943470462829
5.880635189452259 0.7874818166422233 51.77271834858563
3.9995300297256215 -6.46965312724646 51.075230101887286
1.0176912351500311 -3.744126921661982 -94.71999030024244
6.563133623269877 0.7654390898005077 45.646915317480065
4.230765620655785 4.778361827594711 87.91752510046743
-4.66709725060282 4.546675413805978 -11.209499421750737
-1.8764920809654075 3.2568496417080413 -40.848744755053715
3.4426324625932345 -3.756831737800859 -28.935353362197446
2.0931759589197734 -1.455806781429229 83.45433631348597
3.139010113370663 5.563976304798448 69.90157757913934
-2.9015975093967485 5.122232907437633 92.215184700864
5.297621209652405 2.187081602215297 39.66681995471489
-5.102783667269499 3.958207840134943 14.484374233049454
-4.144736979775774 -7.11089747442189 70.85299504686255
6.2995960557206665 -1.9943669339528043 -70.28914263685282
-4.342336833647438 4.422885033933234 73.57138011064818
-6.233461795612303 2.5816481348357563 -94.18578325325156
5.645176127541044 -1.7017673636431447 77.47709659834314
7.059984589966617 -0.19015196251181127 -99.0047550560657
0.958961296422996 -4.549068869273293 21.596876838354067
1.152963286849172 0.6777483978808029 -73.33132906784802
-1.6860501038721898 6.575478451226696 79.72096950025572
-3.567802095607175 -0.903795724200207 3.2672827978717756
4.7559228235666415 3.039819537233761 7.168431917755192
4.450465546587461 4.944862537127041 1.3459662726102002
-0.00956892421513772 3.8650815019862987 -53.64383047440805
-2.0102509181124977 -1.3391765424317286 -98.73518965271457
-3.031244936346475 5.973749944779107 -91.08448416090182
1.4406256225192273 1.0289741020203707 -88.9830467062909
1.3231095656561367 3.1654158532580263 32.81386930221715
-3.2549290149968466 4.963274809886005 45.00663093550016
3.6094885838990223 5.4809654148018065 -54.091025408621675
-1.0613250059920114 1.4905441421462615 -32.299806195301784
-5.943602726894895 -1.9621774094312265 -24.172527411144326
3.8915604663919914 -5.571552772946152 -25.317729846622072
0.40654275392813966 6.5482560914694785 -35.437389747628
-4.234109354454599 4.952522651737582 -52.34205026426995
-3.667854799410543 -0.3039942079877219 39.11463698631298
-5.183408252042354 -3.985794591417149 -32.5854382526192
3.188667560508812 -2.4388032479864514 75.21116055955802
-5.852181286296342 -3.756510023811174 29.379490824841508
6.179993124463039 1.8160834765280993 -54.02187887893436
-6.373321143299994 1.1554248963312659 -55.29710725550952
5.150632654417512 1.3867762066373703 -61.42813717762498
-3.69729991322107 2.3922197599056543 27.50752144423326
5.399684690298432 -4.0248449214824875 -74.86214137960066
-3.1522266589202244 5.694285662501144 -45.70548431883886
-6.1746768689000415 -2.343678124634484 -15.974058001884694
-3.1322656528885453 5.6290151117034615 -69.8915903573142
-1.400052518724453 5.683288994955529 86.10849016269434
-6.025928467087809 2.769178119494283 65.48631128335622
1.8961118328413327 2.648129067330402 -40.428504847795026
-2.8711003723903064 -6.195996906616362 -87.68359693180896
2.3787752484189015 -3.0358376056711087 64.53472908121694
2.0917172084131535 6.357584585436153 77.57783987817065
6.301237155526195 -0.35533655484873483 -96.35285592051342
1.260166140969903 -5.84204096023048 -39.51127360865698
0.8180632882885476 -3.5081170964009716 -20.264851641718113
6.554999908682948 1.1802515812891583 -31.910806499443456
-1.2085519311582704 3.4234452631043064 -7.586742393130644
5.91201537812625 -2.4733437447084152 -58.823292704789786
0.07138487217693956 5.6538308860740925 -65.69622755464135
2.876013090084292 4.7727601223562495 -93.88599214854618
2.22216110564975 6.081757372550865 -83.96337704064872
-5.536381519488901 -3.7032236665772804 5.945379304292677
-2.2562715421698254 -3.9707658513566217 56.74385664244961
2.1206994662202763 -6.087183244308542 -36.36398084270597
-0.48077817240195453 3.730162693005764 18.8751686607033
-2.8043584236185204 -6.2245811867706315 -33.045358083883904
-6.514359944768571 2.2640175664103945 41.66981094996415
0.41805167283139444 -2.568392930156815 -61.541382468993255
-6.257164777826874 2.8082132123253456 53.78509040584946
-1.7330195556190662 6.073306129737051 23.781085851205958
-1.9186311982870967 -3.5160576861483444 -2.6514504334131934
4.620604468350205 -0.03485936300597146 42.6440652491837
1.8151298411113526 -5.137945276305017 8.859636976675324
4.571114219993191 -4.912685740642963 -14.729993087396677
1.3605229488129562 6.221513126474843 90.74559465814116
-3.1549681107203704 5.417595787036184 62.269026443319525
-6.64748002073872 -0.008789461542332117 -77.36510726506366
5.996370060988444 2.053676104734583 78.39484249499218
4.397822638278403 3.502503490538766 46.82485260393592
0.5138080102375002 -6.617671470767841 16.820299604415347
2.99970149560861 -5.826765485256522 -97.47250852504331
6.491142589129474 0.497810271413334 66.97016795602653
3.3113206441170155 -5.1878517022730755 57.91296680360884
1.8203936965123968 3.3673151052123127 -79.51150815046479
-6.5917486364744615 -2.465169451951902 14.882926593871524
5.276128302109601 -4.003327750637447 -67.12932801099684
-4.107319262204471 1.4143388117999895 52.14646730673918
-2.56984323706125 -4.965869708490728 -23.714196853664486
-2.9117218739479016 -1.7052099010967625 -83.51299460017148
-0.9832394793758339 6.715573192588233 -17.257335043219676
0.16424928471381822 -6.460255193093139 39.2637840214035
5.507366176203552 2.1235431109449525 2.214730153216256
-2.6037947032720643 1.6010144528155412 84.23910854295528
6.68436884131194 4.144403826684951 3.71605458524225
-1.7600576577581282 1.8044828327930078 -62.859813613518114
-2.5070591840665015 -5.253199088320569 18.32376665272017
-6.1238674150130326 -2.6440854325797765 37.88219973434522
6.598173497551411 -1.4269384368971292 40.32124695116049
-0.3776346866216985 6.7892355986896815 19.250066822233205
-4.628091681820098 -5.515739932314553 -95.30556593201668
-0.23698674565803968 -2.273456257612972 -66.49254192962414
3.675421840330631 -5.095602276144571 53.90518264816639
1.1155213390572112 2.8814820399651233 -3.8317648507712936
1.7486949023189406 3.1975581395356003 10.070128814154064
-0.3935741341307003 3.1455291613951433 73.47147957708202
0.4919116357653829 6.268486913307377 93.69778058028425
1.9019537276572378 -5.681981933848172 -52.118029200304555
6.119548169892881 3.047679846645688 92.93383045843201
4.224956691933317 -4.157820834082051 -62.79304507335101
-4.125597421285934 -4.837788055180198 43.223220751615365
-3.5609404323738922 5.616983023217208 -37.14113279268618
-1.6924787966592774 3.7896917878679597 -83.19332021674835
2.2099746635637945 -2.4805737122558793 13.869561181757716
-4.679517842511193 -2.998968965716658 0.7518735432353797
-5.662174644438167 3.726512575287464 92.25568820625597
5.995434144289097 -0.5484132921727012 -74.48305189708422
-5.871985450115307 3.3761843190532628 -77.15841804054017
-1.6663661717963065 6.672040672569028 50.40299404954538
-4.830879860369206 4.538464555408453 31.186535702002715
5.941328932444768 -2.743487249202695 52.91706651344423
5.352726444144022 -0.06539920985138692 7.716660612509336
-6.583756650489966 -0.47114443611477097 -26.76392691336609
4.582454450428448 4.210180776547575 11.753435021463494
-6.280692971897165 2.1236396484132776 25.989717948866808
2.5319840386083445 -5.820832652600049 86.81160603808998
-3.4280650535679915 -2.0193463677297756 46.08406224201167
1.6008398347148198 3.322538839615892 24.437226545215996
-2.0320664144668346 -6.420096057305084 -65.95285497922778
-5.644519049451691 5.974545964914591 48.00589911123193
0.39250541705031244 5.57041631362144 -32.369851931883886
-0.9154733155457211 -6.479767582892132 73.59992842047762
-6.741407171538927 0.69595992552476 -52.130093836613284
5.945174233786922 -2.499734958094349 -33.98741856463699
-4.995655699902191 4.406478780789707 56.39812080653276
-1.3468191266094345 6.728466888293785 -78.085608433457
-5.054903172045346 -4.745651098818997 -76.22023711461584
4.98633889890309 4.098562723222846 -64.1752555057008
-4.712699976223239 -1.942322047841411 49.330195737107566
4.781286135039361 4.574674124573753 18.635012519138062
-6.701330173830129 -1.2373713495744443 -60.33418547531858
-1.5618382955443728 2.3606698844183778 -59.82631836948907
-3.68652678747065 5.723528893941601 -94.51586260370074
3.6630934694987145 4.822833954487186 91.01714372650169
-4.5293215778724605 -0.14570010923137805 13.857595003664908
2.3351910921836363 6.047423326709473 38.57948289864413
-3.046493992808831 6.070338251149356 -3.2424352011675523
1.1063356543023184 6.4471200142122695 99.45061723563677
4.943887543980851 3.5970953072135745 -5.81300886751067
0.9441737187542915 0.7882096138495467 -62.32657705665844
1.800847966484631 -6.307101204725142 3.656137352884732
4.112083065912018 0.2186720978893198 12.021368978550102
-4.351319774996161 5.2477581890881515 24.82595305566205
-4.791332187007191 -4.842967221007925 -57.92306436827009
-6.150697591723008 -0.1883297252987531 85.0351493838647
-4.686531843239475 4.824422261071287 38.91837104981647
1.4532828135094504 6.456297146778316 42.7135051949926
5.70715224372886 -1.8689112980323535 61.37478427309864
-0.4598084644888187 6.732852687866924 -0.18962669171501223
-6.192725461221627 -1.1913365866319812 34.8479918598263
-0.9402573180611 -0.7863335443001983 28.249524428877887
-1.343417943550693 1.2541015999680567 51.056405737514716
-2.6162758982149414 -3.3696052761422766 79.08186380576713
3.6274137751600497 -2.182859354574005 -23.99864785702357
-2.09919852163107 1.5973635101533201 -56.01607536083935
3.099073629938164 -5.772092985071383 -9.29026186336813
-4.246514531177977 -5.1354535734036615 -64.24593745801249
-2.2399268283133447 -6.505119696300422 -94.57154740445954
0.43353116911483564 -7.023110372994399 -95.39479331932
-1.8187309920113492 -3.92110950756324 36.324916177827376
-4.831946632208086 -1.5759904364949542 -20.74038004564836
-2.351555793030604 -5.293054937351955 -5.834051642720912
-5.865866894926198 2.98152827336686 -28.245854139819258
6.289274492369601 -2.586557239971948 58.71479868576995
-0.1971871167298233 6.0396798743866 -39.410525046542816
-6.5536406642644405 -1.6080952615941126 60.74773140424095
3.9564009092702634 -4.591396516143414 -80.05412088509034
-4.324825732445314 4.526475789387347 82.05122817282279
-0.186890221854898 6.759466369567004 83.28876294430474
-3.404468419942941 2.6891647986677194 90.45251599109676
-5.99764697859804 -3.4289736172855942 69.97259807849571
-6.28394790728678 -1.1438995089602715 -32.844057565432465
2.4609688197999744 4.580696843609427 -60.96635241696127
2.848114305311747 5.94162136923637 61.48375114933674
2.7284898268458253 5.730220093759377 -26.554824087842704
-2.6017895559061013 -6.461160413623107 55.22373379159042
1.1954786340914405 -6.405230703483105 -67.1817927171815
2.58079763567191 3.423808238000407 41.9840401403793
-4.3629660838817115 0.41360588303529655 -71.15744370203763
0.0478157514147165 4.387571855838589 37.300971160003726
-5.970533478219466 -1.6009059606951919 66.97687907344572
4.224927882883012 5.239851259512455 75.81987535064313
1.9609683450338955 6.1682068802982055 45.97574177218132
-5.453917571245064 -0.20716129572337816 -87.9578139612316
1.2709970823172236 6.42052024885975 -73.96040858685798
-0.36092918974311616 -3.305888355081115 -83.93927187946412
0.43434134437253263 -4.383441894460174 -91.43423589417023
-6.634506162052914 1.0444216815768235 18.750978733743477
1.3219420082889484 -3.1872832593573954 58.553769804323096
2.3088936426024094 6.1415343659759944 6.0409238067844075
-6.509481220078303 -2.0698898631990295 -85.20853406917165
-4.887756625031417 4.340524780488083 -81.4322678844603
-0.09186814827490188 -3.591148809878412 67.38793929470332
1.3163063156676755 1.3283976713506984 52.670679406510516
6.673023198460346 0.9476061750283913 15.971747176755267
-2.203546627450728 -6.407178451155625 68.55707538644009
2.540597008918847 1.7449196774698421 -59.8426992095315
-1.4619374699664038 -1.7652900963710991 49.28293443973088
-5.420234504538135 -2.3454222658984945 -2.447207158178454
-6.6392509195229605 0.35307981298108243 47.062692565960674
-1.3032387465943462 3.1704346725939634 24.167657243308405
-0.6835620892605591 0.6156732491924671 -94.57973950494016
-5.223534928907334 -3.921992325345369 -80.67264910730674
-3.721982160433817 -6.07098601713531 87.18648427241634
5.954074092523193 2.7018615432603608 96.03327449527691
3.8826873841958656 5.513935387380179 9.845036935816934
1.9097840768683474 6.307443644559569 80.63162914909748
6.522184832634356 2.2199005225425292 54.19032865130985
6.486684210714319 -1.3771721316141037 88.31460557183253
4.80067516141727 -3.002030854486155 5.280508595941149
-0.27163710232424804 -5.615548207968272 49.98615919622342
0.18689018686172054 -4.24131520373875 -29.66824353343097
0.3478712387819173 4.08482040716334 -43.453347265437145
-4.780219361618223 -4.796084439156917 -17.41027715589935
4.4395265577409635 5.152919497326188 94.2284875459927
-1.745265224405349 -6.316249047461465 -39.29195895158561
-2.7083803293378983 2.5286904999419435 9.80475518882751
-2.9430915301027847 6.039486455585566 -42.13744372691437
-0.5487176624080652 6.600973110049627 63.60133579401268
-3.994775013343118 -4.157922837271251 60.90332869477513
-5.690317385316583 -0.4698802055367839 -65.10051787873357
2.1735716450571503 1.704135514097219 93.7572813997621
-6.95974980251407 -0.8171621295464622 -30.325125874781985
-6.937275481039851 -0.28244818220759665 -81.55528686690673
0.547250652377055 -5.440409222597935 56.83500870695675
-2.2422735120714252 -6.530479244216695 -91.85976806699969
-5.957395741769817 3.0050198213055643 35.24090281251317
-1.1150143005278081 -4.530438879163332 52.57579416643322
2.8038705270857607 -0.3767108870615745 67.5252207697427
2.3576500576024335 -2.1195981586174892 -69.68264850116896
-1.086777059629999 -2.2938209908177534 84.43738574790133
6.2788890133996755 2.97491934770893 -16.18106984331446
-0.1916255148148835 -6.687358282989913 -63.71833552807709
0.558146527794769 -0.2503376889966279 -29.96971476969639
-1.4113838634788727 6.715765269190135 -9.430043776858136
-1.554976439881731 2.2610195662477857 -20.192283510621127
6.549115588967503 3.5639847426104816 89.12560350470065
3.3038782346564783 -5.805925241821789 12.789737448061459
-3.4514580170047937 -0.8085362329845645 -43.16461161875602
2.129294081532953 6.22126204441968 -78.75598397377658
5.426921474066328 -3.661855011126238 2.049102012667242
4.714580294024933 -3.8584930305761165 83.2830072849863
-6.897170385520837 -0.06728808683950524 64.31593277600598
0.18628934980025735 -5.366684583434226 88.60389884852513
5.864050380685602 -3.5882588737995835 -18.743286693091274
-1.9374737638744308 -6.424528890634463 -50.7364070195703
-5.138061915220606 -4.5708442875861115 -84.23056131804802
0.4788390733827187 2.596321755382003 65.84974934827059
3.090615988260105 -0.1829104651096214 99.80710621177055
-5.944907532223761 -3.064670761225228 -5.906705770042589
-0.9280514446856895 1.0986044821726988 -91.19541415361356
-4.745813883727089 -2.9621420617807943 -72.40162368486861
-6.054946793340336 -3.4496470036807887 64.6064151166646
4.629077013284064 -0.7546086723205648 -21.454271625234064
-5.672533855864711 -2.5610687408079422 95.59578108063168
-2.7369271758421805 -6.2456818734335995 -70.17139734504197
-6.081023079852632 -2.695301360092485 81.70709140941061
-1.9822784661377735 5.921572369872939 2.7790988102687444
6.137854315626975 -3.014940455364724 -94.83497014041785
-2.618804941123629 6.2528721092411725 53.41941772801886
2.2893309160397206 -1.5749897684153162 6.746564325292217
-2.794617816909278 2.3293444243020085 67.3955560564667
-2.0945896427211665 1.1271909281047192 87.61594207168937
1.4054726186360926 -3.97308853352996 92.75548675983987
4.097127208087915 -5.166379769612672 -46.22813912747239
5.718627029329082 -3.124714272870633 73.48578463488735
3.7490415420774914 4.47438741998166 99.34781132176464
3.4745084305577834 -2.1364010270220706 56.25137608625522
-6.42824220239968 0.20379612270464598 -11.615001463958315
-4.530956982652303 2.6271327448904183 -35.47188815995142
2.325254257143344 -3.5225649602816715 -37.55666251919148
-4.154871992310581 5.000777440604104 94.96790769384315
5.8222658315248745 -2.9221867808352773 91.96176246061593
-4.233089897212247 -4.926678197621986 -1.251237462068763
4.865286725693371 -3.656530800531193 31.87988026991925
-0.9602194467941317 1.7559879510642484 7.936027357600125
1.8379420665852817 -0.6850919398816427 20.319769640871627
-4.173382749854386 -1.348748277648246 70.55786144700518
6.272532021756768 -0.053651937982047516 97.68378102807974
-4.212533722257328 -4.614834256625674 10.330345563773147
5.944570042308001 -0.2720445556415378 74.8455349144473
6.585061832541699 -1.8447177044557466 -40.7926270945339
-2.4214145710189383 -3.13833816729148 -26.224491482932482
1.5096703085745138 6.34534342370555 16.46387863645027
-5.24727891406046 -3.6330406840110023 -29.46755584572607
1.7019453085152985 -5.776279972055868 -83.74614455910739
-1.8159568085092084 -2.1907101601028587 -88.38258002611033
0.5899307243727886 7.053912640837555 9.228956108605287
-0.5163036993974431 -0.6672962181559837 68.9617562827659
4.694566986796736 -0.1758474544910959 37.55041203531425
-6.489535283406671 0.44146345523386304 76.86801088147485
-3.8900272819895885 -5.59159913863322 65.54682618746382
2.8104185797011145 -6.132013245347918 -93.56119101446939
4.229897071662216 -4.514849257426691 -41.37678844177738
-1.5418949352529006 2.1931714773339834 -12.527346476659561
2.463635548048524 6.076052301560545 -10.672156134179051
0.6447077974243174 -6.721144624099923 -11.08638979100756
-0.6662143319692457 -2.6329586136819487 81.32909658449974
2.0193296586550646 -3.7747133396147374 -16.648564488551056
1.7445306703538006 6.0542810946721985 -57.970032894394414
1.0277427395981749 -6.731434059127425 30.687156170124542
1.5729286620979475 0.37774266942770607 -82.3975588007984
-6.636289624071679 -1.7349839602791413 74.43792293366933
0.48125970773177773 -6.911429674806708 97.11863693299792
3.6955622472513836 -0.19200344511154796 -58.0104997954192
-3.4798400469583646 5.171714178776968 -76.25649520179785
1.960316790404434 3.0035652845226912 -27.765679117388913
4.909691264092443 3.3879584866442674 73.54472096960333
3.008999535884894 -4.255926720183189 -88.81160969983817
-0.04986582942092874 -3.301579421892175 -57.871266441714816
6.209380000074106 -2.6307912139803653 65.40452048657967
3.510860541128795 -5.331032703161768 -55.03160154301029
-3.421941399745703 -4.173928325379262 70.71390181489129
-3.934349342906201 -4.897615108957984 -60.70376003158725
-4.719482044976305 -4.788949322314089 40.12039013598848
-1.440224696708841 -6.558255445141815 -54.56509130687658
-4.5468066353349545 5.04289735779809 -48.931055382265455
-0.09933945384817033 -4.965363798480082 32.56219248192636
3.0654024297353715 -3.736973267545257 47.74863278337932
-2.8266181832621022 1.2531448601553064 19.484712902439938
5.463020417080693 -1.629391568122559 -90.70738251241981
3.2075885275740426 5.059316142463508 -1.5068528854812862
2.0500207810672633 -6.169183398290645 80.02405653855209
1.5300860546796997 -6.667926230163145 66.40594427322742
6.137080051644938 1.4737206608294566 -65.47819144203959
2.549988539070045 -4.158310677976397 45.37501488653272
0.20084061941740947 -6.610040665387782 5.861606480813053
5.693002810307818 -2.595393987738535 10.473952545378879
6.566874103063531 -1.2596463465105499 0.7431588084714212
0.7555313893209736 6.658094688851748 -62.523503890644726
-5.842550018697887 3.059327829711023 10.213815105146463
-2.7580258158023234 5.629224072841613 76.13033364329186
-1.5668415799397848 5.637671230929605 68.017419121819
3.0476111648301734 -6.035438199049509 98.97993083021571
5.738999861548038 2.625238023714861 -28.53828184047293
2.6906297342709817 1.186803029672533 -48.72196627639824
3.187258834153012 2.218112654143699 -24.479110601617386
-3.052153945014555 -1.0553264130481255 -34.76052315186085
2.2384052775277077 -5.747957284875738 -20.889787208682698
-5.371234476601811 -3.986840536108959 17.506388495312198
-0.808572133804889 -6.43799775697993 0.7779586187687935
0.5390609162518587 6.496761635731524 73.18653546702005
2.4253906887255043 -1.1982791943397475 -95.87878114667008
-2.7938396667455843 -3.072196179629849 88.52880004752222
-0.8278399341462503 -3.5311543462979764 -48.99885119837623
0.04153789521884686 -0.16188760763942983 -58.48949860089052
5.4750962246147505 3.381657105495162 82.36818525564271
-4.866220048008402 4.3160568757608555 50.22823991356771
-3.1704259949162714 1.0287412299122867 98.62300820694095
-3.5167449213549387 5.656078548196599 -66.92619993627007
3.7163347752663465 -4.240488001890913 -2.076189725141796
-2.243412820015259 2.7087643437582334 47.9218227716549
-0.8388752400901686 3.541096179489155 -17.093208715506336
4.866987954916997 -4.455628830132677 8.031034207340443
3.4896446521329127 0.3071644437005939 -93.59780020262943
-6.325530329438496 1.6888372004144703 -59.04851298402436
6.520646084950964 1.1781043471983996 90.40190420525137
5.287104775907055 4.11033233521436 -25.375970143991157
-6.8665025880300625 -0.05543121098868467 49.67910281538885
6.2248739531253605 -1.2090445199207318 49.550949391843005
-6.2450418516770965 1.2230346598818154 30.735486920172615
3.1577855791625473 -5.640494482074766 -69.98242365200939
0.08256663064337445 6.6224568068273255 -70.38169333227853
2.6226975466905595 -2.9827513023990893 -7.919241756228313
-1.9009389490037711 5.788978974172892 -97.24056938942186
-1.9152060284149028 2.299880892146394 -67.51114519564285
-6.382929384930354 -0.245112381882472 -35.38382748073789
4.13146607898616 -5.460861040694653 61.21036945006073
-1.8316066762899659 3.7395856994166206 -35.33787619509774
-4.006484037815702 2.2412383979518236 62.059374030939196
-0.4628853454898485 -6.621709602430939 -16.595005319087345
-5.070675185522644 -0.5549698118905784 11.095096210657951
-0.3172472995672926 1.0911767097059932 -42.431742067687445
-3.211371363819228 -5.939857899830042 14.430135585046761
-4.659772287459992 3.9737190898171657 18.43296268009984
2.989724745135764 4.677442417231847 3.626336738411956
-5.194831174878471 -3.8127055803478473 -89.20187873183959
6.488332731244631 -0.428631380126316 -78.51442032633551
5.9307677996757695 0.6296042959311678 24.768378921188013
-1.5690328813270877 -6.14127029065537 99.96840167730613
-6.6042976939507705 -1.6439133639172603 -99.93724552755745
-2.9301630566715344 1.5492027852342662 -9.576095461077113
-1.2028343256594518 6.080469148144338 -13.918924137258792
-6.509167947482919 2.036874185774361 99.36404653319025
4.77081712030726 3.9442868807570646 80.40892542165305
-5.188254834107646 4.213561112635783 -40.17088210098006
1.2288000211726322 -1.173313049738505 -39.57508247761545
-5.106512037652021 0.9174894328667336 -83.92634292644146
-4.215333698203656 5.079362722699576 8.014481132677359
6.476664660657161 0.9823709510833378 27.896715567639312
-3.040207245830157 2.7312228578270403 1.514783995313945
-4.330922687436324 5.289442727777487 85.09582628197381
-1.320024447118986 5.788193541344836 11.934145338473614
0.3062319488464202 -6.675872449536056 25.21042226990848
2.9467870123839925 -5.5879601333714595 -6.546226210617946
-3.8107178015335648 -4.729965797611435 31.68166150440843
-0.2710990875544591 -6.715038792553405 -31.57964003072044
-4.6273903969209575 -1.4949915344450406 -55.19305309008128
-6.372708621962354 -1.6168528366848751 -47.33994970257599
4.415307539369681 0.5822763461668988 -35.185382502642085
-2.7363332422333397 -6.309722142377805 46.15440097976106
5.986150235567626 -3.247081171978947 43.69945010705155
-2.869101015234567 -4.263175768447565 -53.12090019333368
-6.396125797513887 0.5231994742404369 27.910107446342163
1.466821598979332 -2.8994348296762635 53.182034132603064
-2.0833308291897286 -5.591435041796359 4.386839223326507
-2.3440853885972968 -5.997610278508405 -20.41563205604457
3.7801307501912396 5.509939128035326 83.80753942514924
-0.39976950477518836 7.298408004888053 60.65985187660632
-6.496977579217951 2.8701913023838412 78.83980192230041
-5.106912046019132 1.8326982792121864 87.19955335070314
-3.925346083253597 4.7850572628201355 79.24883954099025
-0.41365102298259404 -6.618754353523292 -57.761205192761295
6.263867243783197 -1.5050672088285917 -37.586768065900536
-0.2535503973166871 6.946598212355314 -51.68838721577151
-5.4402654676365225 -1.5003401549726991 92.30406049887698
1.0678913340643872 -5.772831855046982 77.40856955929475
-3.9113385644593937 -4.545766570050211 93.96633738615262
-4.1940275629446155 5.270055084600793 -32.21061562705094
-1.5782349121134627 -6.323148749728283 8.834464202537209
1.8809541212718006 -3.7206287637988247 0.2812763080493895
0.780076052730686 6.817722908491876 87.80180828780743
3.8958913735952145 5.448211169927163 -88.92658719816303
-4.492833083038632 -4.842376131485811 -67.5235398042001
-0.8154830509991129 0.2072299402528879 -85.55350511126909
-1.9184390241099898 -6.335768475326652 82.13233034693422
-0.8448495846455246 -6.383209637816049 94.18518465720628
-2.925340097497296 1.0852341734771662 -81.78139254246436
5.820693161752754 -2.7829381135047857 -27.945784087848498
-0.9343260290699544 1.41758833475143 -49.08018385016038
-6.549255458719928 0.06269614942872868 -95.88672284770492
3.5142642302787728 -5.928003579676445 -64.48055068444715
-4.1746739112163285 -4.536189972686223 -35.55276080551431
2.5735807580822065 0.26174547506176166 -32.16969159493056
-5.904585442594936 -1.4624468305473632 56.87935176195357
-5.272645964390416 4.351088680049175 -2.3560324632230323
7.049293272984814 0.00445768910077432 -19.330875436906478
-0.555792406784635 6.6411767877035075 -25.092699052355293
-3.7230181797857194 -4.067957481890667 -97.72271098202808
4.316614217438583 -0.9350955736554691 -3.4346062677371925
-0.1635190004913719 -0.4266323769129104 40.849024873857466
-0.7120046120613612 5.5273228467842275 -47.765936234535175
-6.344004621508139 1.0481644270342088 68.11760699398216
-2.939224668978605 -5.974699854530858 49.534072808722144
-1.91820792647491 5.922440885995424 58.22756775085362
4.869958085193076 3.141739436957522 -84.78459359691321
-3.5518587271734714 2.219349876044821 -93.72443752084618
-5.348259164135539 3.619693388686207 -91.58908158545401
-1.4323864199759575 6.434932860305925 -55.23112187647125
4.836007098022358 4.593849183389052 22.08794198515939
3.9498490865782734 3.7464554926385394 -96.77024155270544
-3.3924700033884676 1.3634404901968757 93.2196662414491
-4.934356759694752 -0.3839475348351297 -73.99307143953341
6.8593765108752125 -0.9566509844952833 4.098243694373768
2.545890061347655 -6.921282157602783 44.447345372220305
4.174946378448145 4.467966214287276 -49.10420574823494
-3.952014826511516 -5.3089884693760085 76.54947559822308
0.6956160172073915 -3.3433254551747478 4.844899742116549
3.8213552773925388 -5.450328751050988 -33.68492538954541
4.135804738166746 4.315032184309764 -37.04990811934461
5.560674627407972 3.247826106064247 -20.055122681507278
6.7777444156707265 -0.3147554375150346 -56.47599552128611
-5.985108304475388 -2.23300894603064 19.6605426546409
-1.5638837957192764 4.12705287379639 32.961884517714225
0.7063140021160724 1.724838247816675 22.31357786752533
3.8822685038094416 0.2311348273599339 5.1492953399336345
-2.7766331508594786 5.6687491178945315 -59.78385804778918
5.004235697678049 -4.245082396859445 69.23183497522646
-6.314348676573947 0.18678940526640705 -5.846688594289243
1.4592073338222538 -5.681429683458533 -48.59482483841496
-6.859141826058434 0.4333681367370824 15.51968653180094
-2.4128544494445534 1.6909583664341776 -44.630932538532555
-0.31907157066498726 2.9524689950823255 42.332719892047436
0.38476918793283743 -6.899103376448852 54.505503206639354
-3.990366985885166 -5.405356607069082 25.088318751545888
5.2250828939062846 3.7733093146348557 68.50902203708638
0.24939708899715227 -5.002099137102564 -87.2422918555376
-1.920452579324572 -1.5016161733176683 8.543974446815144
-0.057378232038324595 -3.5465547979008996 43.24557118276051
2.045863687564701 -6.895667968143217 49.11231012708629
-5.637813733639817 -3.0861215292584983 -50.99860566245661
5.141976565389359 3.5536657795169786 15.256897482028554
-6.553302343240798 -1.361963541803889 42.263167044545426
