-4.634758306030502 -1.075038455490067 -29.310167195932568
1.2816756203160657 2.970670658456886 -87.05136968797689
-4.388238997899611 -4.174363049350049 97.74936363277358
0.49206331619473226 6.097047508644708 -4.437053080223567
3.006092845511495 -2.7609398950485353 25.117682222111824
5.751882458718003 1.543355286644871 51.927107054631726
4.059225373485817 -6.474509388034324 50.483270246510855
0.2276803250614099 -4.05416815171901 -95.4323202807595
6.458620383342165 1.0550287459520042 45.40842214026916
4.5536538592442515 4.738782812820638 87.70635408638275
-4.17558534648226 4.677622767538596 -11.753932455991848
-2.238484692282967 3.2900898140486987 -38.26014471835261
2.6790486250840826 -3.566038415020623 -28.44815996757591
-0.67760469925084 1.82993848460514 81.52145376308175
4.011492532188317 5.477856912064227 70.84932685215763
-3.130988349128036 5.511440312244019 92.03603731829266
5.6042342402847645 1.198590789215825 40.052180547458235
-5.717470279119165 3.4546141072491263 13.441447384275712
-4.144736979775774 -7.11089747442189 70.85299504686255
6.540233526543789 -1.414969537369484 -70.5315002278727
-4.212360867345519 4.692720706721035 73.98960474498703
-7.4790286805867305 2.5231289077932355 -94.64813628711642
4.202922882938847 -1.2509262964970445 78.12252780028085
7.440639224682302 -0.2105800030386129 -99.05696891035025
-3.8426287912999495 -6.721145612352686 19.67006727873303
-0.18441081573219872 0.5031559553532876 -72.18385503801312
-1.5436392836556716 6.569355307697464 79.66864566189946
-3.61757400894031 -1.1784013704942187 3.247362448356221
4.286671219819721 2.354701716763357 10.108366942073507
1.9861580197081088 7.18275051343266 1.231691061025524
-1.311448844257911 3.709740651781327 -54.01753327850175
0.699068455160098 0.5802029491281464 -98.6280420487561
-2.8045341801380195 5.529889361648717 -91.2974124000735
2.6570715611785065 1.2539411421850015 -89.5401489123629
1.1941689110662934 1.0171113746826017 34.478852271271016
-2.6222364628355925 5.293134569740008 45.36880951097023
2.8300625697508757 5.483488858444337 -54.975833565533755
-0.7606212429700967 1.4854384382237729 -32.74573739465852
-5.853950046557046 -1.0680349998517038 -24.23673339946597
3.0558082464112246 -5.388233184741985 -25.44840377157719
0.6085750153277455 6.581909246426261 -35.60184296649257
-4.41359967280344 4.272681259096955 -52.49109307633724
-4.643495521573967 -1.017294464544199 39.31047016677248
-7.123143033708504 -3.203887212671526 -32.47196916862082
2.469853067656425 -2.1578244922350884 75.46684573835464
-5.375526687407229 -3.1593296746330277 29.447598087048725
6.0468163759357925 1.8390818013390835 -53.778819315875815
-6.61925709529838 0.9869724858177905 -55.640352099679006
5.995193886743145 2.4558052568694233 -60.88438817341129
-3.507966733287818 5.161852818379414 27.142526018458533
4.673417709138802 -3.9840135214231966 -75.06215974878562
-3.899606233986082 5.1683650914998465 -45.96204672224105
-5.793189902740054 -2.7006765703126536 -16.131227452761834
-2.7989593682729104 5.701891559187164 -69.78736138122926
-0.2985124824645451 7.197728299012329 85.26775518273946
-5.96080998858339 2.560346524166461 65.65413042484585
2.6397605847492756 3.083816452753483 -40.30852385241239
-2.9745656380538503 -6.297774518511808 -88.30820193593297
1.21805166985333 -4.170344087222896 63.254354404235805
1.8155330910187248 5.987667297260637 77.96726677287205
6.308389527003787 -0.2965976970396723 -96.44129514020733
1.867813413711329 -6.354955170755763 -40.67914287688347
0.8163249289725925 -3.900106797550204 -19.84555393118588
6.096035328609936 2.111151676391856 -29.714985921122032
-3.452780880509569 4.223186876881499 -7.372735588863552
5.794578829905943 -2.497203431828648 -58.820725584025126
1.030926783819326 5.538903035176167 -65.24829979459464
2.0303401542339294 4.689035911752585 -93.05883581007414
-1.2513549453270398 6.1626889983982585 -86.2323675795987
-5.636457838687934 -3.5624429430986377 5.406879152169636
-3.32680151080542 -3.4703040636442486 56.63656691886178
2.5021560799757454 -6.223157458252485 -36.13391454826021
-2.9916326162644067 3.8368933632156876 19.009691934223127
-2.9167459064854198 -6.1807119932337224 -32.89516946974732
-6.330083231454412 2.1039483946827486 41.72817448081807
-0.9795097790017221 -1.7052827661466397 -61.934709200115776
-5.94455003081222 3.0906327021129374 53.65318983294177
-2.5207977600755287 6.358764217635707 24.61473323401293
-1.9561881958524767 -3.296574668186467 -2.757679049649999
4.572650613909316 -0.12127567700229994 42.66851246872545
1.7898827214772488 -4.667475306346316 8.224511662925375
2.6273236669282958 -5.870514371882793 -15.077085482046156
0.9598742705927001 6.604809818327783 90.73352034552681
-2.9911863321130436 4.946419173955221 61.744615125306304
-6.669817912292304 -0.025563232626174402 -77.37332243828334
6.04606993844191 2.2578334892768037 78.3673918715333
4.963423848079909 3.6572323937650517 45.976018482308994
1.1814479527659039 -6.858049328225647 16.42409862947198
2.8375390788409076 -6.026136369804594 -97.12158468226576
6.202802224644022 2.0356383848087067 66.52763903726834
2.947424988651413 -5.548524477222722 58.087891283960985
0.646564585047693 2.2185635917189925 -79.48507488039658
-6.5917486364744615 -2.465169451951902 14.882926593871524
5.740721772080825 -3.6929934108302676 -66.81543860535643
-6.58156552825277 0.19166422774393932 52.01092816236697
-3.0981317632856644 -4.890092756462065 -22.843838207785808
-1.9731246531915736 -4.601725331400049 -83.5831236867695
-0.6958637245597163 6.400351511555224 -17.556461841853114
4.444852972694056 -6.46712075489074 38.01286629827556
5.741382400924669 2.478996275535155 2.2104288308512268
-3.533851378121926 3.245245098148824 84.25102708218115
6.700008189514342 4.2831532839864295 3.7525919957278666
-0.8024667906797514 3.326124704627543 -62.91141760588731
-2.6136863760833204 -5.117934275204851 17.877273711716683
-6.554185125355766 -2.5701478004109446 37.75476751846903
6.53702716545757 -1.7944143299824857 40.51140475565364
-0.4577324332074111 6.32502742260259 17.99894036634218
-4.694370540485056 -5.528314544492433 -95.29592516188673
0.5493386575333578 -1.066975072966196 -65.84577424286918
2.518145425761521 -5.953910095666544 53.60164296755299
0.4049517141820296 0.6292677922239373 -4.088850685912993
1.5315830860064468 3.042556877213308 10.050671220560611
-0.17701340835662668 3.868803969148418 72.52029542534099
0.33000656843898196 5.878091077549667 93.48937597075073
1.0588000840092477 -6.671729401359076 -51.344958104415674
5.900286216675145 3.155396575994289 92.71127819362799
5.845211484894692 -4.230942040777937 -63.339684818993085
-4.125597421285934 -4.837788055180198 43.223220751615365
-3.7398359823004097 5.750167894191548 -36.99197978107863
-0.6626949332993103 3.2992107511260986 -84.25674405578876
3.1464048042337915 -2.997206000139145 14.486965040771011
-4.720469202141238 -3.0654792952984637 0.7215517294784324
-5.438533113215993 3.88026121001204 92.37041623092145
5.411143355974916 -1.7196368750067594 -73.468684874623
-5.783888766031332 3.5302679445818406 -76.97332877016514
-0.9007171399753394 6.40024503040742 51.506425463304375
-5.066456700094192 3.8372243396006827 30.67194781284398
5.863471017710387 -2.8235475622217616 52.62357789159414
7.144765755455354 1.5778019079164287 6.388029679483322
-6.837181769188466 -0.655100251914551 -26.86401712787235
4.20063593428668 5.21974228392133 13.069037235245219
-6.265683556517606 2.957212249317477 25.95423459090275
3.510647828473118 -5.7194271373870995 87.42777398741809
-3.8254428012590527 -1.9754797663869146 44.954269295516525
2.056882208312972 0.2058276666577108 28.035252517435133
-2.037687385574447 -5.462118155703716 -66.11422536783206
-6.050002429891981 5.847232418063745 48.27117446816875
1.2023375589722163 4.964068714780881 -30.73418457104713
-1.3548656690789496 -6.151336771019316 74.27877888027895
-5.9991373954853895 1.4108909828231737 -50.599548297675405
5.259720765835797 -2.715701202195677 -33.158885220054735
-3.38148235678357 3.713673436354141 56.55246067471651
-1.563555163452138 6.552281853059667 -78.34544864735994
-4.912840863433861 -4.034662627139465 -75.1357067137626
3.876506286632564 4.854600744255516 -64.10099203195408
-4.600386730407718 -1.2008301906066556 49.52318695881481
6.087215017922216 3.63539595387196 18.673517843823625
-6.813582172420197 -1.0934929412654326 -60.07404017255255
-1.332074232712177 1.888879870803017 -59.977002958181956
-3.9044534642570454 5.863140487300173 -94.15887349133924
4.52482448805172 5.056150779088771 90.38196739617803
-4.5751829624001354 0.11552878941158196 13.556867947744204
2.0958032162937634 6.390032385149647 38.5196339876319
-3.158643427792019 6.218546140475169 -3.5012462473010397
-0.8319312093543941 6.567216702526663 -99.61870114591828
5.3908075191199885 3.855755997417525 -3.9980929085072616
1.7408775234609943 0.5814607825145521 -62.809617812401406
2.6266613152437754 -6.709246903299368 3.7850769892549474
4.12853906879419 -0.8412312030681033 10.904214305001497
-4.7486582997068565 4.372297668389371 25.1467795929467
-7.836959921838164 -2.4512151385503502 -52.755658379338854
-5.158130482587858 1.1861549241801572 84.5761755771382
-4.812165174519807 3.5002352498800287 38.944450176453536
1.0600732009533134 6.34981457805334 42.749859976130246
5.110917579283566 -1.5485431532235407 61.307621317716766
-0.99172356872622 6.3374250047420615 -0.841633516817197
-6.403977403545144 -0.8919894391180299 35.177804046670225
-1.730469226345368 -0.4982490590896236 30.37787199478319
-3.3472581929524563 -0.6558025034592758 52.6876098629338
-2.9643771146652536 -3.4253067136973367 78.83096890257825
3.437811673634381 -2.341087319878279 -24.083060895737773
0.2099383807128241 1.2609569229067281 -54.822053348312465
3.0658807154838383 -5.756075550921499 -9.12317621369415
-4.3101605344384515 -4.9207399798659 -64.39940281087844
-1.6394683862752055 -6.620588186696686 -95.02973849103034
0.8270427078370546 -6.6337013746691 -95.25905633141595
-2.0635543804838647 -2.1069994977757927 36.45861149580621
-4.870149696279406 -2.7226909525806393 -21.191590982223055
-4.181562743784218 -3.8669191244055345 -4.881388215402231
-5.508459560147275 1.8066759706626008 -29.2575523698728
6.289274492369601 -2.586557239971948 58.71479868576995
-0.9752824947655451 6.497234018303664 -38.66942022742426
-5.92859675198152 -2.378734263686268 59.63072253353686
4.727944564620494 -3.65098039748576 -80.19205330750809
-4.522537408904555 5.5104333731917485 82.32379904437747
-1.1383179921103301 6.085182066824394 83.09924113330423
-3.4033616920572034 2.589106238057765 90.46221749734002
-6.129226385806599 -3.2916203607245724 70.01119055748276
-6.697464122647858 -0.5574345348670892 -32.54927914120495
3.225990488463907 6.0620554574329795 -62.94721718199729
2.227188099515171 4.339835999803675 62.057219136841965
2.190618142509969 6.13531142444885 -27.671523677312777
-1.9833788569797062 -6.642132930817178 55.045102084558565
0.8110822257593449 -6.595986339739212 -66.9023517641366
3.5876569367274596 3.1628645635888812 41.82786291811389
-4.677644896922115 0.532912881513476 -71.50688398353894
-0.7551098081225933 6.385160391233913 37.22971202357565
-6.783276674343167 -2.5252888724021574 66.99948218951748
3.8572934830644523 6.566223595682694 74.7394498200517
1.8831886155678297 6.346873654700989 45.41475915558671
-2.6445068020721045 -1.2639160082840086 -86.87304764353885
1.7375930545935234 6.001875121214764 -74.24495637977921
0.7924421417165018 -3.2984084144417882 -83.1632153682853
1.22548460729546 -6.261063217650158 -90.56714574004545
-6.66852634434669 1.1177601848594239 18.264249136082658
1.420842311158594 -1.8138008970469552 59.83661568394891
2.30396815271565 6.063636463210076 6.08635864953735
-6.478416545201407 -2.225202818219365 -85.18077501642853
-5.300879682809322 6.2002919101310345 -81.94923976741617
-0.42902386397150416 -2.6354940668634073 67.10823279426795
2.566226820484217 2.7270409003938823 54.32121429786859
6.096443122914128 0.3132669691003651 19.64463503552225
-1.1295407302013336 -6.504562574229628 67.7792373146608
0.62112020487559 3.7021376654144027 -59.032606263393234
0.23305947878290043 -3.378621009313987 48.904330814797554
-6.846130910733106 -2.6389183107797693 -2.1203776472134837
-6.702577346049022 0.2616930587506101 47.143689000588786
-3.182802997479316 2.801985003342201 24.04987913574226
-1.162690299689559 -0.11442224930752201 -95.2144870842315
-4.4213393876876745 -1.5498211332299305 -81.49415118408109
-3.68613144096987 -6.211929513320275 86.97965557592214
5.769505789225452 3.1786241613451045 96.51863822124956
2.547612890513915 6.074657824816998 8.707085979982697
1.439110995460474 6.218842143259133 80.88666047339343
7.235415723875798 2.9732563752886496 53.5937630639485
6.175585543317629 -1.8668042015159991 88.57657927185797
5.531976974356394 -2.814837110700038 5.180356763464414
0.7489000151037306 -6.093937479051371 49.5928604095249
0.34999237226668667 -4.469813543640982 -29.565417628898576
0.1709240374717639 4.974970593629926 -43.23999481091212
-4.493541915191718 -4.262274076608481 -18.435204202555834
4.197475694112897 5.310278653253529 94.0268321810418
-1.6140565154301216 -6.539692650954414 -38.96730265592905
-2.540195215260975 2.6362200980905466 9.153002306233063
-2.9430915301027847 6.039486455585566 -42.13744372691437
0.43197616678468703 6.470919631990264 62.61706305865107
-3.407926677203258 -5.205268463464804 60.291883535344574
-2.164335563421217 0.3444200198345233 -63.510346515221926
2.4248629876769487 1.1442859865164468 94.40257671392186
-8.028655197240159 0.5555364450736706 -31.202652161703483
-7.082898254045961 0.30355623247813257 -81.19695501039152
1.0152750644800228 -4.747477451029379 59.949993513498
-1.8775139144945798 -5.167001428924115 -92.121430584141
-3.793058012338918 3.892034021986857 33.232626313857615
-2.2008638356784207 -4.620112710472498 52.299911402093684
6.819994805147293 -1.459299666207933 67.15718570449152
0.29199790677523507 -3.0692346715335543 -68.44798702941006
0.24783062785631738 2.936625226992464 86.81539108911453
6.512961560353513 2.1445076793919875 -16.157627255181698
-0.1916255148148835 -6.687358282989913 -63.71833552807709
0.31754809600326417 -1.3022305842088056 -29.471823589216733
-1.556455533577121 6.464535222189248 -9.097562106012601
-0.22925547100496219 0.9964794560360757 -19.062280637031574
6.037375857817455 5.823512455036156 86.91522853132824
2.5540716455828893 -5.95632250458478 13.280050016005887
-3.4894183336255726 -3.6553327252798886 -43.418598317789495
2.919951836941421 6.049406729091507 -79.03765650476748
5.012554087794142 -3.3768743476813983 1.3760070763259404
3.657973573251599 -5.073841998967478 83.95818436835722
-6.555053700203163 -0.6511468713962677 64.94759837103526
1.038767903843069 -6.184520025228948 90.00135439159355
5.759011929358821 -2.788080933113909 -19.679088863274124
-1.9374737638744308 -6.424528890634463 -50.7364070195703
-5.138061915220606 -4.5708442875861115 -84.23056131804802
-1.1755832422589116 2.094174536741144 62.96622702819464
3.53708545877078 0.9361896340085307 99.66808172945105
-6.772206814365332 -2.9347950350529612 -5.05704170812821
-3.3081242257234256 0.6240348877741726 -90.92851585169184
0.8795354313979036 1.169184834392544 -68.4040235342609
-6.0773092653041445 -3.359286700091261 64.56551855655397
8.266468684015768 -0.24087804635176846 -22.986144738016055
-6.601968320295119 -1.8290477128963425 96.62336105226899
-2.9345111563977966 -6.0976523019066375 -70.19868180385558
-6.272977559690125 -2.535489122766061 82.54472559522625
-2.0753708417081156 6.445167899133299 2.8954002797791523
5.557795036737298 -3.24823447649289 -94.57845460180991
-2.4104735331397777 5.657020172857382 54.550122428098106
2.2524157788922987 -1.2385973320603048 7.941852301094818
-3.1193488492438686 2.169014678532925 67.03238001699718
-1.8863935089290915 1.7359706824213836 88.28715332967028
2.4953189879779023 -5.606121481446828 93.86975171244133
1.1962251035892189 -6.5242721356779505 -44.24266097134442
5.46899740744521 -3.7459994472422964 74.42405458397782
4.068307518952985 4.46243011239001 99.96040398924043
4.266541223335384 -3.0129804714510646 56.239858035017804
-6.974716617675345 1.1849475856840406 -10.914389905749251
-5.674999071077794 2.3787833087265513 -34.71411927062237
3.069361731190125 -2.151855161261888 -37.65019616624288
-3.5331109222782477 3.4473669257032857 95.64715947629116
5.872598694495738 -2.032584455075453 92.15563332249252
-4.479429001726906 -5.022978499172061 -0.702343409567423
5.380667673432353 -2.986512289763567 30.890997236651454
0.29466672056136617 0.7776258391092448 7.842005522147275
2.0940350751510084 -0.2454802873959191 22.998616056867192
-3.9294102361819876 -1.4396655252769093 70.39858388026829
6.924747330184304 -1.2597802445111446 97.22447873739992
-5.632400511435192 -3.5621881657855687 9.759530384089521
5.903734409504856 -1.1098477123236656 74.80272966115095
6.269538729349612 -1.9823940431443208 -40.73197209633479
0.4772226903713712 -3.7265012875374612 -26.22890966053259
2.2227854270337266 6.025873195395965 15.77141787012493
-5.0399486842720975 -3.352744031628115 -29.19227815144724
0.5152195249361124 -6.584457039830252 -83.87338058826012
-3.014073570373902 -2.6046870176347006 -91.18784422568666
0.5294894734161971 7.137938371486861 9.302331697630704
-1.1603082216322211 -0.618134742597509 69.92691914587715
4.93616037307817 -1.090544190102947 36.87124145746464
-5.578356868410178 -1.5291949952512465 79.07771811413687
-3.9504802268170116 -5.359318386214058 65.65323823753609
2.1794555692230095 -7.300026465305142 -93.60260795605905
4.373895860493599 -5.544793491058605 -42.83943283561069
-1.6572838601760351 2.2235692138337853 -14.477949210924988
2.1112000520449064 6.49743164748951 -10.587089887054807
0.9438561963847321 -6.343507328628409 -10.934230391463995
-0.6327571272520902 -2.2371923089235786 81.23747856303723
2.349897838931217 -3.842289254328206 -16.84863420939242
1.0652946225028967 6.823658925040514 -58.46844249582498
1.015345842544458 -6.7347245517013805 30.70357019333604
0.9696623212106237 1.3649101205309546 -82.40632053574366
-6.490027208334789 -1.7973391921743376 71.93816486422232
1.1582751260554323 -6.491642278037593 96.56965101207503
3.066708351571337 0.10451278090463598 -58.568518859993134
-3.9058129466434157 4.996398849601381 -75.03151010616337
3.589662145420059 -0.5072555916522226 -27.83837935977659
5.470636946052918 4.1241253595426 73.80170700792958
2.8040907305011253 -4.368742273216934 -88.89362591681666
-1.175016759626527 -3.6397067580271734 -58.82477692154862
5.985472425074319 -3.6749864026311245 64.20659354040703
6.2035729277937 -2.4002156659695473 -53.443306921668544
-3.2583864759845915 -3.979976202403616 70.02195220327248
-4.267149003576531 -5.050371326743221 -60.46520717432115
-4.549754571656054 -5.009886818420077 38.209269598217304
-1.6733701351037733 -6.5441732299098785 -54.73124383918167
-3.4589689888412147 2.323589102879925 -48.38764224883704
2.8817845510481073 -6.250105127531458 35.333280816816405
3.429059061444428 -5.563255262562481 48.48950077220023
-3.1455850943197485 0.38479249813717575 17.56422984107603
3.9021221921006783 -2.7908990615426483 -90.48070224028484
2.6485946699633205 4.641795823092946 -0.5707571868628788
3.145468529686796 -5.5808197621746585 80.05322949043986
1.5971088250111642 -6.490656683505374 66.06948108673788
6.307700513042551 1.7953723358161886 -63.78161626075505
2.3347020492736092 -3.880348895591972 45.8397450063029
0.4793637253471883 -6.673699113549351 6.357825469093105
6.484256320218041 -1.2887200883548706 7.856295916703114
6.696929593849454 -1.0278249984110766 0.3523830453599769
0.791259449299318 6.749507562759865 -61.47211799123168
-5.523472951948881 3.271996605794276 9.758683798184325
-1.4713188412143499 6.536550131538895 76.63459094407736
-0.2582580083237009 6.787492126227129 67.01483048155146
5.124292805078436 -4.20377352875573 -98.69442581287203
4.791226058396604 4.622346102323977 -30.676158391114743
1.7712713947659713 -1.0909788897643253 -49.25126108475675
0.9035406326897999 0.9857926232937264 -23.694050454882202
-4.3197847650575785 -1.1853720434150623 -35.37689414527905
2.3460736976685537 -6.507508868715977 -20.72715237199387
-4.6106265964443915 -3.3463864726002823 17.797482018542386
-0.2088708894485588 -6.407267836559265 0.5784124261096157
-0.7591599568974032 6.677963241939611 72.04213981986774
1.5255013910289121 -1.364922973723408 -96.42608624941079
-2.4592823064046425 -3.909611957043637 88.17654994544611
-0.9935055863360183 -3.183366998703827 -49.896651348414395
-0.2370994974427617 -0.19122830470296848 -58.58788015817116
6.0356080810999275 2.4212600904503816 83.04689428952177
-5.334740865894605 4.168654922065374 50.1517173126934
-6.291664989004849 0.8209970313700911 96.9424720357129
-3.927518015433347 5.693446125311501 -66.84720380133194
3.0566528574289937 -6.071725082970807 -1.02185122807864
-4.018244726811475 2.409517918736048 47.79852544822647
0.045233409011357834 3.700693944466109 -17.08366148680552
4.944545325305982 -4.541602211873774 8.2101074759703
4.152409125055962 -0.2287086829369956 -94.32141715735845
-6.2327863399792856 2.288080224868356 -59.29161116453266
6.2097473032003485 0.8883201602898838 90.47326671044836
6.007337474154545 3.221188198633075 -25.51594052557128
-7.931759159777142 -2.2244621608742428 49.65945485862669
5.833016617147619 -0.9211841361618661 49.53261234128642
-5.878334356231302 -0.9009653551978233 31.945640790038823
2.3620695851725504 -6.009597479305562 -71.86524126402556
0.08821641636850619 6.615769972051765 -70.3845418393893
2.4773778714026005 -3.004251088405522 -9.404266799681091
-4.808459740582278 4.699747445702619 -96.72907943064298
-3.236450213936097 2.611200883708215 -66.49574970527638
-6.570884891384798 -0.1016898012647497 -34.98841083996444
3.508687078565049 -5.714629359433194 62.361652532745175
-1.9548961583319053 4.198185443700176 -35.050082113297584
-3.9267401107211755 2.3899076681606006 63.02524872297622
-1.4713205215503151 -6.417726061029872 -17.299853794763617
-7.374800831732374 0.7093928195839699 12.516846901167746
-0.5154613267094205 1.1244760309391901 -40.01208489262729
-3.9660945071064377 -5.2194722847222135 13.891750542518503
-5.369076645281025 4.27523233979592 21.431255271779538
3.389104708019046 4.547468368305714 3.8954969582717527
-4.771256734563033 -4.176663108404623 -89.3749521313065
6.257290513303477 -0.4634237201527415 -79.3809744500254
7.771316439638299 0.8914005041390304 25.509356018389518
-0.5605427530928424 -6.7491080056854145 99.86954326943983
-6.330173926081161 -2.7222862170601867 99.98328803044691
-2.910444012188441 1.6377067504208243 -9.791840648636907
-1.788354750020533 6.579125496477112 -13.37554482668925
-6.339051322933835 2.243752497344842 98.9641585938235
5.317450380794687 5.697300748650875 80.70248998383808
-4.608259153753727 2.813112944659136 -40.71839741909195
-0.7938422783765258 -3.6911364432782414 -40.289250678444695
-5.257889132145306 1.55566434425706 -83.75580300939464
-3.6496891355152252 5.525786640961538 9.05796638973475
5.795524116364898 0.6122433382401244 27.563838464732655
-7.030548068854517 3.1526408676568694 0.9314008073537059
-4.463540002930717 4.391147782330221 88.17024971157838
-0.13106236519171877 6.467246159998754 12.329536103209502
-0.17859786283475643 -5.474850013627248 23.93816653879342
2.9467870123839925 -5.5879601333714595 -6.546226210617946
-2.736274664749097 -5.574369479298889 32.155220372915444
0.14419628866430684 -6.785117105060537 -31.594079118604242
-4.620876312408279 -1.3887482649882357 -54.93256804915101
-6.518158569714352 -0.5998738994513736 -46.97597541404388
5.55897594814547 0.5501752688754432 -34.71413051180872
-2.745704353142993 -6.901916890163402 46.77182441231722
5.465827800812496 -3.51167607264666 44.29712554495634
-4.745792368117144 -4.252322906516931 -54.27732017582075
-6.397623683778752 0.4879215191302222 27.841030448332496
1.6780406815759514 -3.144871976479179 53.21984804343695
-2.4209777339419 -4.2100940494964005 2.5599809172797814
-1.689038875675538 -6.165022815559585 -20.73152865597718
2.6175236671601394 5.144273259344928 83.5162187802459
-3.649970991760041 7.243009707709154 60.52755858351844
-6.741917951196706 3.3278687264766043 79.67322976824309
-5.956902764030487 1.9434343359233979 87.49739554188487
-4.263022407076325 5.858361360678461 79.31142114339471
-1.1655338007419176 -6.786698406214886 -58.15820347751474
6.766522464500775 -1.3090828569339465 -37.49253738085156
-0.36695844440610537 6.8587248959125215 -50.81628142294653
-5.904743255127954 -2.129934226636377 92.55459398323327
-1.0925452713221557 -6.644863536174643 76.50650292028261
-2.6694358541355103 -3.1730979019159324 93.28194253084305
-3.974744075106453 5.188202222210226 -32.13130192285855
-1.5978045024582004 -6.495449716293412 8.465934767754455
0.40572027697621377 -3.239123355797803 -0.6130085560060914
0.13019231479944018 6.859872052890644 88.09845412265217
4.185605004592863 4.910561921993814 -88.62210516677634
-4.681987305631014 -4.593016590560502 -67.99828872254243
-0.4065605385022576 0.4929998310465654 -85.14709134833771
-1.5560667034373528 -6.475331140196207 82.42493230872154
-0.6225771889666472 -6.105979919152867 92.9041447465333
-2.699940313817134 1.3666506314033153 -81.6783331996951
6.127398424903905 -1.9382318733501833 -28.882966808564987
-0.9668166913098835 1.2793294515175613 -50.207739167573436
-6.749579592593331 -0.19160963973626505 -96.75630617976854
2.703660322621922 -4.602336688794177 -65.60993361346299
-4.371470170025749 -5.052326082483657 -36.69428960574987
2.2694563659137574 -0.17076396876344546 -32.45608951142872
-4.772733587124069 0.9694786498195824 57.43946877825224
-3.7609636364128254 3.0050100236124435 -3.8012914555033954
6.364863616382273 -1.0631821349663342 -22.452291540170506
-0.6047594504228705 5.312767694158009 -24.926240700140955
-4.995930293168477 -3.1296624623270506 -97.34273069901485
4.798024468932026 1.0539710611247828 -0.7097007582506349
-0.6496699790999294 -0.0989876348842933 41.08736469930163
-0.9325209114009341 5.921884451039509 -47.38100671030689
-6.421350534922841 1.0212104431140228 67.98444051666529
-2.5443512393683627 -6.162211978740721 49.92325110814783
-1.505067378195479 5.925905700066763 57.70355206354357
5.481289540389315 2.100982568799588 -86.52956817519424
-3.625890984231093 2.534113882027467 -94.00375393065782
-5.242914760478338 3.843288269824813 -91.214390776818
-1.392249358982115 6.52014057070512 -55.23812817791804
4.90467089339472 4.717422980180716 22.528237507778208
3.3627635157512814 3.5872791302891964 -96.44898257781936
-4.200028714072889 0.9512803147305672 93.33482056385
-4.819047204752912 -0.35528525782638193 -74.63768403014038
6.786468954934177 -0.6235381283830161 4.0290264703321945
2.545890061347655 -6.921282157602783 44.447345372220305
4.788320756912991 3.3736477475611406 -47.16760324078232
-4.810393587166648 -5.445063895077361 77.71020200301295
1.146394908604632 -3.65495380081615 4.932096118399235
3.014753338634268 -5.900415301228923 -33.011099025454115
4.565047907344446 5.195715606225405 -38.56388145995018
2.925729070455062 0.6742964082807441 -20.212254768402172
6.456551849134812 -0.21171652923540674 -55.912796349131256
-6.0010022654257344 -2.715644323137621 19.66273742918422
-1.4564407198380798 6.22638903217647 30.14463982499627
-0.16188532558585683 4.099699203688489 21.8238579508197
4.166555037088078 -0.03196764455722792 5.004419057615141
-3.3767670216239694 5.251229061368837 -59.41817234225613
5.676139815832762 -3.307320271154815 69.81304703932071
-6.136557752962269 0.4317241110862807 -5.7379725305274505
2.8685632971014874 -6.09067795692615 -47.941637431458275
-6.912618097141635 0.4590067984337339 15.541085554910282
-2.6814551428159192 -0.058669359495920115 -44.765026629741484
0.03520848460736248 3.362402534754551 39.52041909547296
0.5466695345327036 -7.486938611404996 54.14128549495653
-5.934460451462571 -2.5910032726416796 23.610954521466848
3.05412451399192 0.4073182694275862 71.75121811524816
-0.33987891651152907 -4.415301046343564 -86.87761408177721
-0.6175633680620728 -1.6212849121489676 9.375982807305459
0.6272936180397448 -3.896278125607411 42.79784354633465
1.857521294784675 -7.168631082442063 49.2092907434995
-6.166940258651229 -2.9294934939802673 -49.888405306374956
4.838785888116868 3.8267442567670233 16.630046018074548
-6.265017249130922 -1.319136901459495 41.97747826579889
