-3.783650949874561 0.22506152877487007 -27.526308004446186
0.9107399414363488 2.392427902688411 -86.95567258151081
-4.487111404108963 -3.921169393105466 98.03036936840759
0.14275787266601592 4.9780408510360745 -4.307315094609924
2.195383176884757 -5.284953918040836 25.958687918100843
6.228616595046715 1.9249391149459212 49.14180488321065
4.0539276368436825 -6.47959371269211 50.4927687827537
0.5855537491373852 -4.473498782110023 -93.61783148403491
6.751905082864679 -0.3171380593577043 44.470924794795756
6.721878809118216 3.4399150575450204 84.85318436485095
-4.17558534648226 4.677622767538596 -11.753932455991848
-2.5363674954972337 3.151740530738347 -37.97942174944808
2.7272360915632117 -3.5718579284764473 -28.473589209099252
0.9884386058826036 -0.09019364892133108 78.8305565532114
5.014339404661916 5.141188548246232 70.40493370971899
-3.1568237035109328 7.43155971505778 92.86937788727818
7.273826943776137 0.3518072903906255 41.62208212594831
-5.239426871290932 3.9544144349121537 13.693744734737145
-4.621321291618543 -7.738775143004611 72.04532793294007
6.330684925121112 -1.6739289967096127 -70.406999225629
-3.6475066589610607 5.738031707593512 74.04048820457756
-8.240742648300838 1.4773465383959385 -90.89541489040687
2.430949804603171 -3.184076098866717 77.99680732285883
7.645054925129746 0.8967298578429929 -99.42651200610062
-3.8426287912999495 -6.721145612352686 19.67006727873303
-0.6086107512269445 1.4561219055359291 -71.20940805441329
-1.5176835053283204 6.385482331084652 79.70139034401214
-2.161513595444894 -0.5169894222001976 3.4559910403572496
3.895464096382166 1.606824377810096 10.640086300924725
2.14567778189791 7.397181518827967 0.9200696686343344
-2.2342245934989418 4.080831907661 -53.134955553673464
0.5182369074113 0.5056411296626185 -98.84367111319837
-1.8781172979502903 5.009528838018972 -92.38312438641944
2.9993403278859008 2.0483487803972698 -88.94698054831271
0.03277736817571798 -1.599012826724257 35.4385902839867
-2.8063527461420117 5.440758433885194 45.946834601497926
2.1676157928438577 4.093399290149037 -53.052021056202996
-1.2335176091395597 0.8118490573174084 -32.921692779398015
-5.002710060286761 -1.1226747264727148 -23.954581039870217
2.1177831934401845 -5.039190270880443 -24.291693786595182
0.30885773917443105 6.702748590940215 -35.839364362312295
-4.538338239638932 5.218420970079376 -51.224377800897436
-4.951896416887073 -1.3931602366530693 39.241656195473425
-7.737813818177036 -3.2863973165040137 -31.130878835958857
2.469853067656425 -2.1578244922350884 75.46684573835464
-5.276387484237441 -3.414222185738201 29.480490539544423
6.054002551312592 2.0937374741740613 -54.18989623126838
-6.4215410621692 1.851531093009755 -56.40626338217595
6.927936187904582 2.339401337548309 -61.01476563264197
-3.457682419721467 5.227309039028276 26.903233764494487
5.59553961984449 -4.066695165115645 -74.76421809562895
-3.9569414358104438 5.434609967012693 -45.73051588726502
-4.189077065705094 -2.7526030686238014 -15.075973949305464
-3.0613034448213314 6.033653430480101 -70.23932799857782
-0.6506823636289555 7.523926652999583 85.31552427021548
-6.446937889257258 2.095158931986512 65.44069584194997
2.1966255024634855 2.503612978482647 -41.06020675823297
-2.884965669056108 -6.212079117884505 -88.05712200582892
1.364085607907191 -4.116495220455414 63.06584685083685
3.768557479322682 6.533480956650315 79.38349353531434
6.879046232678561 0.1139510195307955 -96.56312580650275
2.034157949228656 -5.7799721401213 -40.81456329025536
1.8594020277711127 -2.477589682835623 -18.7970866049326
6.213505423167716 1.6347237496682072 -30.684621837884517
-4.232499418722812 4.441225102667016 -5.167635075604792
6.109324460263889 -1.5976421605043163 -59.99126673713645
0.4084602411454748 6.775314139019469 -65.32039103379226
3.069177269343117 3.256342819928684 -92.66274949671994
-0.12105334271708636 5.878408200795991 -87.2103352125682
-5.086812772650775 -3.9793328906823064 5.2113624721914045
-3.1677269000031547 -4.311429097126792 56.75807340757724
1.3365905566257028 -6.167691877841151 -36.40529138057806
-2.843416315963403 3.499259941609628 18.92670930347504
-2.9424786949612933 -5.981102233629118 -33.442976160406594
-6.51176062067574 1.6483415923400715 41.856542863050734
-0.6499103393641907 -2.9070686443440765 -63.03026785087389
-5.481722506537178 3.5660947910357472 53.88867324690211
-2.5207977600755287 6.358764217635707 24.61473323401293
-2.9299698890074413 -3.4451956550700276 -1.9725539385116015
5.048743951718802 -1.4126901037886355 40.851136697305094
1.588204947997135 -4.769286429351003 8.479444666929355
2.559189602732695 -5.835751402004053 -15.157856954442009
-1.3063320003282848 7.261503171303307 90.29930517448986
-3.4781929679054713 5.21653490039567 61.63710041294757
-6.565807013191862 -0.6546368962919443 -77.46823231679936
5.269780810578883 2.4527333540850824 76.09182830121547
5.587970853711213 2.626211679869814 45.98502884730186
1.694643358269726 -5.456317378830985 16.76429475529189
3.458885305770667 -5.804927113378731 -96.81325652587108
6.0317170901711625 2.7985629733581416 68.29066373819231
2.7606921168551892 -5.5760300169071275 58.33057186255825
-0.41726253916669903 3.587262680823349 -79.64809426996108
-6.73004583215869 -2.4902937619411487 14.879977377481055
6.261637311937787 -3.273605020761503 -65.21134192743959
-6.194323540026194 1.3511499833266036 50.73935077521813
-3.425327533063389 -4.893784297554349 -22.60700883825808
-1.9352206615876963 -4.543193281633599 -83.63147892635347
0.04137124990453351 6.3049388393023476 -18.780334023841196
4.594268667291265 -6.552363454729819 38.12581648487294
5.784664287789568 2.5950171243590914 2.424955662010679
-3.145233310896841 3.9559574375974598 83.42475458606935
6.9449504254580425 4.710239745733891 3.6172707310933814
-0.6766535273160097 3.423076517298609 -62.88317834542964
-3.7937786493789623 -5.371879479611468 17.65435085033296
-6.554185125355766 -2.5701478004109446 37.75476751846903
6.808582802148212 -2.894818185772866 41.152423656092445
-0.3608513896211828 6.655261384052775 16.749146313919592
-4.694370540485056 -5.528314544492433 -95.29592516188673
0.805971161955884 -1.9539750027181255 -66.52609492641764
1.7308915522527983 -6.102139559875917 53.51736306087326
0.3100405943070623 0.6965939610696525 -5.322081633326974
2.4557421739367915 4.542423042409778 10.037705695175319
-0.35005817603290224 3.028137027492548 72.58865519622147
-1.2963456330499925 5.7468931826056044 93.6286664228067
1.2115044120006915 -6.534238137738088 -53.78402340932874
5.759538809317717 3.1906750613485766 92.39579263407401
5.846123712371894 -4.283402848505214 -63.33914574787135
-4.7640463661727175 -5.2313228890840815 43.59914881809337
-3.336542166325476 6.3239119412299125 -37.58408727851332
-0.5518559074929952 3.612905676681702 -83.8215786795991
2.7688882020488372 -2.3881465546355756 14.573994728918484
-5.83656922088365 -1.4759783945134746 -5.972578329205945
-5.6750816406043505 3.4346671182616 91.90310549325156
1.2663947259537491 -0.9307857734766207 -73.76938140005738
-5.388407702736185 4.219752458290341 -77.54488399404676
-0.8398609303524509 6.449356523152822 51.81096453933605
-5.083765133744403 3.8045530535326004 31.090810842625576
6.009078661084626 -2.704744064850227 52.655562568303274
7.2562080210408935 1.667897944130747 6.599926068739503
-6.668674517496986 -0.4524165475631952 -27.688577359495117
3.80227333818247 4.666943730938655 13.746221520107905
-6.269592963425061 2.9510706488307346 25.93061143035573
3.2834687715648028 -5.690208167002564 87.63750680463639
-4.650492191676522 -2.503008765274017 44.87807536861023
-0.14424825968673766 -0.8822646352946222 28.326222075837045
-2.8607283651746997 -4.449775514361685 -65.68008628782097
-6.703948794800626 6.313062677948949 48.67859802718384
1.4155481122220035 4.94600384850492 -30.396504691147275
-1.937283695329399 -6.066493349079016 74.23233837492066
-6.824567403403442 0.9701311875905342 -49.78154966317579
5.131611127834596 -3.7188670388142313 -33.303714566378154
-3.3782700735155275 3.711231295938698 56.55623800758972
-2.759259140283324 5.991757127517648 -77.64783069000093
-5.357217631402945 -4.856590439437884 -75.45500348557398
4.349671483142124 4.704724796165325 -63.96908724696397
-4.815597274705637 -1.730251509346516 49.555279838770524
6.048395454521281 3.800433978489284 18.576796504286214
-6.813582172420197 -1.0934929412654326 -60.07404017255255
-1.3144865063160993 1.9737799537344873 -59.9843403584617
-4.840338469874077 5.715635336935673 -94.02665521018703
4.702150462675754 5.222951306571983 90.11205592327111
-3.327277512271692 -0.4838465428467046 13.842257514291218
2.29819569270816 6.2665244575829195 38.168225408146924
-3.158643427792019 6.218546140475169 -3.5012462473010397
0.36087525718119723 6.030887847667699 99.30308546641702
4.742252669579445 2.9542114689581473 -2.7623324348657974
1.6828767705943657 0.25638780515499027 -62.842897306807714
1.2497203521898639 -8.401258869132453 3.5935022734677826
3.274641107897227 -1.6773912399184763 11.62528399844496
-4.990944467212825 5.817513855983299 23.408167658755918
-8.127225003134697 -2.7698018812775866 -52.62473850375004
-7.575332452299418 0.7059060475379044 85.1993513050568
-4.4935895369102274 5.3687038785505585 39.138044713847165
1.063266088998483 6.883566151226796 42.9289501557036
4.267010385516165 -1.9041995187799414 62.19171873765564
-0.23949285230744977 6.482059622106502 -1.113849912851337
-6.507029868052375 -0.003647783233100223 35.44427532053974
-2.1257238347967538 -1.0819869571771776 31.848016007379996
-3.9401164140981613 -0.6161180905504292 53.74960722659582
-1.8929304584295668 -6.157164166802129 79.08327750852877
3.6470678772794005 -2.396927057702003 -24.239743976456694
0.5254066447844891 1.4639216406825346 -54.96461815696314
4.145662662265176 -7.130634769627265 -8.902293624145315
-5.170025670485042 -4.7408824031774826 -64.03461388440697
-1.845616205430126 -6.358111591267192 -94.94798401209734
0.9643813727838514 -7.67979384370683 -95.37397963222355
-1.7524276489142125 -2.4959295188563413 38.00536173013493
-5.066958935933446 -3.126662760879766 -21.08186818993208
-5.672115517466827 -4.200780266803222 -4.29818902280417
-5.674482219312607 2.9529103582106035 -30.152576049423285
6.607937583052062 -2.26531562655244 57.78899471411142
-0.7281555854784265 6.855059043093463 -38.98243695687589
-5.798896485711686 -2.185602903873909 59.72416844249289
3.2614247096078604 -4.324755900740526 -80.21928441593728
-5.213492961088384 5.459629430145307 81.70276303758725
-1.1383179921103301 6.085182066824394 83.09924113330423
-3.7018191880295217 2.426615889190021 89.77434945239695
-6.97438864187595 -4.065859079949757 69.74349781199247
-7.489276045773457 -1.1592189993707038 -31.99689961049671
4.151174502979203 7.465698105017731 -65.77220262440537
2.615493425570767 3.8537688593327446 62.14497512208773
2.001368126709801 6.09118848058088 -27.446296499899375
-1.769629801153536 -6.538606839031248 54.95588850376855
0.8053506729043673 -6.377823923318837 -67.21660716524308
3.3065509667537762 2.6379765455822914 41.44058969089021
-3.3008671299267585 -0.754941898604428 -70.75326622173803
-0.44802144927380216 5.646080581243329 35.28650030642957
-7.145674440946111 -2.662204293919994 66.84527991047402
4.142611423220691 6.4745975161900775 74.86978472057615
2.533372317150486 5.783952642226623 46.957930032611685
-2.4999480768050586 -1.5738062156271282 -87.05948843734356
0.27106983860356887 6.5712161671979334 -76.97779268864208
1.0329605548391936 -3.6994290945453328 -84.18789822304173
1.4968305922737684 -4.959119200982919 -89.5888312197631
-6.66852634434669 1.1177601848594239 18.264249136082658
1.7077113430305768 -1.817746402393578 58.72296795374335
3.1518432024771528 6.286486735853974 6.810133190960244
-6.259941995872062 -2.494650209592608 -85.11068124146578
-5.51730517993342 6.440980009195421 -82.12299511380151
-1.072281633897439 -4.455141688842451 65.9094935520579
1.235845433720902 1.9330348336091308 53.37612709107477
6.491708579467268 0.5632676541983347 20.69796189521143
-1.6668529152249179 -6.627884958349785 67.62270268611267
-0.09702181208217482 4.295399914763416 -58.72279861849879
1.124617685241089 -2.358180955267412 48.0364957330109
-6.851016008019038 -2.8502225030177444 -2.398581873522049
-7.3144749566408676 0.0004540718485741557 46.81612066735163
-2.906406913262769 3.693162812598207 23.988873285658116
-3.693030839856028 -1.2194155971607206 99.10899386893425
-3.5621060092323495 -1.118635271673145 -82.85444378444126
-3.481191682368309 -6.450010784818724 86.8245246139559
4.725420034540715 4.8872825648230815 97.38082541360282
1.0434442402251163 6.991664988521229 8.073484635221266
1.2553848701370658 5.876422149028449 80.74416265483323
8.180463745091066 -0.20759488372290935 54.855007155917825
6.2812343281460965 -1.7892195661368382 88.50212475239628
5.517581745309264 -2.7729458075170723 5.100249336054448
3.3657056537292553 -8.173592379905152 50.038468465304234
-1.6699347156172821 -2.1035452079197996 -30.964450391536246
1.7826487933467279 4.875709473358663 -43.33542933193807
-4.491450213752835 -4.297252500287724 -18.268707593174714
5.262287442387642 4.034955390491898 95.21402925700592
-1.6140565154301216 -6.539692650954414 -38.96730265592905
-2.5738951481665864 1.884059364870779 9.24167552049799
-3.037034376700237 5.51454623716338 -42.90882440147009
0.7591633630848789 6.587800768224848 61.57856151656195
-4.392432912992885 -3.450268697321148 60.900772226742234
-2.8596664081414747 0.6764673105902267 -63.6560414818257
0.15476899629601593 -0.5195779746680323 96.18219305656424
-8.022670424508464 0.8186484690550655 -31.059203804365165
-7.542738150213304 0.47188763006359363 -82.12443429840384
0.8936385964492046 -4.579910762180782 60.081903194032996
-0.9947387701017709 -6.2652253786804994 -91.53416551534889
-1.9370200372537165 3.1143602877748857 33.818528577076854
-1.8155454436934941 -4.644146540699422 52.089900928589266
6.6543086716030775 -1.5438591350788071 67.08122106694864
1.2487541961499797 -4.248860535891792 -69.46792043243052
0.08247116588001828 3.206966090216417 84.92794815370314
6.664680868963224 2.112546476130002 -16.01072821583519
0.1899178941306 -6.680033170197374 -63.71754212449418
0.8542963653965534 -1.3888443133790678 -30.06024039396005
-1.556455533577121 6.464535222189248 -9.097562106012601
-1.1328808372772425 2.315428783635994 -19.001627981970348
7.410220669138239 5.0506046986621405 86.5274808626585
2.5831740860504455 -5.883580061526382 13.422413604256942
-2.065110283608547 -2.533038611458261 -46.04128067598036
2.0248799009440543 5.668757196019245 -79.61479407351729
3.373099201725209 -3.676523546507634 2.468385733276777
3.466185361149764 -5.420121717101393 83.9005734359431
-6.007734283507209 -1.120910811276179 64.70658524458761
1.337307060053148 -6.093075791336052 89.77498144215618
6.4834533588141445 -3.4767800065029295 -18.05296871554284
-2.2748237061516576 -5.879378849956153 -50.42948048492547
-4.697897340907381 -5.4844557550159765 -84.95050613703393
0.13607734876045013 2.271119531418792 63.24596512928575
6.26158674638045 3.7700692006513377 99.86478067954495
-6.917778691360488 -4.067840490262174 -6.052141388192026
-4.068395547598718 1.1157032977843981 -91.18527607249335
1.4439393092818757 3.5071725880356293 -70.39072055278149
-6.328940521526803 -3.971017819680237 64.15530850014478
9.048384052420168 1.0152956638061759 -24.51728332750982
-6.852410975761597 -2.1409551429750433 96.67295088043139
-2.9345111563977966 -6.0976523019066375 -70.19868180385558
-6.272977559690125 -2.535489122766061 82.54472559522625
-1.898094413179357 7.6763323930531655 0.20510182537857613
3.467751739458944 -3.2512163575201383 -95.14068357133723
-3.026901166009742 5.585361204399632 54.34129782609895
1.522850053991721 -1.4927326686377527 9.197075819622352
-2.8819385365822923 1.3583385680347275 65.47379651743461
-1.9891699884587724 1.6585507168094629 88.2937310449142
3.475079750745726 -5.688422560621841 93.9882567895468
-0.09466771782676031 -5.446290474265048 -44.007962070118126
5.050537532870036 -3.571757076565601 74.49503032431048
4.513608321490361 5.154513806611325 99.82314498080041
4.058817191150936 -1.3630576896706559 56.609847266440774
-7.135881029295457 1.2183538713532036 -10.937671278698604
-6.2837752754326965 2.608851431523626 -35.94093040799344
1.9550111266633776 -1.9078150495941613 -36.93553698275093
-3.489082322961919 3.744645722357778 95.50429845150276
6.430717206488981 -1.3716087126952767 92.38023606283235
-4.092476906552164 -6.108233330172407 -0.14085470141424003
5.18461333417773 -3.85290204481897 28.87914074829678
0.21164982847970293 1.090496753874636 7.806674005426717
1.4083016631313494 -1.976331934731467 23.091674503828045
-6.999835586858854 -1.243365987187485 69.31239454102433
6.552434325578106 -2.6088968662648564 96.89287494737151
-5.50236323361507 -2.987684207410545 9.127164684281672
6.959115120353121 -1.7379611397920134 74.79651355889561
5.8969497800861195 -1.833117783890226 -40.45223500206781
1.0177766648084081 -1.1872577330926788 -26.51097619069451
2.4345197886036747 6.002031999907601 16.050903941845142
-4.232274949157917 -6.630960789110257 -26.519809228855046
0.3929584678476716 -6.825218654609401 -82.97198202109044
-2.6411759942417032 -3.1161828178243174 -90.84999843301148
0.18170394135065293 8.11113426307613 6.900937544804246
-1.781373993146807 0.01766753356248635 71.48823008624932
3.990685113488002 -3.4708450385959217 38.84618145873613
-5.185742179362572 -0.7881681105642704 79.38358944431201
-3.8353751092445165 -5.178169459392305 65.7179639410577
2.435530449302905 -7.30049333968141 -93.09111472762523
4.135662080907856 -5.76186462671138 -42.76811153782875
-1.8154085064768797 1.7469948851776949 -14.741387148350341
3.399819521631446 4.657689432399389 -11.759638991536542
2.741162475791799 -6.946499224974957 -10.816312531728553
-1.5883557114913152 -2.757601001124998 81.59206432698679
2.349897838931217 -3.842289254328206 -16.84863420939242
1.1915489350906106 7.248196417479306 -58.51000090416473
0.90316260107442 -7.627310700220856 28.541929158082965
0.6763101414586068 1.4144058923136444 -82.54827737885942
-5.757089491507041 -2.4082775111551733 71.64067318344664
1.4224910637513652 -6.373742870907863 96.99326292788307
3.1127286895839767 -0.3957777275835902 -58.65271720141397
-3.1412766860530033 5.837058013608082 -74.38501103447875
3.9259886128240455 0.1423199409495628 -27.987481352402668
5.046370596187798 4.20904511082524 72.89393162567104
4.240600000138743 -5.880672324753634 -88.59173792649386
-0.9375846373940977 -3.6503923815839245 -58.80523507075981
6.171202603781299 -3.872443759819049 64.37575536471233
6.236509748601041 -2.9230195556965834 -53.80200643414525
-2.308619459674014 -4.4686839624488846 70.96057357237396
-4.54299410665472 -2.799931751429854 -60.721180182312004
-4.116006235212858 -5.376590623822195 37.452271252953174
-2.3087781816331145 -7.0177031922983675 -55.24179850286215
-3.408827970245102 2.076363139070498 -48.14107665337998
3.3599380406318584 -5.720229833895985 35.11756207529886
3.4275708698684197 -5.56627436590503 48.49907503417074
-1.32221157624538 0.8671360864847056 18.363564411095975
3.665171933359729 -2.8599034620098234 -88.77411255673354
5.793864705111797 3.9334667869624016 -0.24032823667212755
4.9478054335095365 -4.249007462506363 80.03626166856536
1.7734041871806128 -6.281517119047531 65.60798784805216
7.004751641972883 2.2229194778747607 -63.419714070977314
2.375797620422458 -3.5930740195088453 45.66320787028057
0.5921613257799543 -6.654829671475272 6.307762650918121
6.674809051194742 -0.9489055026091946 8.002348018550277
6.58141592981848 -0.9712146374226543 0.3647501385724776
1.0674539052596894 5.992815630224029 -61.143367294385925
-6.331277162498892 3.7974284724587117 9.257702496353279
-1.4713188412143499 6.536550131538895 76.63459094407736
-0.19213299380255733 7.106511287035393 67.64043013283171
5.049936654813952 -4.3105989360681365 -98.37181298680635
4.749890342944899 4.684922555507813 -30.839379059249346
2.8814782432295334 -1.533630771400405 -48.41304793385985
1.2420477903829361 2.5371016066689567 -23.964805246918544
-4.204381653335223 0.31811157620693903 -34.95211734352759
2.4807990036903123 -6.48193385585407 -21.655734340047516
-5.061696882869947 -2.789087422620489 17.756364013714343
-0.6941630511154826 -6.269821092774869 0.9568206798160352
-0.6565276895033083 6.552939133546289 72.04604433472468
1.413742280701841 -0.8743818929884495 -95.733108398545
-3.4485940254231777 -3.510949256620695 88.23274694005588
-0.7360166971281137 -3.163023236425113 -49.46385600188057
-0.2370994974427617 -0.19122830470296848 -58.58788015817116
5.299517224981019 4.1455317185292735 81.04603197001708
-6.778012063082209 3.983256845185518 49.61565405803847
-6.236824443446993 0.7697110626547319 96.99887242920323
-3.91426027095564 5.503335890990611 -66.9817264682579
2.7907470823077216 -5.61346233230371 -0.6823605493676649
-4.691121190706968 3.226698631958656 47.56989352261033
0.49397098099960945 3.560912755567836 -15.927749222608506
5.377412040606735 -3.432064289770244 9.369852322098993
3.9350294761480002 -0.3458385551620961 -93.92954818273324
-6.07809011140661 2.3489645880981396 -59.380070291325076
6.543483962755986 0.7274422920181665 89.5853464247719
4.955783200825893 4.039437713668265 -25.137494495308644
-7.931759159777142 -2.2244621608742428 49.65945485862669
4.003358088461352 -0.4040875754806458 50.61009019226375
-5.859376768052613 -0.9709259148016438 31.35191441651766
3.064666346264975 -5.830900374582061 -72.07293842982044
-0.29561243180506824 6.453229757161532 -71.58096601557936
5.135919753067495 -1.3679915766277262 -6.854624208029493
-4.851346477269666 4.876329009638196 -96.79804082700163
-2.5900648088769644 3.0734355486049387 -65.71150471884405
-6.993423239775976 -0.6975466740518541 -34.36498143667978
4.008729040571074 -4.285790121636989 60.60468319652441
-2.268553386724076 4.856481488033777 -33.98717663986719
-5.941213869650276 2.266597631721 61.762616179234676
-1.526267790570731 -6.602359118398288 -17.61394752579466
-7.335791588354838 0.5768086736557521 12.850813745256803
-0.36951675876016166 1.1100430238985945 -39.99362763832706
-4.315513169973506 -5.064401285347919 13.743315479729642
-5.186613720167245 4.124045753355562 21.021467252806833
3.252843304024223 5.3574333655818505 3.8350763060503477
-4.810450846725679 -4.155205821744052 -89.36145205514492
6.135558192730328 -1.3668904025303283 -80.13894772647033
8.300253513630354 0.48145132698096843 25.046348064804395
-0.7527315569303059 -6.532977988879639 -99.00331055395382
-6.528882074876933 -2.758614381425027 99.69525154295586
-2.921324922961267 1.8102448286817014 -9.196195867713648
-1.4345626819538526 7.580717823715695 -16.098532034385606
-7.315205223278914 1.3929304737050672 -99.60991151937009
5.317450380794687 5.697300748650875 80.70248998383808
-4.52444674037696 2.9252588927051506 -40.693003185921114
-0.9445981793140439 -3.711218417121743 -40.49474573218955
-5.275468443804673 1.0949971035303026 -83.2067796291903
-3.247977509748596 5.666872808991688 9.00145314509064
6.3313211870796735 0.9462949984761736 27.682811476227112
-7.17348026402181 3.3720478956039543 1.8821532847361955
-5.165409674426915 3.8037293497952884 88.12801282101944
-0.19471660070546737 6.606256713259498 12.57287472549038
-0.9764605823884039 -6.411104237353539 23.051614908653267
3.607376726008093 -5.1856582388096175 -6.531734636740766
-2.6350152063697125 -5.613730700391933 32.13959966198768
0.1482602235395149 -6.7823005142793376 -31.583664390619543
-1.2311370141310656 -1.7133696978888369 -54.3861820635661
-6.584698745449358 -0.6952545419780412 -46.38204349992494
4.365863457228455 0.8203703787265972 -33.46542012355816
-3.4075795838585865 -6.891327246453909 46.914125498923894
5.16542414436954 -2.9567255210345538 44.856261671188925
-4.702893390708205 -4.357884344535788 -54.248195779904776
-6.076956635941622 1.438491914563148 29.22626414316939
3.3806231311828236 -3.2565823526243607 53.04510802682407
-2.9550096578524685 -2.886740148600608 1.5826478099298011
-1.4897177215773698 -6.23149343856303 -20.73773720675793
3.1788040406206375 5.267767950694677 84.12897595272686
-6.045952735553174 7.197030111074876 60.5259859731026
-6.741917951196706 3.3278687264766043 79.67322976824309
-6.995184528981498 1.9075207256887707 89.44391605739213
-4.263022407076325 5.858361360678461 79.31142114339471
-1.3067704714619164 -6.941557728556475 -57.60001806150562
6.673851611277591 -1.0122779971028175 -37.35281547734777
-0.6730013247661444 6.617586401435089 -51.017978243774834
-5.835805311019417 -2.109349004557229 92.95223967061695
-2.3003312514424477 -7.638166610260435 77.13769685139334
-2.5678616778114742 -2.534398768119434 93.19618298732976
-3.319323001862637 5.220766222691807 -31.082490882898746
-1.5917878183523226 -6.50355200441696 8.476201850246053
0.16976645976266436 -2.356165780183653 0.8551361949927473
-0.9472035041339091 6.780702173321632 87.6374854809604
3.954023366672912 4.928942115345923 -88.71953134532977
-4.686299037026234 -5.119635558984285 -67.89344044338432
3.5797998773240827 -1.3824251723026622 -83.96865365629604
-0.47861527876226984 -7.303688853857892 81.07624461276355
-2.707993803728538 -5.54478021994128 92.10952668613001
-1.3865495349908683 -0.05580796416352385 -80.15751306075755
5.959288714571642 -3.152788770077478 -30.235637849046345
1.5631791032002202 1.492603306681254 -51.008910535993394
-6.145790728519607 1.4288258017829685 -95.16895012880588
3.661492867116092 -4.041541202822279 -66.40910830616345
-3.948386775080256 -5.25546541606766 -37.4546034376552
1.7289824196859689 -1.0788146987742682 -33.229623126722
-5.015402846587769 0.7660807232787651 56.71027501943172
-3.3843297242306445 2.1033647603178895 -2.5499984483252245
6.547148933833337 -0.7792134960775509 -22.455508399425373
-1.2543901802710455 5.602837053903017 -23.796437371619245
-4.908262858032417 -3.1283679157265727 -97.36250755871552
3.6145515289954555 0.27715327280298074 -0.07859217900670418
-1.5862763018076873 1.0130258570418067 39.36778916626063
-1.8947711119790454 6.102400827521017 -48.0099338869937
-6.3755346231204015 0.6604429304071586 67.90543609490119
-2.331367770410642 -5.7978856055835 48.864414430044725
-0.16433663421789813 5.266250278174178 58.62948933777302
5.901733799655842 1.025432412492208 -84.24810664921768
-3.625890984231093 2.534113882027467 -94.00375393065782
-5.092109711749125 4.468083563235723 -91.55830928056012
-1.425147444370305 6.445850020618021 -54.90268743500118
5.666410554895636 3.8450410494369263 22.07742668155918
5.537978681360466 2.8567838635932867 -96.1701711961574
-4.111968074942545 0.9140362602769837 93.37069239597331
-5.504305445919066 0.853413396466143 -75.16320533577652
6.786468954934177 -0.6235381283830161 4.0290264703321945
2.545890061347655 -6.921282157602783 44.447345372220305
4.155136547452524 3.6245483260961393 -46.8258594284211
-5.369009151762494 -6.068188770148468 79.27200534346788
-0.42803828916950404 -3.4914916847404975 4.484971776638165
3.038057213541327 -4.916233219886509 -31.140910806140397
4.095032322595686 5.535242243147968 -38.90569106763841
5.250789128291347 1.2952131203784008 -20.2849991713652
6.282985504457465 -0.2664229714263907 -55.983526810173274
-7.007978185366336 -2.7617890954082767 19.379057102369444
-1.8435100287660418 6.271873287797789 29.55074968111211
-1.4688016212967585 4.655468662760456 21.11296142838171
3.4245734961749865 -0.8600703357312705 5.303945258815146
-1.7300310565425954 6.417893134026068 -61.83282139502948
6.003664249482491 -2.3671271201088038 69.93604491706228
-6.466046973772034 0.7109497641545857 -8.82809850927108
2.8041572263877113 -6.00808533697272 -47.870211145425706
-7.296059731736263 0.858952939041391 15.217021678580403
-1.773537540680952 2.592122670085302 -43.62821313342457
0.5254054961500534 2.1506758665347485 36.74683777925533
-0.4828757326621457 -7.6780167367096945 52.928491062072645
-5.155224350794148 -3.046570719066236 23.186946229212523
1.2854494344104508 0.17021302301579236 73.20105364067479
-1.0605111799488696 -3.9556694238677537 -86.69555096357948
0.12189246104913512 0.3178534865888879 10.970389612910171
0.941239476241083 -3.772190625138049 42.54670247556049
1.4430728142692206 -6.613962293461242 50.40132180165854
-5.677639921626094 -4.381988607314768 -48.206309688643465
7.280883394044498 4.946956438013223 16.217935864478378
-6.2761506535961935 -1.3383398388206955 41.67142426855929
