-4.553542456764683 -1.0409758612755156 -29.255862477518633
1.2816756203160657 2.970670658456886 -87.05136968797689
-4.388238997899611 -4.174363049350049 97.74936363277358
0.494248353257448 6.096806766401496 -4.4278331682845495
3.015427278436608 -2.586008663890751 24.69063947542538
5.626406797499474 1.4028450544313869 51.692350290161336
4.059225373485817 -6.474509388034324 50.483270246510855
0.9509666906920716 -3.6039258192369563 -94.83056258077225
6.458620383342165 1.0550287459520042 45.40842214026916
4.230765620655785 4.778361827594711 87.91752510046743
-4.328235962903597 4.722000578150557 -11.87213418961974
-2.238484692282967 3.2900898140486987 -38.26014471835261
2.6790486250840826 -3.566038415020623 -28.44815996757591
-0.5856592097058851 1.9147540227456585 81.13435920540252
4.011492532188317 5.477856912064227 70.84932685215763
-2.778179840595775 5.028757786026498 92.17797331398039
5.6042342402847645 1.198590789215825 40.052180547458235
-5.2712888336582076 3.4401744782352717 14.136076320691853
-4.144736979775774 -7.11089747442189 70.85299504686255
6.492627107765347 -1.5088582518681621 -70.51667347351285
-3.9203405416153956 4.81186513230625 74.00281164566066
-7.4790286805867305 2.5231289077932355 -94.64813628711642
4.229943850326943 -1.4204108695211843 77.77648225932823
7.390513259410577 -0.19923186408667326 -99.011759837779
-3.498330166756571 -6.037356687138036 20.934908919263275
-0.20240892546823208 0.4158025679462313 -72.12179738366409
-1.5436392836556716 6.569355307697464 79.66864566189946
-3.6910478691038047 -1.3260791254911262 4.220313844390953
4.3430873652722735 2.1142865579515124 7.1970052827001165
4.411558844693513 5.211240481001821 1.8725862089444862
-1.311448844257911 3.709740651781327 -54.01753327850175
0.7259543986228744 0.6777800272762263 -98.66744403507671
-2.8045341801380195 5.529889361648717 -91.2974124000735
2.684364984328801 1.956639531633695 -89.50257090026615
0.9990802095007599 1.6741998480285258 34.319342066897306
-2.88322485795189 5.2373567723513075 45.62959592402523
2.7434863231525606 5.130861871597188 -55.29738780639848
-0.7606212429700967 1.4854384382237729 -32.74573739465852
-5.400880421758954 -2.2380024794651385 -24.792338098572483
3.0558082464112246 -5.388233184741985 -25.44840377157719
0.6085750153277455 6.581909246426261 -35.60184296649257
-4.659479139898655 4.1549506348762195 -52.34939191376592
-4.069617797155534 -0.9970231946142397 38.96775424552303
-5.039381740169075 -3.2691540265090455 -31.65070857347843
2.469853067656425 -2.1578244922350884 75.46684573835464
-6.042397438044773 -3.234199087004896 29.17476788484452
6.0468163759357925 1.8390818013390835 -53.778819315875815
-6.61925709529838 0.9869724858177905 -55.640352099679006
5.995193886743145 2.4558052568694233 -60.88438817341129
-3.507966733287818 5.161852818379414 27.142526018458533
4.635149711064405 -3.9967265393496954 -75.24319449464484
-4.181798296618136 5.064506726106458 -45.72479461435262
-5.793189902740054 -2.7006765703126536 -16.131227452761834
-2.7989593682729104 5.701891559187164 -69.78736138122926
-0.2985124824645451 7.197728299012329 85.26775518273946
-5.96080998858339 2.560346524166461 65.65413042484585
2.6397605847492756 3.083816452753483 -40.30852385241239
-2.9745656380538503 -6.297774518511808 -88.30820193593297
2.4167210357824085 -3.5448210607400155 63.70462590589641
1.8155330910187248 5.987667297260637 77.96726677287205
6.308389527003787 -0.2965976970396723 -96.44129514020733
1.867813413711329 -6.354955170755763 -40.67914287688347
0.7669940134403286 -3.941152941212808 -19.91658390242376
5.5725078902546095 -0.10187514180340695 -31.09016975681268
-3.1255287417100437 3.6103951708687183 -7.8130826728669565
5.86489140762361 -2.5051989366769036 -58.73720905737537
1.0879497727964629 5.590081220330328 -65.37917012856784
2.1194651385408165 4.753139682493707 -92.9929660161785
-1.2513549453270398 6.1626889983982585 -86.2323675795987
-5.636457838687934 -3.5624429430986377 5.406879152169636
-2.145621063853204 -3.976905433378693 56.72803211382038
2.354796827870447 -6.124420452555008 -36.30611054129577
-3.086028813561377 3.8751963704415395 19.07635085589079
-2.9256944157954132 -6.176252599510308 -32.89382701348713
-6.330083231454412 2.1039483946827486 41.72817448081807
0.35267207102178466 -1.729238548392328 -61.63651268415228
-6.041330243540377 3.013095754122875 53.688347665789074
-2.5207977600755287 6.358764217635707 24.61473323401293
-1.9561881958524767 -3.296574668186467 -2.757679049649999
4.572650613909316 -0.12127567700229994 42.66851246872545
1.7898827214772488 -4.667475306346316 8.224511662925375
3.305022736040058 -5.843203297515482 -14.487690323181578
0.9598742705927001 6.604809818327783 90.73352034552681
-2.9911863321130436 4.946419173955221 61.744615125306304
-6.669817912292304 -0.025563232626174402 -77.37332243828334
5.95086032915502 2.337502673940993 78.18661819032242
4.531093454922861 3.5452201766723115 45.558805465252206
1.1814479527659039 -6.858049328225647 16.42409862947198
2.8375390788409076 -6.026136369804594 -97.12158468226576
6.482248635732525 1.6791786405674984 66.96943995329538
2.9314075722216644 -5.709794299518623 58.178558387161836
0.646564585047693 2.2185635917189925 -79.48507488039658
-6.5917486364744615 -2.465169451951902 14.882926593871524
5.740721772080825 -3.6929934108302676 -66.81543860535643
-6.58156552825277 0.19166422774393932 52.01092816236697
-3.0981317632856644 -4.890092756462065 -22.843838207785808
-2.5418869686268293 -2.0084283347747927 -83.782708583054
-0.799507479090553 6.589920947209132 -17.573627020681304
1.094261616665119 -4.929964235695421 38.67679881853981
5.741382400924669 2.478996275535155 2.2104288308512268
-3.533851378121926 3.245245098148824 84.25102708218115
6.68436884131194 4.144403826684951 3.71605458524225
-0.914078855467106 3.5195081759892513 -62.639807772389716
-2.6136863760833204 -5.117934275204851 17.877273711716683
-6.554185125355766 -2.5701478004109446 37.75476751846903
6.53702716545757 -1.7944143299824857 40.51140475565364
-0.3756802726623123 6.572577608753667 18.991005499299625
-4.628091681820098 -5.515739932314553 -95.30556593201668
0.5493386575333578 -1.066975072966196 -65.84577424286918
2.518145425761521 -5.953910095666544 53.60164296755299
2.0184458517286004 2.1744199745588353 -4.08288625577698
1.4338504926930378 3.044216604447952 10.102178320504505
-0.17701340835662668 3.868803969148418 72.52029542534099
0.15983164539851202 5.8996441508009 93.79177934113343
1.0588000840092477 -6.671729401359076 -51.344958104415674
5.900286216675145 3.155396575994289 92.71127819362799
5.845211484894692 -4.230942040777937 -63.339684818993085
-4.125597421285934 -4.837788055180198 43.223220751615365
-3.7398359823004097 5.750167894191548 -36.99197978107863
-0.7017148618169626 3.2867825920349496 -84.2620685008743
2.807160379703442 -2.154598419613398 13.89466070398618
-4.715733966142137 -3.0646724681595194 0.7240161264745053
-5.438533113215993 3.88026121001204 92.37041623092145
5.411143355974916 -1.7196368750067594 -73.468684874623
-5.801153203970642 3.5554921982561796 -76.9637616059408
-0.9007171399753394 6.40024503040742 51.506425463304375
-5.066456700094192 3.8372243396006827 30.67194781284398
5.863471017710387 -2.8235475622217616 52.62357789159414
6.717217131771702 1.6023721894603264 7.443913006573132
-6.837181769188466 -0.655100251914551 -26.86401712787235
4.20063593428668 5.21974228392133 13.069037235245219
-6.265683556517606 2.957212249317477 25.95423459090275
3.510647828473118 -5.7194271373870995 87.42777398741809
-2.309492785427916 -3.136434328111492 46.480456119767524
2.1878815225518484 0.7709874610666992 28.039460229820566
-2.037687385574447 -5.462118155703716 -66.11422536783206
-5.66783552369834 5.952913367288667 48.04262842120299
0.9759829871454035 4.948463064843166 -30.772086648684247
-1.3548656690789496 -6.151336771019316 74.27877888027895
-6.8016769748389265 1.426157046295627 -51.7349837910483
5.563180516091177 -2.7689073580564987 -32.77895734682721
-3.38148235678357 3.713673436354141 56.55246067471651
-1.4250657674963776 6.657634740570789 -78.08417556075683
-4.912840863433861 -4.034662627139465 -75.1357067137626
3.876506286632564 4.854600744255516 -64.10099203195408
-4.307282818694649 -1.434458014241497 49.855825267489735
6.087215017922216 3.63539595387196 18.673517843823625
-6.813582172420197 -1.0934929412654326 -60.07404017255255
-1.332074232712177 1.888879870803017 -59.977002958181956
-3.9044534642570454 5.863140487300173 -94.15887349133924
4.52482448805172 5.056150779088771 90.38196739617803
-4.5751829624001354 0.11552878941158196 13.556867947744204
2.0958032162937634 6.390032385149647 38.5196339876319
-3.099371371749556 6.108036159591494 -3.362164447195316
0.1410241127951688 6.66506550099233 99.63483491038167
5.517640245898572 3.288191122616309 -4.28387729764237
1.7408775234609943 0.5814607825145521 -62.809617812401406
2.6266613152437754 -6.709246903299368 3.7850769892549474
4.12853906879419 -0.8412312030681033 10.904214305001497
-4.7629255302517235 4.485552045161953 25.28014840978014
-7.836959921838164 -2.4512151385503502 -52.755658379338854
-6.198728569784969 0.3898018921486487 84.56409530246152
-4.812299146114659 3.548331733279473 39.03900461386614
1.0600732009533134 6.34981457805334 42.749859976130246
5.110917579283566 -1.5485431532235407 61.307621317716766
-0.2180833826369446 6.459716376695687 -0.9502354206092394
-6.403977403545144 -0.8919894391180299 35.177804046670225
-1.9176870566838065 -1.0990349455745938 30.09109725803958
-3.3472581929524563 -0.6558025034592758 52.6876098629338
-2.930502175476553 -3.4227562660559134 78.95647763798681
3.437811673634381 -2.341087319878279 -24.083060895737773
-0.22720353404612625 0.8963828835970395 -55.82644741311614
3.680940220291751 -6.109145649816315 -9.49163907859505
-4.3101605344384515 -4.9207399798659 -64.39940281087844
-1.6394683862752055 -6.620588186696686 -95.02973849103034
0.8270427078370546 -6.6337013746691 -95.25905633141595
-2.0635543804838647 -2.1069994977757927 36.45861149580621
-4.870149696279406 -2.7226909525806393 -21.191590982223055
-3.6997994353377663 -4.215543604258181 -5.207399429001523
-6.018026995069452 1.5466680110393751 -29.301236661801166
6.289274492369601 -2.586557239971948 58.71479868576995
-0.9752824947655451 6.497234018303664 -38.66942022742426
-5.959389873945765 -2.3919019893897007 59.7385104015275
4.743372438199961 -3.8043915195758173 -79.96940238552432
-4.522537408904555 5.5104333731917485 82.32379904437747
-1.1383179921103301 6.085182066824394 83.09924113330423
-3.4033616920572034 2.589106238057765 90.46221749734002
-6.056975689229914 -3.4202212198501964 69.93574873180947
-6.697464122647858 -0.5574345348670892 -32.54927914120495
2.1206422890734338 5.870607614096758 -62.60370072733842
1.9392147944805584 3.952903283631406 61.848458610211395
2.1692514187773497 5.998447774862836 -27.59758020957333
-1.9833788569797062 -6.642132930817178 55.045102084558565
0.8110822257593449 -6.595986339739212 -66.9023517641366
3.0998889454253313 3.891339557917071 40.93944809846211
-4.688509496966375 0.576769388327972 -71.55405186189026
-0.6206774838328437 6.418683164929925 37.07803721263059
-6.252891787137175 -2.282619956402412 66.79027847210381
3.8805378328241726 6.328262425060819 74.92164043745977
1.8831886155678297 6.346873654700989 45.41475915558671
-2.7434038652948987 -1.3392464140339022 -86.75846367693022
1.7344442210522517 6.057001146413913 -74.19538421111982
0.7924421417165018 -3.2984084144417882 -83.1632153682853
0.9717424771188836 -5.870429560908482 -90.6875482592399
-6.66852634434669 1.1177601848594239 18.264249136082658
1.8026850424955414 -1.0096195717486243 60.613573853473824
2.30396815271565 6.063636463210076 6.08635864953735
-6.478416545201407 -2.225202818219365 -85.18077501642853
-5.300879682809322 6.2002919101310345 -81.94923976741617
-0.42902386397150416 -2.6354940668634073 67.10823279426795
2.566226820484217 2.7270409003938823 54.32121429786859
6.650030676909022 -0.06810690576125195 19.30833433567391
-1.1295407302013336 -6.504562574229628 67.7792373146608
0.62112020487559 3.7021376654144027 -59.032606263393234
0.23305947878290043 -3.378621009313987 48.904330814797554
-6.725739353869515 -2.414692408360757 -2.1045588847224925
-6.702577346049022 0.2616930587506101 47.143689000588786
-3.5074742475167424 2.9954904523648125 23.652456996094195
-1.5285139609500749 0.21774255826763658 -94.82672706701068
-5.0653717344997755 -1.9527617521690601 -81.33925813202804
-3.7239237070237703 -6.0835588328343775 87.13068237560246
5.769505789225452 3.1786241613451045 96.51863822124956
2.547612890513915 6.074657824816998 8.707085979982697
1.2656594829466987 6.647775968100266 80.80090520274454
6.930041454010552 2.6175480666017497 53.55101487265605
6.175585543317629 -1.8668042015159991 88.57657927185797
5.539679814726269 -2.86830194613844 5.145812132918473
0.5608532124282817 -6.092998211566336 49.59411804758851
0.34999237226668667 -4.469813543640982 -29.565417628898576
0.1876799223591195 5.042529934970556 -43.364535762915786
-4.337565260414321 -5.23939606288489 -17.54513940486213
4.292768391270963 5.187660695496526 94.11717696591755
-1.6140565154301216 -6.539692650954414 -38.96730265592905
-2.791106138259632 2.7157809160795057 9.422031423697394
-2.9430915301027847 6.039486455585566 -42.13744372691437
0.43197616678468703 6.470919631990264 62.61706305865107
-2.292836458139614 -4.856168972591927 60.9263310572044
-2.154296681054766 0.29416382265534097 -63.63586308134122
2.0980676355513026 1.2404023383905733 94.46009422531051
-8.028655197240159 0.5555364450736706 -31.202652161703483
-7.082898254045961 0.30355623247813257 -81.19695501039152
0.4973619961104647 -4.800107375698126 57.57279431032322
-1.8775139144945798 -5.167001428924115 -92.121430584141
-3.793058012338918 3.892034021986857 33.232626313857615
-2.2008638356784207 -4.620112710472498 52.299911402093684
5.263634504933754 -1.3791668350870236 67.23962356714665
0.6551124188587536 -2.1014209114864912 -68.92745573990832
0.47196982993750836 2.8508370938528 86.95128381122463
6.512961560353513 2.1445076793919875 -16.157627255181698
-0.1916255148148835 -6.687358282989913 -63.71833552807709
0.31754809600326417 -1.3022305842088056 -29.471823589216733
-1.4312772339633377 6.59918403305436 -9.341158672930437
-1.7780374244421304 -1.0407851792590759 -18.157319454721026
7.000993316312276 4.284425288176784 88.89646059862955
2.5821362444361338 -5.912957162395761 13.247271836242113
-3.504823682049151 -3.48089740916835 -43.22960361392283
2.520137229366847 6.2130818527737635 -78.89360142090457
5.012554087794142 -3.3768743476813983 1.3760070763259404
3.419437948713394 -5.035737333475567 83.89088599450892
-6.950047502274105 -0.2739879447157544 64.81227334965932
0.5429148120934746 -5.8565524613206446 89.39852629961187
5.759011929358821 -2.788080933113909 -19.679088863274124
-1.9374737638744308 -6.424528890634463 -50.7364070195703
-5.138061915220606 -4.5708442875861115 -84.23056131804802
-1.261616846369368 2.281343465914458 63.27842927878114
3.53708545877078 0.9361896340085307 99.66808172945105
-6.684599855762986 -3.0420656749935175 -5.1561412569864675
-2.9288093860987896 0.8904480031603659 -90.51872853389744
0.7800562512750201 1.1485659657806049 -68.68274657704596
-6.0773092653041445 -3.359286700091261 64.56551855655397
8.266468684015768 -0.24087804635176846 -22.986144738016055
-6.601968320295119 -1.8290477128963425 96.62336105226899
-2.9500702031789694 -6.1135905666689725 -70.25064587243212
-6.272977559690125 -2.535489122766061 82.54472559522625
-2.0426915428627286 6.439036478051384 2.9102206650789375
5.715662974536527 -2.6155166881836807 -94.57381092287288
-2.353109878976117 5.696991947195127 54.48765664450209
2.2110332860113453 -1.7153756729571814 6.804156191157032
-3.048067446051732 2.4231244635472104 66.94102288330873
-1.8780008379257622 1.7360853369946272 88.27241432679547
2.4772325568116464 -5.2411109696109035 93.84534307832361
1.1962251035892189 -6.5242721356779505 -44.24266097134442
4.94234984895424 -3.355056746233564 72.91621763113308
4.321071638969624 4.459827459749934 99.41015876006239
3.9415920613100965 -2.7309383803589946 55.48978984313323
-6.763700174364508 0.7987234737052885 -11.865437296447965
-5.674999071077794 2.3787833087265513 -34.71411927062237
3.069361731190125 -2.151855161261888 -37.65019616624288
-3.5635063385682164 3.625884027877354 95.72543264106183
5.872598694495738 -2.032584455075453 92.15563332249252
-4.249893256892573 -4.887274240988485 -1.2312879979516906
5.071196827602794 -3.2744081174592425 31.01523905887165
0.29466672056136617 0.7776258391092448 7.842005522147275
2.0940350751510084 -0.2454802873959191 22.998616056867192
-3.9294102361819876 -1.4396655252769093 70.39858388026829
6.924747330184304 -1.2597802445111446 97.22447873739992
-5.632400511435192 -3.5621881657855687 9.759530384089521
6.240219016160242 -0.8751037100026805 74.78663798781857
6.3853544681910925 -2.091006695156441 -40.75279186198577
0.4772226903713712 -3.7265012875374612 -26.22890966053259
2.2227854270337266 6.025873195395965 15.77141787012493
-5.0399486842720975 -3.352744031628115 -29.19227815144724
0.3178910610508261 -6.708914911631955 -83.79094883205032
-2.2955264691220245 -2.33017089667131 -90.3241490846275
0.5294894734161971 7.137938371486861 9.302331697630704
-1.1965701624365033 -0.49578985596427155 69.73480222284041
5.118698750840825 -0.6112461827866069 36.61482945191172
-5.774909375657782 -1.6796656368890321 79.16604170638573
-3.9504802268170116 -5.359318386214058 65.65323823753609
1.6817930040713511 -6.726924707158281 -93.08288643589384
4.373895860493599 -5.544793491058605 -42.83943283561069
-0.7722189221934661 2.3711429859407804 -14.259281322410398
2.9199979595958823 5.957580846526824 -11.132785582341626
0.9438561963847321 -6.343507328628409 -10.934230391463995
-0.6549140383794703 -2.151206316866525 81.22916057511279
2.3319612699858054 -4.016277243034414 -16.694850028050404
1.0652946225028967 6.823658925040514 -58.46844249582498
1.015345842544458 -6.7347245517013805 30.70357019333604
0.9696623212106237 1.3649101205309546 -82.40632053574366
-6.504271270469126 -1.837007301677427 71.96702455683675
1.1582751260554323 -6.491642278037593 96.56965101207503
2.916655749317937 -0.5170305848159746 -58.71736299559939
-3.9058129466434157 4.996398849601381 -75.03151010616337
3.5475326705969645 -0.5176684216721884 -27.696127132180845
5.470636946052918 4.1241253595426 73.80170700792958
2.8040907305011253 -4.368742273216934 -88.89362591681666
-0.18201174715620416 -3.0448941257014708 -59.04632454154588
5.985472425074319 -3.6749864026311245 64.20659354040703
6.132112979813466 -2.5188542605756186 -53.29106063272059
-3.2583864759845915 -3.979976202403616 70.02195220327248
-4.353029596331484 -4.976530919459389 -60.50577524845844
-4.534860502838207 -4.341402362537251 38.68185836066935
-1.6733701351037733 -6.5441732299098785 -54.73124383918167
-3.895058976624528 4.318467838472527 -49.3159778029245
2.8734798354103326 -6.251979377670261 35.329997203499865
3.429059061444428 -5.563255262562481 48.48950077220023
-2.996907282413191 0.7929576923612911 17.303141660227105
3.8959284018975673 -2.7897544814135484 -90.49252873413552
2.6102925589197703 4.645483111352697 -0.5507471742434876
3.145468529686796 -5.5808197621746585 80.05322949043986
1.5971088250111642 -6.490656683505374 66.06948108673788
6.422967285428674 1.2782918932584508 -65.09506301974814
2.3347020492736092 -3.880348895591972 45.8397450063029
0.4793637253471883 -6.673699113549351 6.357825469093105
6.484256320218041 -1.2887200883548706 7.856295916703114
6.6574914287328175 -1.1107773357736221 0.6545949536723623
0.7524786748619301 6.803130341331593 -61.31884215836465
-5.614028607627776 3.3213301955607384 9.742449089834814
-1.2423072685949943 6.4176638197166636 76.63706657610943
-1.319437194402889 6.44105297669186 67.21840874288499
5.124292805078436 -4.20377352875573 -98.69442581287203
4.791226058396604 4.622346102323977 -30.676158391114743
1.805903974277775 -1.0520556716417635 -49.32661527327921
1.0791902225727006 1.3425201658027963 -23.713968403156738
-4.046387973630609 -1.6082553770603212 -35.40376375249454
2.3460736976685537 -6.507508868715977 -20.72715237199387
-4.818623250554989 -4.212346173404639 17.35418597977436
-0.23637071830829778 -6.417569439667319 0.45863010072669635
-0.37852931313537236 6.56761512048902 73.35479364347597
1.5255013910289121 -1.364922973723408 -96.42608624941079
-2.4592823064046425 -3.909611957043637 88.17654994544611
-0.9935055863360183 -3.183366998703827 -49.896651348414395
-0.20649793542828693 -0.2665316005931532 -58.59046440137387
6.0356080810999275 2.4212600904503816 83.04689428952177
-5.334740865894605 4.168654922065374 50.1517173126934
-6.291664989004849 0.8209970313700911 96.9424720357129
-3.927518015433347 5.693446125311501 -66.84720380133194
3.0566528574289937 -6.071725082970807 -1.02185122807864
-2.5214723928451352 2.746658223694808 47.607100047161495
0.07300380669157835 3.6627501539302303 -17.14430484606797
4.944545325305982 -4.541602211873774 8.2101074759703
4.152409125055962 -0.2287086829369956 -94.32141715735845
-6.395925137114965 1.9208171269102627 -59.29835684184682
6.2097473032003485 0.8883201602898838 90.47326671044836
4.347997462711254 4.588717339257137 -24.48584121942396
-7.931759159777142 -2.2244621608742428 49.65945485862669
6.1339212503639775 -1.110759675792883 49.50707350787959
-5.861583702255199 -0.9185800429183643 31.965350604812976
2.3620695851725504 -6.009597479305562 -71.86524126402556
0.08256663064337445 6.6224568068273255 -70.38169333227853
1.9558492816085498 -2.911851242859942 -10.393586717283634
-4.808459740582278 4.699747445702619 -96.72907943064298
-3.0496343019694154 2.804382177165106 -66.93330813829245
-6.576718732544523 -0.16979573722840652 -35.02100867056133
3.508687078565049 -5.714629359433194 62.361652532745175
-1.9548961583319053 4.198185443700176 -35.050082113297584
-3.9267401107211755 2.3899076681606006 63.02524872297622
-1.4713205215503151 -6.417726061029872 -17.299853794763617
-6.705812053756278 0.8803398539609933 13.023023313400726
0.05127169036346202 1.3952491823005864 -39.99449836962726
-3.9660945071064377 -5.2194722847222135 13.891750542518503
-5.410478105708396 4.2073084573035056 21.435527924120258
3.389104708019046 4.547468368305714 3.8954969582717527
-4.771256734563033 -4.176663108404623 -89.3749521313065
6.257290513303477 -0.4634237201527415 -79.3809744500254
7.659453232124064 -0.049592265946344916 26.61296604626312
-0.9280324996432716 -6.4150029762752565 99.77444103533236
-6.330173926081161 -2.7222862170601867 99.98328803044691
-2.910444012188441 1.6377067504208243 -9.791840648636907
-1.788354750020533 6.579125496477112 -13.37554482668925
-6.335379645269532 2.240762685047558 99.00545824416308
5.317450380794687 5.697300748650875 80.70248998383808
-4.45146313770817 2.7168519589987663 -42.083868831147306
-0.7938422783765258 -3.6911364432782414 -40.289250678444695
-5.744317555801166 0.6566882007983897 -85.06697749512246
-3.124047963170697 5.587203024695346 8.87526651509075
5.422924971986413 0.4557074694756208 29.161968163044634
-6.18585283550379 3.902008701668152 1.6355488866354642
-4.379483899208045 4.51360559646718 87.80407469903
-0.13106236519171877 6.467246159998754 12.329536103209502
-0.29699058036029596 -5.368830174403196 23.9807639252526
2.9467870123839925 -5.5879601333714595 -6.546226210617946
-2.736274664749097 -5.574369479298889 32.155220372915444
0.14419628866430684 -6.785117105060537 -31.594079118604242
-4.620876312408279 -1.3887482649882357 -54.93256804915101
-6.431218515482126 -0.7284572215407664 -47.60488108196138
5.55897594814547 0.5501752688754432 -34.71413051180872
-2.7963059675261035 -6.565066859781366 46.795157818434156
5.416344897840744 -3.612395828887947 44.27733712859671
-4.745792368117144 -4.252322906516931 -54.27732017582075
-6.397623683778752 0.4879215191302222 27.841030448332496
1.6780406815759514 -3.144871976479179 53.21984804343695
-2.9444113655367583 -4.580988194399501 3.477011036683223
-1.689038875675538 -6.165022815559585 -20.73152865597718
2.6307926317458725 5.196787182534371 83.64841786131204
-3.649970991760041 7.243009707709154 60.52755858351844
-6.741917951196706 3.3278687264766043 79.67322976824309
-5.847690111343778 1.980753186001919 87.49193124945229
-4.263022407076325 5.858361360678461 79.31142114339471
-1.1991842542762507 -6.791381466605764 -58.1631593335703
6.655556315147811 -1.3988137821697075 -37.62997657094211
-0.25878519976991843 6.116065869922449 -50.97582381266833
-5.904743255127954 -2.129934226636377 92.55459398323327
-0.008933405970484865 -6.956368516634473 77.80388002397783
-2.5878831787155336 -3.048498638448684 93.41170403830716
-3.974744075106453 5.188202222210226 -32.13130192285855
-1.5978045024582004 -6.495449716293412 8.465934767754455
0.40572027697621377 -3.239123355797803 -0.6130085560060914
1.0991775559379984 6.152440756289302 87.99055933633323
3.886567000840672 5.103888038193905 -89.29230308478002
-4.681987305631014 -4.593016590560502 -67.99828872254243
-0.3768862749578737 0.32573625355115693 -85.29428080917167
-1.5560667034373528 -6.475331140196207 82.42493230872154
-0.6225771889666472 -6.105979919152867 92.9041447465333
-2.699940313817134 1.3666506314033153 -81.6783331996951
6.127398424903905 -1.9382318733501833 -28.882966808564987
-0.9491407947999448 1.2881449862721923 -50.33567799951387
-6.749579592593331 -0.19160963973626505 -96.75630617976854
3.2603281249371157 -5.541206454163331 -65.08176333085775
-4.36285516558344 -4.8874156294485 -36.96853415585197
2.351971183027811 -0.0015706530396756846 -32.576301409337844
-4.886505403992275 0.5353390245664611 57.09315822570223
-4.511425273573955 2.6829143271333136 -3.479838762637831
6.308221637311073 -0.8323456857506417 -22.107746603537887
-0.6073446497179116 5.791265928458833 -25.029135932638187
-4.995930293168477 -3.1296624623270506 -97.34273069901485
4.783798234420901 1.213480261614068 -0.9093362967302385
-0.6496699790999294 -0.0989876348842933 41.08736469930163
-0.9325209114009341 5.921884451039509 -47.38100671030689
-6.421350534922841 1.0212104431140228 67.98444051666529
-2.520179653973358 -6.182626590054817 49.997502899280846
-1.505067378195479 5.925905700066763 57.70355206354357
5.52142447821384 2.3019736959945556 -86.72297366047243
-3.2716674608613117 2.469481407277173 -93.82000901420449
-5.242914760478338 3.843288269824813 -91.214390776818
-1.392249358982115 6.52014057070512 -55.23812817791804
4.560479339546303 4.147433314825959 23.05633032754675
3.5287607328462585 3.622233322065603 -96.89395475313098
-4.200028714072889 0.9512803147305672 93.33482056385
-5.083726304459482 -0.23757961629368168 -74.7822370198386
6.786468954934177 -0.6235381283830161 4.0290264703321945
2.545890061347655 -6.921282157602783 44.447345372220305
4.788320756912991 3.3736477475611406 -47.16760324078232
-4.756142051105482 -5.373925600637062 77.55879417720801
1.146394908604632 -3.65495380081615 4.932096118399235
3.014753338634268 -5.900415301228923 -33.011099025454115
4.565047907344446 5.195715606225405 -38.56388145995018
3.8424472529214615 3.323072959656196 -20.8959268299514
6.110834368184828 -0.29255213362796095 -56.53864660706831
-6.0010022654257344 -2.715644323137621 19.66273742918422
-1.7698063723971558 5.975242726135731 31.026420261953785
0.6540553856447526 1.9340741142510813 21.788256710997967
4.162113930785527 -0.03247125829145268 5.008759959858843
-3.3767670216239694 5.251229061368837 -59.41817234225613
5.789060289229597 -3.3528433714853665 70.09922632237978
-6.136557752962269 0.4317241110862807 -5.7379725305274505
2.867287122284809 -5.938072389566759 -48.089261869038715
-6.912618097141635 0.4590067984337339 15.541085554910282
-2.7121862514447486 0.03531667652539121 -44.7931274083975
-0.03283735700379915 3.3033196654337704 39.384061641260274
0.5466695345327036 -7.486938611404996 54.14128549495653
-5.257850635535157 -3.5326946458636788 24.66721033076425
2.555111009524548 1.0140500488532342 69.97638252127638
-0.08473529731127427 -4.489864663737669 -86.84509172866152
-0.20159069529455637 -1.7682370477079858 9.231706579456356
0.70295781835486 -4.198625568308112 42.577973704528446
1.857521294784675 -7.168631082442063 49.2092907434995
-6.144509930333599 -3.035468967290869 -49.6017238233648
5.094049688356601 3.603350165004107 15.424961259341822
-6.265017249130922 -1.319136901459495 41.97747826579889
