-4.733882566282603 0.7189247930631235 -33.05465773013708
2.5801858633172983 2.3011548823752133 -85.49670009912894
-4.737265984300436 -4.45386350513752 98.34495509988197
0.3863564687456687 6.521340151713497 -4.429632219771469
5.971816239962689 -3.0349059869181074 26.513790665027134
4.98308496477755 -0.12757498743709775 54.0982923496707
3.538463241404776 -5.936233098269619 51.762723050826
0.45631477549541705 -3.7110656428036513 -94.05143160459474
6.7023925830783195 -1.0257473681911544 45.92856193566307
3.3430811343402196 2.7555399246723304 88.49403357734057
-4.950013984410697 3.9561246979591984 -9.861493097906214
-2.570999584687409 2.203899718737867 -37.40362189301865
4.188058483220603 -4.434489222609434 -28.859690137406144
2.350002784780977 -1.6809005940622384 80.81884627168043
3.2655293431840935 5.492140176441708 71.7228527918352
-2.884862726635093 5.157528438656195 92.41379404876882
6.519293658419321 1.6087806679113796 41.296750611944404
-4.847593905598153 4.411936305373735 14.10070141281273
-2.933017265640246 -6.229053144158827 71.0845734365357
5.573863567007233 -2.2383251073536137 -71.4734013867509
-4.034849352916098 4.137946948997306 74.31660606960196
-4.89240177033209 2.2970197674027015 -94.71967823450477
6.406856951126649 -0.9454394190502883 78.9364163644268
6.760431963287102 1.1469936152334415 -99.61217635322063
1.1355421642803574 -6.579800876717063 22.667026711301368
-1.0132388061457618 -3.970923686862916 -71.76983047725278
-0.7932482721364515 6.722213172375175 79.3247618378029
-3.1217270080476713 1.7821453368352014 2.437630960128355
5.429922743300579 3.434588045628831 7.630622304564014
4.593438989633347 4.824769708040441 1.0763076939366538
-1.1503346745862681 3.939397619909341 -55.27828098521709
-2.7793557849735273 -1.0979432051005353 -97.96360479844172
-2.4889759547232235 5.999919701225581 -91.24704990620016
2.5610050648976106 1.8328466655117077 -89.21251016031921
0.9193923048864552 6.563671404096157 29.13720844583465
-3.9200613365356296 4.768111712668438 45.12465471259868
4.221825368981218 5.358657500354914 -55.26538107759492
-1.1606674818628675 -1.7611528016300388 -31.044661817988978
-5.7858192255463265 -2.523772626971508 -23.397346959640203
4.795487013656087 -4.908721594445891 -25.422141875531047
1.9984921266062625 5.106973582159204 -35.6750358046533
-4.408752943748091 4.9862588401309305 -52.08728674102939
0.8024301927524519 -1.0862943413851907 37.83317147450618
-5.143494152100371 -4.326139526465645 -32.13754576538396
0.18024660945011917 -3.7528444220607042 74.38352393818512
-5.918514522991005 -3.2867348834451784 28.588233677134646
6.061910555916828 2.363272416002303 -52.65036339613685
-6.368195530831435 1.2690277968286123 -54.72857771665683
6.570971166509812 0.1752801338143808 -61.64766254356627
-2.5871911909833556 1.8765075702285123 32.7896243898595
5.330714449944739 -2.8463168564736736 -74.34900426885228
-3.402330594531666 5.76702522483014 -44.93834469540756
-5.617965298274747 -3.11195263865905 -14.965223176864619
-2.675061446643163 6.025134536199443 -70.40250165840423
-2.042638807341081 6.201045262916313 85.10955769399926
-6.092733791672364 2.655375687978533 65.46360973295914
2.0942405306142122 0.9783222241798553 -39.79122401201797
-3.388424210581133 -5.024431841253131 -87.67421587457325
1.9237120994028643 -1.9800643786133518 61.91704449604368
1.1162385169857512 5.930583301726676 76.68068682134722
5.867846340883197 0.08115648443761482 -95.96320388139287
-0.38375360371520395 -5.846650364548813 -42.412995327690204
0.2342548906834584 -3.9251677597256727 -19.623452829038264
6.766694919154967 1.0373833432172803 -32.89230613026371
-2.511990949165269 2.1034407664461634 -12.64209376974794
5.864795576230694 -2.816450150106034 -58.8486477450439
1.5076246789323688 6.503734521105998 -65.61122832048017
1.2135407316406945 3.020557827460089 -93.85482483064442
1.1603312592667976 6.649907721296565 -84.13738103433028
-4.925099413695839 -3.826649941610981 7.543056882904656
-5.939840491853607 -2.1168480584839497 56.48145141018024
2.1585877319525713 -5.329117119499668 -36.13534021593308
-0.14818432281208083 4.140384499429346 17.158036395066958
-2.6414043060011725 -5.5246547438598625 -33.56607739234822
-6.182504477269062 2.1966630988176545 41.39664976946642
0.15718599859359106 -2.2681054577688875 -62.98394862606159
-5.781376499276956 3.3873515152606744 54.29950241958936
-1.7291835135126477 6.318087142547227 23.319570954571713
-1.6302965704346462 -4.37394304856278 -1.8924954781023424
4.5279187510052035 -0.21324878761080085 42.99367555578123
-1.1727755729489777 -4.28793290793756 11.800831233586013
4.229595674462914 -4.623879767426771 -14.30628498376666
-0.9457189614034152 4.531388979812769 90.11024053609681
-3.7586560897029484 4.668797379718079 63.826131952906984
-5.886306990641173 -0.43287792050834395 -77.63147862165509
6.08829769217331 3.0245282261900233 78.1031373770697
4.874201359850017 3.9860824184023618 46.01472775088568
-0.0035064979560419374 -5.263574666695463 14.547817812066366
3.372574020050979 -5.555567931525462 -96.71522053157842
6.348711833600372 1.5876222566769709 66.4944719316894
3.968154260722273 -5.388808762997538 57.79847847170476
-0.4935950313026195 3.008972972596848 -78.95015942024145
-6.42448301104366 -2.212981610342576 13.984395738422725
5.267523524582175 -3.7168032883858686 -67.62946500797386
-4.041814374764629 1.1422097395193636 52.10742473404745
-4.649313484431319 -4.848711108728919 -22.010480090393507
-3.452908726837147 -1.8405333396428347 -83.20630612907487
-2.3370285086587046 5.949130817080489 -15.572691737661538
-1.951687277677039 -5.576952288314697 40.23961829479651
2.3596523676991055 1.0040395915911753 1.538179542718329
-1.6081284207634057 3.8303200624789984 80.39426298408486
5.814333522972578 3.212071868176533 4.255754712250133
-3.3482020849605396 -0.9331846298509663 -61.502272335927145
-1.868356068000066 -5.90296450443991 16.900698164354235
-6.687621547102626 -1.1157055465680563 37.83742484517225
6.251338764245492 -1.4411176038903957 39.77593103480375
-1.7005085912033104 4.436959945287043 20.69711812904843
-4.769734782010991 -5.066251884889681 -93.56315171080759
1.1401107873613536 -1.4903206726672347 -66.40089419821756
2.739763129342566 -5.548493217856701 54.63734082684459
3.6018875006323263 1.9588445365057559 -2.2163392598375755
0.7321933233189695 4.1288932321098155 9.133018290898
1.3619811355305678 0.3717922608933163 72.42529837098283
-0.6164634973791898 6.691905801710196 94.30713272458483
1.7044425174054612 -6.433908901862764 -51.39882118388394
5.910473972750159 3.24642930582521 92.92847602764725
4.24617167171579 -4.8344850626584615 -62.17078378840409
-4.702378888597111 -4.453027927889905 43.226065805878996
-4.191132153809975 5.092615422627827 -37.64043321148612
-4.17057845768741 4.9118059201311315 -84.83849450957833
3.620884246522656 -1.6268056313244987 13.580263972102529
-4.029732166871401 -1.5624284596225595 1.01567128399616
-6.335968686942373 2.496215272290149 92.3659518424722
6.641052586689003 0.07230731566389503 -74.92021334989472
-5.999372449814722 3.0743650317802844 -77.6519457644211
-1.8188354578498642 6.495310473411158 50.32024737738695
-5.267746642504035 4.013353377194546 31.431388567442646
6.005197876132112 -2.9964795219534754 52.75224097771238
6.023728217448039 -0.766023162323886 7.228859840878503
-6.840120041028294 -0.03859436342915459 -26.60134501743878
4.992907833053682 4.492964940184993 12.06707418477361
-5.58714771848372 -0.09099718489200703 23.222875553967725
5.348737959020848 -3.7853823336634047 87.04971640939719
-3.7482816860230956 -2.9843961937947863 47.001370477922684
3.6612446143264052 2.2522236629962666 27.851617028490704
-2.4363099352678765 -6.3572282708678305 -66.00223465987732
-5.251080530082599 4.4711722382628105 48.46078161830015
1.356753577615007 6.363488194063229 -32.25536673592064
-1.3730124038352685 -6.5942438022961 73.57829613665396
-6.1604633380909215 1.136263725574402 -51.52713481666779
5.838360533084263 -2.3873395394807115 -35.00894403304938
-4.670500274883694 4.7122194145136485 57.0218371507813
-1.7716943758150503 6.6150528599664975 -79.83067188499263
-4.546337343139137 -4.6104831592433975 -78.17475841035619
4.409559546126937 4.095461601831641 -64.19349296300362
-5.016449987687693 -3.4836287889975326 50.52525640967874
4.381024192413259 4.837566233617966 18.603653555307964
-6.333293472883609 -1.4038370426517894 -61.834780718209025
-0.10295500261812904 2.9962698058219694 -60.769803027554765
-3.4588414520357382 5.40836816148038 -94.3539097743807
3.5458788372513705 4.703519952271094 90.9582738816452
-5.005849726679882 1.577709606188964 13.460789590695848
2.977114426984576 4.95923133655225 39.56565999313297
-3.712441335666877 5.68610974216022 -3.3870396157796185
1.6847738825527763 6.053605935999994 -99.36340465969988
5.931456720660417 3.406452435532296 -4.000488227661364
1.9338746370100286 0.6957524247796995 -62.60213009829395
1.0662415206896392 -6.443284232760135 3.2263778244416517
4.349930710847193 0.9132755172544517 11.923901401802736
-4.408912497514435 3.1784658896914064 23.09756423079487
-5.305078185725595 -3.9670269147986374 -57.90546141680199
-6.628216364530164 -0.8092238650487502 82.46714572367885
-4.829878145145989 4.349431876779985 39.404551933814666
1.6531289251378047 6.265402403498811 42.511989153946914
6.437893952440611 -0.2517820088062427 63.643015213167644
0.13393125806252731 6.523084352217858 1.436942342798419
-6.208034664496618 -1.082618539923128 34.740589801364386
-2.8859599590215006 -2.1945704059578865 26.881808841614923
-0.864056763345202 0.7311846889707462 49.3301804612408
-2.404995937973305 -4.793504328174443 79.6187482194954
2.873135182748673 -1.97952821746798 -25.438483855495914
1.7145544522033667 1.2228230514214773 -51.3657852456094
2.9229108797132635 -4.873589724853597 -11.160989832203768
-4.350026064802337 -4.780547024961156 -63.62371201453968
-1.9067790068621617 -5.541990136815276 -94.56280205976213
0.8516041069662694 -6.540934798019054 -96.26781665524999
-2.3339260439238383 -2.683802074039644 39.239854057749966
-0.36503620833857375 -0.4950591160214032 -18.703410210868373
-4.904430904746351 -4.7886890577327925 -7.902460049323617
-5.513518778177498 3.508632856048669 -27.93252715506655
6.059360624217701 -3.08436068916687 58.16288647824557
2.3314791445046477 3.8052789842673924 -41.47894713821211
-6.369196749455047 -0.608385233188063 59.80488459980158
4.983423220062019 -4.436809918682639 -80.38553526180989
-4.788180933735453 4.183841025942703 83.15984866145291
-0.6338245677499065 6.604882935236505 82.40791978962504
-3.3186011155020623 2.941609087976821 90.16157285704635
-5.806032157360929 -3.6868844784626824 70.14256653851658
-6.641979699153712 -1.3698869958000925 -33.207850160782854
3.790135946406461 4.6565195341614185 -60.7155233756057
2.385608908378174 6.351039902502105 60.63818583855586
2.8968827303333184 6.04151715493157 -26.23098804502117
-2.6222493374301052 -6.27585769659391 55.130437527597124
1.243858832723573 -6.582795952862069 -67.24220359609956
5.098992555202426 4.0753817146417814 42.80369492587493
-6.662097162894913 -1.1294143764483475 -70.77059842042321
1.485843943235316 6.540014740122161 34.82237118674695
-6.155259515130648 -1.8752757823103952 67.10362471416629
4.008457101257112 5.543392241280429 75.37963926497272
1.0161302818258031 6.156442349041867 46.221088330212204
-6.1942465712381445 0.37164970076288645 -88.05691655016183
-0.49002744739508036 6.20861672461206 -75.20146678690259
0.27771404656321524 -4.859759201248232 -82.51189029417529
1.3403587712699516 -4.417825009616183 -91.11405405829954
-6.49103897930491 1.9666045266738217 18.63208514034159
2.6000360046670057 -2.5421192694284125 58.04208727966032
2.0923821874155073 6.126902732542531 6.154289914240943
-6.341548416152212 -1.6300270900801996 -84.75122434908359
-4.313979489731789 4.750221946664543 -79.53133274114859
-0.4785197224423846 -0.5077236147777564 64.19980031006966
0.14533560492528494 2.288568204203798 54.412399206742904
6.654448837780767 0.7071281494269382 15.952001779320547
-1.740407451158449 -6.6097067021821925 68.16813032160717
2.561170318447511 1.9859852161026503 -59.794724450329966
-1.819848703170378 -1.459824292949059 51.580009585740996
-4.387818174223646 -2.2795707758246215 -2.7246356992687133
-5.820964214278824 2.7628896172586765 46.03295161176582
-1.4866045281355784 3.1833811208123945 24.500484020907837
-0.351854385825892 -0.722122379025439 -93.19011308826106
-4.5795117369333775 -3.963556722662329 -81.24189604047473
-2.5010197224596276 -6.372703177382544 86.55162172062143
6.252004779789126 2.3058508308366537 95.62596165690076
3.253815649289895 5.682963811630682 9.839219850731777
2.0406947890674045 5.9898293665586495 80.55343943444267
6.481492135721196 2.2600045365503107 57.014453600841286
6.32318189784844 -1.2759556723732077 88.3699667064833
3.6923501911623946 -5.370142092492036 5.033983527484639
-1.03187712660183 -4.6274227958007685 51.41317175909438
1.5467226682307194 -2.017420414182732 -29.370743677238277
2.2605853498821116 5.361497193831869 -44.059686019772926
-5.49853548829845 -3.56266068301355 -18.6358496122272
3.3544192263730803 4.560286191884885 94.8486391734046
0.7564531975890584 -6.738158604557547 -39.48938217333234
-2.3812535272042035 2.164298785860925 9.322939537736428
-1.976984938958217 6.453958166901737 -42.01279178111559
0.7674000439979713 6.729196924496658 66.76348377165972
-3.2986271887249896 -4.5069021829806495 61.107031727238436
-5.872503753990409 0.9731461333972663 -65.74294672980105
3.363573162684569 1.2039508330941053 93.71701596366216
-6.641778013894754 -0.7292217976422475 -30.13075882571828
-6.44758081420829 -1.5394687278901888 -81.43951593450728
-1.142745724838584 -6.149881807268301 58.37038086688561
-1.3066520169985847 -6.363080710156125 -91.23009724478928
-5.354295894955382 3.9567376437169357 34.55800939443601
-2.718993925940203 -3.7337890124434576 53.37827437263982
4.7667004087896965 -1.4973441567019279 67.82737965039664
2.745850860834488 -0.1086024243751802 -73.99048419328122
-1.1213503575897785 -1.4983015521814123 86.03757488255506
5.420399531197195 3.885086207280853 -17.049480638921267
-0.001478359290661646 -6.827199880824703 -63.820705766604235
-2.818098551450736 2.5522640343767495 -29.69658646724862
-1.9473735531157197 6.269005483729624 -8.736183280354698
-3.479762654555188 4.865494798507504 -22.489746083939156
5.787664757337968 3.671067695456881 89.32552515526145
2.2155820041742507 -6.229730132506377 12.704202647609254
-5.752250151042364 -3.3544381617642736 -43.69590859770986
3.16259537640712 5.09796893716825 -78.43048978864992
4.90720136409326 -4.315605675236128 1.8249272774629888
3.016481756197516 -5.2108332439576195 85.77536256026075
-6.593955589730707 -0.3016237230203029 63.94497389237141
0.40491146278919476 -6.717007680936043 88.91712557159762
5.29587413380691 -3.662634049143704 -18.41559063402427
-2.3629032892570656 -4.960017578809141 -48.81427144498271
-3.925786764727966 -5.481562934165582 -84.56869697497606
3.151841697960687 0.08776864177683197 65.41498067152463
3.6257977509842085 0.8352084752773237 -99.86673406393056
-6.38603183269261 -2.170592743005828 -11.762152386280581
-0.09555902034439767 -0.6207993559132196 -89.08668585311428
-5.043322499585711 -4.212507051606094 -73.79928943086685
-5.3717737871082 -3.535285684933246 63.93616744547227
6.638378833464292 0.8146278061483228 -23.052734084554427
-6.716107493887937 0.562136309454748 97.02035901974168
0.2880157124139411 -6.775851949456618 -70.67718593086178
-5.299523790935893 -3.0550228235278545 80.6972553887898
-2.259041892671022 6.339262215714073 3.515010019493474
5.604901652435922 -3.222677852761257 -95.4804556919398
-2.6156483046820926 4.6144716326288115 54.04411331693338
2.724224794134981 -1.9350566570793075 8.378348642580905
-1.0980388787276396 2.4216390790081603 65.73400611003756
-2.4515191842212363 0.8648948338372957 87.39337147553498
2.7089834810629387 -3.6392675875005027 95.69241461140183
6.358341704059342 0.4227732132125023 -45.61417304150133
6.132715151898356 -2.7134515338185725 73.73299205925794
4.859158495645617 4.3126781496725055 99.70183571618368
3.2215418677197993 -2.435503438561812 54.78538060535859
-6.183960694527992 0.710865951868892 -13.3412577168427
-4.464227727385649 3.491736813580394 -34.69589637478313
2.5762466305578595 -1.9094964024049044 -37.49899108878025
-4.038599798928211 4.22565473108455 95.35432541200069
6.164613295677922 -1.5461142361936504 91.64785374850172
-3.273506987003274 -5.587015408227045 -4.683242694449959
5.221811730600079 -4.305189743019392 31.97512177156829
-1.5060985389735622 2.9506485693368805 6.184947298669847
1.9932799319035979 -2.902786233808222 21.719165402025506
-3.0365004043990353 -0.2105706817698561 69.13326308031664
5.616332118660863 0.2756272679344387 97.47718561728213
-4.090554275557699 -5.243241326888624 10.760530143084553
6.575325071946891 0.9600778425894783 75.52005946974968
5.671394419110855 3.123493624343265 -42.534589786039334
-1.397799488791205 -1.3249623206694157 -27.602440366815003
-0.3698455613340133 6.943431510359808 15.711891084468316
-5.469945092828789 -3.379722363663405 -29.48767439728715
3.1845024046027306 -6.008287674714454 -83.16927928943119
-2.233732548741962 -1.3922020351453765 -86.44294510044512
-1.0359029052917421 6.629777263680428 8.063480840743173
0.5268519654030109 1.9692790984865955 68.90904420377981
5.200012919768087 -2.0207588121435345 35.78155465805778
-6.6637404678878225 0.8900856121978844 75.60586017623645
-3.4866523792505557 -5.657623336750441 65.62994788902176
3.0817853087977727 -5.798048722675105 -93.77467808915203
5.069111889694206 -3.7813648711695698 -41.960585956685215
-0.8458409302529972 -2.938358331456006 -14.000584639187133
3.296412838535249 5.911836480908021 -8.447356574684797
-1.9983788911816853 -5.849338225609877 -9.664393729642654
4.284453799497969 -1.249450723067485 76.3770422945017
2.9784391420069616 -5.791242544022877 -16.863469029377008
1.6794453743523872 6.492469500260034 -57.91990231809981
3.235211538184966 -6.0319245570716875 30.19904487045049
1.7403380783858478 2.1057582640294203 -82.29665644221302
-5.80694350493925 -2.855036079040734 75.30257688310391
-1.840294090624274 -6.543059264728392 96.74630975671025
4.344139282511979 0.6982567125075365 -57.6236888472275
-3.3162020970911925 5.311913802774249 -75.81876624443693
1.8629818088171264 2.635675602208878 -26.875233177024896
4.39140395914002 3.204000659431399 73.55354497414638
3.9609292889440195 -5.525232619100516 -87.9118832997111
-2.0473177318708293 -5.603406545441825 -58.07417164239928
4.797556542981482 -4.413364966608725 64.30619645037042
4.248167381925703 -5.090841847460934 -56.02392349255814
-0.8106301258192622 -2.119335334484924 72.09324373442821
-3.9305762866150697 -5.3692539150087315 -60.77144832684236
-4.9931599499776 -4.652828885129431 40.346579868239516
-2.2319789021629246 -6.435060543872787 -54.69188906414312
-4.411775776472602 4.756019179219288 -47.8580297779248
-0.8676861076853997 -6.387653529650694 34.13183919014238
4.469759795668924 -4.9513001145662745 48.24896074132415
-0.7866218910723576 1.7187471671625907 20.26270769145031
5.4901349883373305 -3.3789457895102784 -91.38990615992836
1.9738763813586147 5.571249745331812 -1.2492738261922256
3.658307775438286 -5.2661077576806825 81.95886036934598
0.21399988590941108 -6.415990948379556 64.92914138902847
6.580877359668318 -0.44326973642498674 -69.18153703895887
2.4133606044474227 -2.4603550490339456 46.234670343389496
0.4946406553181819 -6.427201894099094 6.087976689439203
6.4565363511034715 -2.142184315363676 10.105206547297868
6.568038662555895 0.05197446454966281 0.5758899184168227
-0.07587275331053789 6.343048497339995 -62.26805136445865
-5.832619387888891 2.5533719902723977 10.189778722676397
-2.089004346435858 5.911507910049698 76.27530111114183
-0.660779899710397 6.554254640945612 69.77742854481102
2.5798503420392827 -5.927665315836514 -99.51926409146954
5.540260225416675 3.105730302426014 -28.296500301339183
3.2551837114412927 -2.9845823744505635 -51.3634028537947
2.9432389373190806 1.0368672649149295 -23.90449078223319
-2.0037966383440478 -0.9278019528953981 -35.00438349867976
2.4548754619621276 -6.09552066159691 -19.61553241963939
-5.397429948227106 -3.1712894871820083 18.089674812907287
2.79483017860189 -5.695075069629225 0.5681438538731993
-0.2595488174612392 6.1231534879611385 72.70760284286017
2.7112784170391047 -1.8413139693303489 -96.47591034202749
-2.485287240553929 -4.611856891041718 88.85943355682807
0.10753496938510396 -2.805744407243208 -51.22553976761212
-0.4309202486488969 1.2060278433341174 -55.77164536465658
6.322505233932798 1.679165597975227 85.48322690240859
-4.461357621641515 4.241215792605151 51.446194159776496
-3.420186854440547 0.7089950203048713 98.67275527028274
-3.4181804573051666 5.799032863160322 -66.92103489730289
3.870278168818486 -3.2601470673293353 -1.8240501762309713
-1.5484411559811437 2.795136260711198 47.00797888024918
-0.3501077578535231 2.4951132950292525 -19.801586004682747
3.984901857122233 -4.6020738565311925 8.166665752925686
3.216397519519857 -1.181708139203616 -93.17472970071421
-6.335281072725155 1.4776910619766515 -58.326530012319886
6.475360810713945 1.1699647495155936 90.41705156680163
5.555540650053876 3.4189478423705713 -24.34645130925162
-6.678373562660879 0.9147368896759271 50.45582426479385
6.23209294793926 -1.0437193321445466 50.04592295048028
-6.624212581505419 0.8999752613764382 30.370910493153474
4.350012960600886 -4.949892309543814 -70.51389557779576
0.8632816488069801 6.668509486754458 -70.16179433915353
1.6623179200097504 -2.5726224551809374 -9.161097643102373
0.026860815317512055 6.719594056460657 -94.29515904213399
-1.6466951198209618 1.551204920033457 -67.72546022915259
-6.527043205755844 -0.5215422763751305 -36.512589817410046
4.676145946861307 -3.9630317959028987 61.22147195995189
-0.8311086161686212 3.0238167374211864 -35.03827335314184
-6.061687264209784 3.0557019520206845 62.58516417904176
-1.6008246974663396 -5.680983547066477 -16.822961579750608
-6.454220356938006 -1.4743041093402367 10.243750810416355
-4.14660191101315 -1.1624769186919561 -38.527163297778785
-3.3022806435754557 -4.109669840124596 14.747981680256224
-4.906753890802052 4.375149558425327 18.68463682965455
2.1465738648135675 3.9753211408986395 2.886730098318526
-6.231000967035048 -1.9634055047027723 -90.137636616419
6.399664780126822 -1.4442714886770966 -80.23753893559969
6.201693114150169 1.221246158975059 22.60025827587719
-1.1258457453207609 -6.631594305816813 -99.73776479718944
-6.336336106447566 -1.7122947665734602 99.41020487373835
-2.0463266929146373 -2.355993406349337 -8.851186360424752
-1.7699374156483447 6.141496187463227 -12.794001750102492
-6.309852142711588 1.4770527127068116 -99.06557436953048
4.688084372467708 4.128499616403744 80.41923723702136
-6.399900551414514 1.3478745493090636 -39.47184215369174
0.1783402589000006 0.12007415776790371 -37.16622771843341
-6.020841623923634 2.1185041200527257 -85.28070268029066
-3.9959365396158746 5.320363518390135 8.520650659630121
6.561152619946745 0.052305929202866974 26.40048348496328
-5.482733138361894 2.6411687364881358 0.920982565233651
-4.203673763763535 4.6997615104424435 86.5932318035301
-0.2853577603903946 6.765909216115725 11.643596229405974
-2.9508770897996017 -5.942401871437024 27.328427945186405
0.8109889948867349 -6.69346633687525 -3.962401151119992
-3.7609379286042883 -4.68089540851101 30.430686365342854
0.0011603965207827027 -4.840167831865855 -31.58787786388137
-3.961962321133054 -0.7156833688790815 -56.673951554994
-5.874037766778646 -2.76659307553207 -46.577866786494845
3.059566894498816 1.3432102491390026 -36.04681571895442
-1.675876849984759 -5.807257234433938 46.305711827778154
5.2446114520217 -3.264027624578563 44.29838244656763
-2.8498055876213804 -2.3962771141454127 -51.13884809552242
-6.577935818279269 -0.3113834450048545 27.872688589543724
0.35761579228448026 -0.8356126840451379 54.43901656444122
-1.7412980029125837 -6.399696059894605 3.442115541865493
-1.912818961053618 -6.292391390629603 -21.071843417047216
3.6900726577575003 5.640393291374905 83.89774537063317
-0.8107260150935298 6.491152376313501 60.8596790220371
-6.046339232731831 2.900794471084244 78.36163051560644
-5.586686168027362 1.6845377208142722 85.81852075759626
-4.4562170115351645 5.13983296871408 80.133580251145
-0.8870403647222421 -6.24347536307711 -60.75366551970994
6.5954213164945745 -0.9105504081640701 -37.42533695268642
-0.36061433669616205 6.540561156187589 -51.99326876717037
-6.597244412522533 -0.21583115812426368 90.17899792423069
0.1981392480876566 -5.10548367789999 77.6100913793138
-3.9016872355122922 -5.088438544822983 91.64266020341697
-4.471097267132414 4.603717244392907 -32.05353639368905
-2.2963842375892516 -6.200253544743915 8.726184851638912
2.9824090869355295 -2.2596186547069115 2.5813103123266545
1.2430264305049643 6.050937796850518 88.39317144613422
2.93137585846903 5.875191284736175 -89.1411412316393
-3.655065232521481 -4.268244516740663 -69.83231743198564
0.4377681214396365 -0.8960912352478472 -85.30454652506822
-0.4530803302663353 -4.708634178930719 83.50894805555109
-0.018818847371027347 -6.09219041164865 92.3649659290025
-4.562382528215566 1.2084254687995368 -82.97606776591677
6.338791075056098 -2.0427863599413296 -29.182511520366532
2.193545967740188 2.132304852094727 -47.41116589324604
-6.225047905156186 -1.4501146875870257 -97.54393078507692
3.1347811343034877 -5.90228150709017 -64.66247576559938
-4.539556288107531 -3.7218374355653667 -36.53128594328935
4.578276549810062 2.6589847346441213 -31.91220537424385
-4.762626004933423 1.4454328607233529 56.8351556599509
-5.69992670218592 2.2322080232593917 -1.9874159807345275
6.6684390971202525 1.101577087834465 -19.152726520208713
-0.3318558915553302 6.5452349195935655 -25.517354900935445
-4.1918314505440435 -4.952133710479362 -98.48541020176613
-1.205683110546371 0.5978760293336877 -1.7997217293972096
1.4984836433342674 1.816067184266291 41.81171386842499
-0.0922594397539237 5.772084511306682 -48.40976141058739
-6.351141366633248 1.7654380506679168 69.95591351875248
-3.297184832444527 -5.873782874220341 49.09895508649649
-2.4782584921927038 6.026649680832995 57.94146474969644
2.7302013684945123 5.635173250729381 -86.48753634800416
-3.6349627978408128 -1.171109284370101 -92.54266542675828
-5.3860763724796765 3.846569776603934 -89.43566693373286
-1.5161024694989236 6.2818136319270454 -56.97865254416543
3.974018413514898 4.625713231731795 21.995222327092588
5.7470272109236875 3.2270084047828616 -95.18949220344913
0.3382448716540843 0.009913841872225437 90.84171196682742
-3.7922222477072163 -0.17680642188140228 -74.75920398966873
5.97013452534309 -2.9206466113178275 4.32934401155648
3.0821640323952657 -5.987349127216428 45.50074403530619
4.1809570953874164 4.728821838675726 -49.278518855672125
-3.96446069055952 -5.316667662751077 75.77972459922323
1.0630293181134853 -3.3685516379142735 4.837963639013336
4.097458443129003 -4.375125695272601 -34.11840204387212
4.567191887822397 4.608978148081244 -37.828234322136915
4.227465945582135 2.4838017535402317 -20.641830262182282
6.657358866174857 -0.41119904445420086 -56.10813405814233
-6.241110229348189 -2.014364911761718 20.873308730989944
-1.877016807778447 5.190410714947343 33.3647382811094
0.6996912790918688 -1.8210760474556942 26.99504481251182
3.5178432627976277 -0.7571182425134215 5.596759153536032
-2.5970742316873023 6.249243690100287 -60.65494440263811
4.847334934723866 -4.487217566392917 69.15706159766707
-6.783776019240093 1.2779612193692322 -5.524772698074506
2.8409039875013624 -5.665088212549883 -48.58223317675775
-6.857769508268188 0.4226131880688831 15.503450024432222
-2.862493657507122 -5.612556319129775 -44.41131179626704
-1.0365756689491252 3.386114708278614 41.93691657722246
0.3770150203827104 -6.782382611726115 52.77289173384245
-4.408189747826588 -3.9127655835800748 24.491710716684462
5.144833677719473 4.38335576602819 67.90032955937062
-0.8111704578240053 -3.904966394026153 -86.5377664231578
-1.302438984057424 -3.0909738406193465 7.779263282078656
0.7338145464530044 -3.806255908569017 40.47578627217607
0.1863420646004319 -6.776886663023647 49.67884952273141
-6.172898139188657 -1.9543441413569336 -51.36401313967016
5.634644370184555 3.7185691501015627 15.26785205424839
-6.720070218868755 -0.07619744245525384 43.27273760709942
