-3.690064332202731 1.244762724085543 -34.26206990319019
5.218876832225206 3.1580580984963995 -87.37096245655118
-4.976925199956086 -3.305631649482289 94.82181469210768
1.1700672064317126 6.5236391953424375 -5.103876364404612
5.206224373402477 -3.135510829726839 26.086739494749427
3.595405433477474 -5.068452305282887 48.23464761163888
3.5491146361992363 -5.470896097576551 51.62630202007889
0.2306650183435422 -1.673964547733604 -93.57937224191635
6.225483164555801 0.947110942240049 45.57293579164262
1.6072460895930378 2.3017725194379253 89.97002689582501
-6.143820148293712 1.5606111106315677 -8.529561790343239
-5.5375793683733985 3.6563861800398505 -40.21144243172563
4.586834515498375 -4.795146821164474 -28.05768724874351
3.701405376098396 2.4042753587590235 85.9530234276383
2.665799719948503 5.858644148192849 72.18139610014802
-2.121370134395872 2.8351003859187505 95.95509641745295
6.517282668722546 0.7440032047116446 39.97320203427035
-5.269537799197485 3.3823544347340984 16.692554619844948
-4.244251126345925 -3.9441096753244826 72.3025478919569
5.423738773967144 -3.0788251898506482 -72.81677549363272
-5.199949097168832 4.612943615912322 72.78189986908848
-1.0522277787904604 0.7040583101094677 -94.26550441127628
5.859055062558578 -2.0661677707505794 78.81248833347738
5.796891579805106 0.36609839544385264 -99.23327862336103
-0.7298415819304206 -5.966017960408107 24.69268139039583
-2.4035872655434156 -6.210244132330525 -74.14344829532348
-0.5447046356249067 6.344236997289177 79.60259660308766
-2.4148734779006227 4.169341019607602 0.03727432135991804
5.194022810910393 3.3538142562634286 8.91594160914728
5.264268818546615 3.8065517916362768 -0.9708881460270455
2.797073148478753 6.033238760994753 -55.293462707948294
-2.712307328303549 -0.9854351873549299 96.13411801315935
-2.8156579648515225 5.898585309819391 -90.85343680307452
2.2013447910980104 -0.4148128824446744 -88.75542586474626
-0.15394569160486316 6.291480105132093 26.164451834535384
-3.523221766804185 5.647812754810481 42.221759408767774
5.007726603226132 1.8174676866527786 -54.67674480132512
0.3798155901742616 1.3085961049678498 -30.115526641673274
-6.562483856458853 -0.7999962589141617 -22.612759317172138
5.3884783735597175 -3.3395311715585234 -25.261068224599594
0.8470653129891909 6.160956007210039 -38.66684533460736
-3.0286082540551553 6.052390504439125 -49.989274252096216
3.9438924035127085 -3.4087368367209647 35.97554262173241
-5.121506484227778 -4.371007004910864 -31.919731955728516
-0.9272925792650154 -2.1993600690098973 71.80981885473821
-6.058408693487357 -3.205079174066619 27.655476971625216
6.547240715126083 1.0058227218368978 -52.23126861216083
-6.5943389793563645 2.2039795505027993 -54.177015245203144
6.656155024939719 1.0919451002767537 -61.494529273674324
-1.7317082581351426 -0.529373317041478 33.03742161551155
6.17408072283857 1.132509409937711 -72.6615953029464
-3.6107309970458017 4.707330589917822 -45.89304633768877
-2.363370918562279 -5.9158106983967755 -11.695101628712607
-4.398675769792863 4.202370280137337 -70.11876484940726
-2.143933420465694 5.947106006630814 85.46430181231851
-5.121913742310536 4.167069249625384 65.09135310864053
2.4946184921917314 -2.6470559821767417 -38.74030392812423
-1.1124537740095095 -6.428418838419503 -85.98016044029586
-0.6666114561917735 -0.4527840633984159 59.385235847598345
-2.2370231658757715 1.1391530479636152 77.31541917061293
2.950389316786663 -0.08382533529588962 -97.20651349306593
0.15840091950655072 -6.543542883638655 -42.256580151916154
3.789510209454626 -2.216393168509226 -22.199971849712373
6.608378026349872 0.635345004541182 -32.55471671245732
1.3320165859900461 5.177020549352447 -14.689657491932849
6.076784478854402 -2.314552891820771 -58.07913824336975
1.8444408151697564 6.416468122169629 -66.09588323388624
1.2610066878168 2.6009971702108237 -92.57243005992797
3.3887660640571298 5.5485380492129845 -81.06333375664454
-3.579176994096525 -4.947918159626774 7.2108825649088395
-6.148218098427171 -1.750066146081293 56.082053704184005
2.819425250674209 -5.35589101636538 -35.852885749823685
1.8505870045114914 -0.046781308755568365 20.637283298350013
-2.3921041640186376 -6.263669440289677 -33.37098706823102
-6.256308816383003 1.43953536436167 41.41957731103026
0.167161021401115 -2.975454114521648 -65.40463439258798
-5.979160613751605 3.049299702865349 54.53633120328976
-3.094665115311923 2.785730130043026 22.140504189485263
-0.5980745484447068 -6.455484160618341 -1.7220240823541206
3.6695018449699033 0.36118882693551146 42.668456748419686
-2.6467615814486787 -1.1130567289906383 10.241769832394855
4.816396142981494 -4.384984121663454 -12.788892492577846
-1.8789278289446998 3.22214594544093 86.69443508482121
-3.2714748818855246 5.746110532794631 66.69147149765118
-6.428071585341063 -1.7178435438233153 -77.22079600399564
5.148102494839843 4.082928265609268 76.79716681961433
3.9534830590312673 5.548074237613438 46.590340226053
-1.1627317888821374 -6.2823150620238195 12.599154660416554
3.2041532001173056 -5.654056275809991 -97.32181221377928
6.015702994190164 2.739115216637929 65.7509591440877
3.881906950216242 -5.1534264163337005 57.725966438522285
3.1616994781066086 0.9052147797166091 -81.0877840984947
-5.796013534208696 -1.6196693217142821 12.726956457476202
4.668624609071112 -3.9762549792930253 -66.52534813628425
-5.2373863127297735 0.41987064300057286 53.08265538760176
-4.930683413383355 -4.380922846533817 -24.51210731826913
-4.433777323957045 0.20200327532741508 -83.58032983055996
-3.9943333138089634 5.155475506997848 -14.812318800171813
-3.3432718498710225 -5.770377744625591 36.88716932079253
6.557631900274912 1.6566818499559886 0.8219476430503475
0.9948030720892945 3.286651104782868 85.44194672609663
6.372533353552504 2.1652680664897614 4.199891136960386
-0.3197990662848687 0.5100161365108336 -67.55119951203734
-3.0205909504628803 -5.9161863379232384 16.744786266747806
-6.813122862887414 -0.052631525588764216 38.470419512325094
6.015378014929094 -2.77090674752987 40.34641530202345
-2.3391013472128686 6.088955716374689 19.97379905877054
-4.685984461242015 -4.790802354919814 -94.92757737646504
1.827957070800597 -2.2636745805336256 -67.77866349102845
2.372903476691178 -6.2909796569406575 55.09437908177653
3.1737723295771714 1.383875816181297 -2.506528806226436
-1.1302892304927206 2.045013437609695 9.865482528972997
3.3115791888391755 -1.534645912983812 71.24348392042383
1.2344592140615167 6.503786246930297 94.21421768754595
2.8331258959087595 -5.711974835640374 -53.51526149140104
6.246131175303808 2.99625439525189 92.37652886976161
4.273717780820264 -4.641233578989159 -62.31951249884312
-1.5596055565556681 -4.727171523043091 42.93448467226907
-4.789810239155472 4.7046719111401885 -36.849575186449044
-4.167846082226519 4.904321752400007 -85.48776676753872
5.280627105095151 -3.8204305109530785 13.116341992601734
-3.7149772254574294 -2.5383332904039513 3.784530544184491
-6.286859575040607 1.4683154749180294 93.8478549270341
6.809714099297023 -0.3277180178376572 -77.95973276464828
-6.373451418171437 1.5385880511622176 -78.45373176141524
-1.813107471786933 6.2446864915984595 49.237478919344305
-5.204812454270866 4.4763848857934825 30.280994935108083
6.383843307824403 -1.923626303815123 54.4852983589235
6.580991469867111 -1.1846096798135357 7.7302968487606485
-6.383503203531551 1.1377339096183232 -27.193883841273127
5.464688693417724 3.8179204119813583 12.626368127409874
-6.735412211727231 -0.4544597090427136 23.287716728054228
5.556789194736834 -3.5228708434420675 86.52801571527375
-2.315200326224805 -2.5364418275386957 47.57243057830514
5.175217452085254 3.5504821305488856 27.558765384748742
-2.893131089989028 -6.086756508585229 -66.9654527660264
-4.512258347854895 5.024089852688135 48.07974173846935
2.049923066799634 5.856656840351683 -30.351580007939585
-0.1925145731800984 -6.513427627392545 73.59433513913109
-6.272392276034045 1.6330332272787946 -51.081651534332295
5.984730338071044 -3.0124381671841767 -38.707531025260515
-3.4891660841307344 4.917684413325498 53.76229674187108
-1.3368811127246483 6.312846353334764 -81.17730068744008
-3.8454570386821136 -5.100529842388187 -78.99700123819822
4.985031127365708 3.9272289229057784 -66.04386279641695
-6.048454660081641 -3.1203147979096775 51.40284493227692
6.679860215487357 0.0322809222261089 14.252231866579232
-6.31725226010832 -1.3179635688521418 -64.89264293297462
-0.3982368380117215 4.031317873418749 -56.78045478662599
-3.817382214652985 5.123426507495977 -93.67710517839383
3.547613963646322 5.485760490254695 91.44667587315331
-6.037578734409959 1.8781686001502689 12.496394411686305
-0.48072930109929196 5.739063137145524 35.93316929796261
-4.484725578911295 5.003600685384664 -1.7825728133007845
-2.0961600424879165 3.6259071509500678 -97.31159127102757
5.769209317212484 2.151676129873582 -4.22493689368063
2.987298388138757 1.4338423496812192 -68.48699728632178
2.3320636027212718 -6.223842808244629 2.0360562388444237
4.990023409552501 0.26134829908474244 10.67250237224438
-5.899396159578335 3.282619308862687 22.525163084471696
-5.438306788126727 -3.5299194536676963 -57.55334405908548
-5.4799619616442365 -1.0775766135012537 86.59768037295493
-3.9144070671744906 5.151250456482881 38.916071818417855
2.4549937693909514 2.946117360595903 43.97801433922902
6.280878713560052 -2.1766647526715377 62.173450887538245
-0.18670170492142513 6.488152632843167 1.2924251856506541
-6.403907647415572 -0.6933677886917146 33.631055852655244
-2.4225692635505527 -3.6037606727836224 26.129600719235675
1.3687489292021096 -0.5542669497746054 49.7707808329309
-2.262709302588507 -6.098224784931741 79.63672561126204
3.1675119761375985 0.6439264780118386 -26.508365040179537
2.036306752726249 2.9445063853771467 -52.989271547928155
5.968077967498847 -3.209459373367893 -8.192954515562418
-4.067283355763963 -4.754569440392089 -64.30168065792296
-1.570816409572756 -5.48990103130805 -97.75812956273893
-0.6125615384901477 -6.851317935540871 -94.97078215984449
-2.795151696415928 -0.40448545008608117 43.12855968185263
-1.5663832094490902 -0.4487411750599016 -15.017072176528615
-4.9285747032083975 -4.316073021660998 -7.745502338730995
-5.241978068272574 3.632969219135237 -28.875387926154346
5.736536309035437 -2.9192066663865663 58.81961221253807
2.572159650636474 3.615270492558935 -41.769767230252455
-6.274192128290272 -0.5123275362732997 59.66180531881815
1.569180738699512 -6.253839195314725 -80.28219434378973
-4.49552475978737 4.789644452992402 83.70422723588777
-2.0821703111776455 5.592685396928783 82.44383253358082
-5.7377380281099795 2.6318347829280015 90.94423305458763
-6.316276256622266 -2.155049510598809 70.31847383640104
-5.614702533913916 -1.9712738373631808 -33.47314610240882
4.7429977994748524 4.116003107685984 -60.89383740357176
0.6624905091530815 6.34013564747132 60.151214702153396
3.559158805803957 5.873772544233221 -26.035512021246927
-2.4162445818887264 -5.459352803459719 55.57308501729781
0.4338396091649563 -6.464399620691854 -67.43948991654993
5.838283681499693 3.151492652961367 43.23277445904867
-0.928027986695029 -0.39437770926964866 -71.6156586668422
0.9098336294941467 6.779134473996805 32.37662386803348
-6.130098134722494 -1.8017666578656228 67.27267701972102
2.091538438520943 6.490299729929475 75.22550628450534
0.5908763778398054 6.329332670724819 46.17548073124213
-6.035566903829177 1.7376762157741696 -88.39517761458598
3.263675611166259 5.1562890964441275 -75.83854909064605
2.3317093790406975 -1.3563137410770023 -83.65196862476284
0.9991043510338674 -3.9558297666254605 -88.80168080379337
-6.740686063392961 1.1555550915751063 19.510453281928097
-1.9225432244228031 -1.4102476077177033 56.384914975393315
2.73824602217752 5.4305674473687064 6.304693793735677
-5.922535585221969 -1.8668133378533396 -85.42136146619184
-4.82742075541908 4.091402038125833 -79.8257687907833
-5.277023849127837 -1.6159204186117635 63.73871986212283
-3.4454055043047136 3.6371978957554996 56.81907463541658
5.361646791104713 -1.4191621602512174 19.705078201362493
-1.1050180616106033 -6.207452757668365 69.1829891383473
2.465496466119074 2.2106502837512623 -61.46880354347049
1.0276339286013916 0.8970387415745598 53.404416224702366
-5.841609861493998 -2.3400392413762185 -5.697123432190615
-6.026412206765421 2.8495806882451813 45.90034295524101
1.989432378534874 1.0423389166672397 25.95999601787772
-2.074759575622998 3.308186276270439 -91.78673809453771
-4.762512993835086 -4.175897663132318 -82.5029412865881
-5.0210963395041555 -4.543507285347983 84.55238989999594
6.469624808389488 1.515042028138934 95.66250196209225
2.7493929093144187 6.229010587036855 8.974664825048798
1.091468592790755 4.960407122600068 82.50346211437788
5.872036023314687 -0.16791122437956923 56.92428741131721
6.646499943964282 -1.0016564198668723 88.16859787983016
4.51778095033606 -4.7855133320427345 5.189835486363762
-0.004028285863121023 -3.497484267119275 50.68639413644036
1.2091454340098973 -2.8906057870426154 -26.86564076453388
2.648195623785045 6.163426891827918 -43.85895079871321
-3.614881875924067 -3.851931910311614 -18.250569511838602
5.1030737790910665 4.5670620268384585 94.60428486195403
2.30581748803286 -5.837380364950311 -39.620065068620406
-6.188479274593075 -0.19795568554702556 3.3317195550467558
-0.5491029948347719 6.276981198557728 -41.6851776692897
0.5872257895605374 5.649078060434998 65.02094327423602
0.17676640726746218 -6.295527266187386 61.73886209225761
-6.680491275972155 -0.7299058871302213 -67.56959881809851
3.255896242163848 0.07979105371413786 92.66562838897322
-5.824748550097185 0.15372135048950233 -31.019634400792377
-6.161203878497506 -1.1236175011813625 -80.8462722978952
-2.2466722076468297 -5.791583337005902 58.67079952413838
-0.4983177084968302 -6.734878095719374 -91.22087666034236
-5.717624125687251 3.696583893573716 33.79048869893421
-2.034333810649887 -4.219675120728977 52.615032437326064
6.615648306756731 0.26160138465045424 67.70993575271042
2.5224686118489177 2.081494578004506 -78.27112458429988
1.7226738247988276 0.09102456408976045 86.13052348470531
4.162575516308947 3.316955131741585 -16.2422286042787
-0.30146371934716365 -6.625287196138556 -62.855817838499895
-1.2909864320494577 6.440177318816956 -29.499088263886836
-2.0499003913677005 6.165052809668878 -9.188282251836936
-3.5014858759972194 5.200709417780981 -21.818768887296265
5.253315118549814 3.8271169206693068 88.87749387611768
3.129946405696909 -5.829843122842598 12.322618622843605
-5.806220000377415 -2.9666993606145775 -42.95063801852438
1.0077168083363472 6.440362397995456 -78.55992161430659
4.587819754782083 -4.732942719114768 0.7589515489410813
3.4553533821065887 -4.728355335069826 84.60837088308949
-6.752242203537863 1.1662675825883266 64.09694064868881
-0.24150862275891405 -6.668380846464237 88.24253506323313
6.487939510662486 -1.6960770017966338 -19.70761119203607
-3.6854668516589917 -5.2370116925284425 -50.458729196439144
-4.29387652150233 -4.326949833736513 -85.20318319995435
3.7231302027644073 0.7031378928253377 65.26646341680089
3.106351385528207 2.2273214244286086 96.08081953899632
-6.310224983129315 -1.3782352947221095 -11.737351437241653
-0.9893642967447425 -1.949747875407619 -89.93193452622587
-4.57511059946184 -4.509546022970031 -75.41409070559337
-4.759632114684415 -3.613476587783827 59.888943608973385
6.20750598387952 -0.36334069208227143 -23.27341337514612
-6.229474438968931 2.6708584730384506 96.16427396958635
-1.058440033112816 -4.408496629245339 -69.86832281671265
-6.281442863604144 -2.2920643329281476 79.98166714981744
-2.976914309029038 5.409781654284823 4.160486040966764
6.221007577644913 -2.061836929937908 -95.99718559222792
1.135471759033347 6.664336889205941 52.40978572449788
2.012565421286565 -1.5573822221247489 10.661533026985277
2.357900100982838 5.321606131331574 69.30729520539131
-3.7159279355717527 -0.2710811313421102 89.68467922227417
6.770452686716968 -0.7630161623016978 93.37473490957035
5.345162770537784 -1.780154600258649 -42.30432046084031
2.8577854413218144 -5.655631776957239 74.17823200088677
4.604535732128005 4.378115736603598 -98.85432789986686
2.9386403148263516 -2.0773275076017605 55.54722822173488
-5.365536125840881 3.4200723185453636 -12.519701538900854
-5.742278338548063 3.7274480521833877 -33.93791228295815
-0.17410952658438159 -1.3295327499219858 -39.97421062253845
-4.16924887468402 4.428904193214326 97.28457563084191
6.083178806945461 -2.881320974150945 91.8831008995144
-3.355865695217013 -5.765506564355566 -4.761877858727187
2.140686774394147 -4.887556962792297 31.90248392947353
-0.2552417525248549 3.7461392558980093 5.693309602590242
2.1958416796593014 -6.262536980159594 24.4458241997637
-2.48480771432145 -1.993002813669862 69.20851742257365
5.946784171061917 -2.6309066320144012 99.61316926964984
-4.166423939335834 -5.516995616538792 11.124419561863448
6.4797281035020955 1.721855647176622 75.15377235082984
6.009986642278798 2.990959541647508 -42.993742997381794
-3.0374792555626984 1.1985337829345295 -28.175679098820257
-0.5793266603671623 1.8836253015551858 13.998803323456569
-5.416828681734669 -3.804616965154754 -28.911407804760874
3.2994132628977453 -3.245331660126192 -79.99159855349792
-1.2083923997824688 0.12424772772415338 -83.48136153283205
-1.3659335872267246 6.183343360282916 8.508314361304341
0.8635233808302771 -0.8938883368095796 66.23597130486117
5.6276380630193845 -2.8500295780362856 33.02797460120768
-5.798923836892538 1.1023765335950937 74.52336227320204
-3.2994923002907006 -5.595232263672289 65.44169187002494
2.7946842706280104 -5.876389809510288 -93.86636527359879
4.73566687116633 -4.372975988092951 -45.42053448158886
3.1560956908065005 0.9132715301947942 -13.889536946741636
3.1923554045920297 5.825682826492606 -10.209907610947866
-1.2477232768908104 -6.627769661913302 -8.763655539457849
5.031599078559318 1.0908682184974785 77.55976975222505
0.7677342389834267 -6.311945355590587 -17.971309207138184
1.1292787968308349 6.260298187239179 -58.8440506137569
3.41697667377204 -5.705394609051025 29.389125415959622
6.556108706872069 -0.2421125284131347 -83.77552703850449
-6.301194168338258 -2.4172504715995715 74.71547687057975
-1.3013576428503855 -6.631186793057789 95.94386514781496
2.777764538997964 3.731214068789317 -57.716281843831595
-2.4246594007364446 6.083957498571618 -76.34273136511463
3.7015212700869564 2.046701362716234 -29.506307761437245
6.416615101485824 2.4869736880726174 71.27019784127171
4.360626061409059 -4.300407574681171 -89.54913346475782
-2.822215189435922 -4.171378213039111 -57.22201413424004
4.74188571101121 -4.70657937782722 65.43730723540929
3.533966562438204 -3.923784067878564 -56.430287287680414
3.7360550668890817 0.11154771274139907 73.817465975819
-3.968606945510133 -4.817340987262443 -60.41976464619712
-5.3148492819766 -4.039555833944195 41.89505338071506
-1.8889892639988233 -6.579805880453169 -55.143121182365306
-5.641839363389022 2.093330242437355 -47.78731486130163
-0.2779623339436764 -6.552091115075834 33.12945782119004
0.22377092597778547 -4.669699851384945 47.735577615101974
-4.361976443817955 -0.21525689524642289 20.98679551095209
5.832395606228905 -3.09832383588811 -92.38900061717743
2.7122341716419713 6.017006374690694 -1.6151076785469256
2.381253188302842 -5.09995142436008 80.81233964136956
-0.3661516690908257 -6.726234152779393 65.94828192844055
6.780310888795376 -0.3914275648292178 -68.30560563162854
3.1732790594685123 -1.6652653774067092 45.67837459305065
0.9357249856153455 -6.70094560124793 6.730721859425148
6.340737182805472 -2.343164973133884 10.201730985041694
6.275922239190458 -1.4693663408552577 0.12014217829302286
0.6925662678356498 5.8926043245783575 -63.64996389776988
-3.388371503098845 5.144656842688875 12.186716036106118
-1.4355558212895496 6.093448223882569 75.68811694835144
-0.4534313708762677 6.251542538513862 67.72732054031927
1.5151232802372538 -3.318918751182567 -99.64349168806073
5.153643509087703 4.486608436666644 -28.722870067889968
3.8808002815164233 -2.0391657685310527 -50.49098605926265
2.476334510325772 0.22054841317666957 -23.494764093281034
-2.3230929686172854 -1.5840491154319747 -34.39312687468253
3.351916351313163 -5.97615891452452 -21.471726071208614
-4.830570078143298 -3.1848993473618887 17.348257597270948
3.745036306804089 -5.195956819589543 -2.7574724939561692
-0.6389233803713824 6.386286590346686 72.4022409776975
0.06253473014200446 -1.9161068275791455 -96.97548625008638
-3.2874192779061957 -2.9200274419598053 88.45116354311288
1.370546780397365 -1.2311913734519897 -54.007185006300155
-0.8540809718417859 1.0517938531208546 -54.3658749907881
6.529938892877396 0.620997410875533 85.58189133095394
-3.4122589117811755 2.407714079859288 50.51203065310219
-3.9834540308059205 1.0423577081760096 99.17302436593339
-2.9397262338715144 5.050773065466607 -66.67692720272598
5.792604343402507 -2.1683846317339937 -4.186791854234048
-3.0947041915751483 0.7296825808648214 46.73489497631626
1.1372993828364 2.6055870293800836 -17.36428621105716
2.997393552974179 -5.905915295228155 9.16871407360606
6.395447240641765 -0.36986077821145713 -92.70945062808217
-5.58491142256199 0.2946446853381102 -57.57898290188808
6.828326357506812 0.8682633452092583 90.34281294933413
3.4907146191600034 4.979148559831393 -23.337962011168518
-6.236034342208484 1.964811599635891 50.68716303963205
6.392869107614327 0.008053242245125714 50.154451831387746
-6.667403975533504 1.1502038947856579 30.60833913738445
4.998171123336937 -4.543874813023659 -69.65435941904452
-1.4976324597284814 5.998297626920849 -72.7527604140201
-0.4704167373128132 -4.959405301486934 -14.948246673089896
0.07594804962525452 6.554811640060023 -91.42738086289506
-0.689119697212372 3.422652808069552 -71.03544834470567
-6.624927404328884 0.07775044637438465 -35.96192233705858
4.580149545329475 -4.694345335117627 62.19803454239426
-2.7452669611741904 6.408467731923832 -34.56450446793378
-4.013730239868606 5.419096727699489 60.591206420460516
-2.497323281890788 -6.033377500895176 -16.825120891640978
-5.9508640513097335 -2.8205402710086602 9.643727151146974
-5.777423034767331 -2.7062771410963724 -38.906354564330755
-4.35668207275288 -3.8773361208034314 14.461236578745035
-4.9474251171544275 4.535112918405706 19.81654808473835
2.4643074701109624 4.051915866384079 2.825945262896314
-6.74763148933749 -1.4461269799883885 -90.41378046831252
6.1572430548564006 -1.4412150183963703 -80.65290088699979
6.248073808482126 1.342494510855527 22.3146859988491
0.1571117896805323 -6.556256009947394 -99.80350253422255
-6.20391773868686 -2.2352468122129756 99.22510470229399
-3.4554338168554515 0.03133976557270206 -7.626838596331549
0.6119758059075464 6.415111595130295 -11.504652371310433
-6.232351595267247 2.1394752693026153 -98.71858021894874
6.003887021608849 2.5122845149673774 81.48997731064027
-6.297319477261047 0.6353224832129909 -39.47050413328212
-0.9475189531555037 0.3833495341582158 -36.10851686751648
-6.634694472941883 0.9825037874078425 -85.39880878000235
-3.8660604320669596 5.479608251588363 7.351416040158181
6.4655335104153 -0.28041337126013277 27.65994743061521
-5.960037557552365 2.7231724367772143 1.1357876119040795
-4.665566510778869 4.8188652248065225 87.79830624801149
1.1571137782609624 6.3382906346756185 13.421594004454093
-2.9613666996259105 -5.510686538966609 28.062356530799114
-0.235990468831072 -6.622420254122527 -5.112525211915506
-5.097924933999679 -3.859648454417346 34.181367323178826
-3.236021179930801 -5.621019728467573 -26.780947643498234
-4.6172527714175855 -1.5456161210477126 -54.64840409789491
-6.2570034797151095 -2.002504406384017 -46.07599435633634
3.085133183183539 1.4274573461505202 -33.67236939780162
-2.89687920278654 -5.819951934632934 46.406636253366365
6.220380567225709 -1.9276658781753044 44.881896583781895
-0.9578952578462334 1.0427474582499427 -48.28125115557947
-5.390172661289615 0.4037007207922413 27.136736344513302
-1.3085787721682336 -1.4801676124549281 53.29523437857154
-2.0248250937633046 -6.43506244819842 4.441240916461864
-0.4440957360117817 -6.600414449153455 -21.15322290830781
4.058139245738982 5.137786706761469 84.08971722977292
-1.0563900625889708 6.57900640476883 62.455941621783296
-6.470676310924696 0.822997603097863 77.99294513205272
-5.9673289363802775 1.8992490818781769 81.34247121795043
-4.269277507388632 5.021907228191036 78.6518533458791
3.1877350676846063 -5.857354441464917 -58.89083605048229
6.75687971433264 1.0080080773359028 -35.992448422730014
-0.030882713343900633 6.627418909667176 -50.349526063498715
-6.638372907695544 -0.8856052536979245 90.05181985120183
1.0757549940824993 -6.687776711422294 78.59735212049888
-4.432363973843875 -4.9828983541867276 90.7901365057997
-4.072482474114736 5.376877624553942 -31.34417950583592
-1.1952861101224506 -6.2220660495664895 9.603973443629668
2.700404299890523 -2.7449795771873644 3.0143276353242037
2.538271939537561 5.869931470210089 87.46652471562959
3.7451515564778135 5.047445453262334 -91.37186296166186
-4.810272141483597 -4.871071504561581 -69.22389112504008
-0.5390852197182162 -3.016812153608494 -84.89086909856293
-0.8092261956551645 -3.8021088459121373 81.3286591086837
1.2734838927015084 -6.552600582126251 93.56936199948379
-6.082560150267972 2.8768995266111075 -82.54266996626221
6.23204069241027 -1.4895854245227937 -28.754247914832426
3.877187438327542 2.4892891802105375 -45.33884933923914
-6.363631119480897 -1.83795902254623 -97.93456189691454
2.5100509889468774 -5.7164028092973025 -65.30403083628943
-4.414030412515906 -3.974808134179464 -35.37596853727824
5.610043291880571 3.121936365077149 -31.282344910468424
-6.516775793456104 2.0159276375955684 57.27088141194167
-5.265103696355577 0.17200470132123746 -1.5840109222756804
6.19360693383289 2.870418386392676 -23.22668190208912
-0.5383769972961104 6.437213980459662 -26.318727962303193
-5.090883135927612 -4.185682070414318 -99.09525451694057
-0.39958877487719735 -0.17780634078883972 -6.773767128343691
0.5032638981437483 -3.1692997664568323 41.49383769961625
-0.5800266002300187 5.768630755310888 -47.33989709005821
-6.124889036263167 2.9850958866089585 69.63377446468715
-3.231913860108695 -5.72543728972715 49.4430678166569
-0.900591154125346 6.577092265698401 56.88401473422493
0.10778890091485674 6.374387387856293 -86.74519504609208
-3.551049292960106 -1.2002780385047416 -93.70068703369792
-4.772268200546744 4.597541260059595 -88.64309918536209
-2.342405207548662 5.8736045295459824 -59.28481127586782
4.389556273124539 4.88854698052288 23.351117788529884
6.252519844628075 2.1297567345658073 -97.08213469421774
0.49679239105367945 0.64933584104332 93.59191561339773
-6.6579591757990855 -1.6915663376631491 -74.14999680647121
6.259007794555357 -2.485466592777521 3.4668321105859388
2.919022785306534 -6.065532217677354 45.56689410920146
5.156589536287684 4.069333606040497 -49.536050626378845
-4.002874937705806 -4.904605185048809 75.21962211544152
-0.4351868770467605 -3.5837473385463032 4.603920877960121
4.721028473795017 -4.928558884200785 -32.62037902538644
5.445728929418909 3.984634636059025 -39.189659098465164
2.8432939749705692 4.867303575439962 -19.81945743702974
6.731133793629913 -0.33386176038815213 -55.54348972645622
-6.046805327179564 -3.1092992266369084 20.002050718708755
-2.7912004363446945 5.6651092576259074 31.342456522251187
3.032958275362691 5.815318811664742 28.7699985092279
3.260881961249158 1.055134595473176 5.324478237475617
-2.4687885822073294 6.162436361677444 -63.574609828508564
6.146657928317452 -2.343407917773322 69.54721177014184
-6.328965969553232 0.8005193578487447 -5.021211172198882
1.2327442145625325 -5.843269345127389 -50.52565394433386
-6.671824520120893 0.9379259125601456 15.600391101035642
-4.201453487514956 -4.875847851868161 -44.87517533397704
-1.0574667927978891 2.6905855017422398 41.010637054485805
0.05950268602946979 -6.781904064850938 53.39278740240482
-5.228790310801096 -3.354727933610688 24.5951113218954
4.091838706279507 5.1108911389145515 65.54597475307527
3.1709679176472845 -5.371239570209561 -85.14842466428682
-0.9761747399573595 -2.233168818838245 8.203176862764394
0.9449358895514993 -6.3213024945841285 39.46134576854535
-0.1276129392382538 -6.754927694960294 50.38657907147862
-5.542040697501415 -1.3610016107208072 -50.96250507550938
5.99277307020418 2.9519470952303815 16.296325034908435
-5.425351655150383 -1.300259562494799 46.216683299266705
