-0.8454573517004291 1.67787138739937 -36.87397075303545
3.381342449710398 1.1340326968611831 -85.00958574787698
-4.780027978310609 -4.413155956763641 94.70458050868338
0.8671755612394785 6.6892063530548 -4.926417142204769
5.411687034210053 -3.570156013739469 24.497681722744318
2.5378508707616207 -5.13794517693315 47.65872275658425
3.7805356229165445 -5.34446787298806 50.91328803345742
0.5646986374556345 -2.346126149840191 -92.43361335218479
6.345803575626952 1.6303607808496952 46.50126446126701
0.8007902006852459 3.8570552611775595 88.73677404184411
-5.949709401980225 2.2685314590519647 -8.462607459772336
-5.575619290877362 3.469438067606554 -40.21540872228144
5.135662425013561 -3.595249881187476 -29.576222049320478
3.2856421067113613 1.6294415603210568 86.60599364817233
2.4203558816544612 6.011720597450736 71.80596430703287
-3.125744816021302 3.402639658858434 95.21228699401105
6.450943446454286 1.6018399857791845 37.21248548208039
-5.621625200988863 3.814634901796396 15.799378344962049
-4.961462897384942 -4.028641058629067 72.7246000613485
5.847496441925401 -1.8797357377001798 -74.22558955034656
-4.765275821592361 4.973644712188809 72.53552779334792
-2.6864770030918868 -1.657962939346543 -91.41258519563844
6.5906107108955965 -1.1369132299986626 79.31373412042261
3.978883713804745 0.8927625146961637 98.33539669652917
-0.41463949352425955 -6.583735248551012 23.907679239815902
-0.9537858925204709 -6.431473656788713 -72.69802477400792
-0.9343440509128442 6.164284535058029 78.81653292319335
-1.0109242389771842 1.963242600029052 0.0065752977058170965
5.81227639916232 3.3676257619726293 9.31986914235989
5.24319120137278 3.9034307727499145 -0.4344431352437095
2.698831458363525 6.020865431194244 -55.42796222724124
-0.18035904160953878 -3.883212140611225 94.7530009316365
-3.101350123323361 6.219464501884072 -90.44717064757474
2.1519497863002504 2.47207521830501 -88.08180387894883
-0.8892785195250357 5.783509615278105 28.138904977062207
-3.1508749151810544 5.332520049014657 43.354590463209725
4.96683012012289 4.390983144053093 -53.629667994781876
-0.002243597915001172 0.2647301980316439 -32.468430775398474
-6.626445293670631 0.37245257494345785 -23.118659736075696
4.9671037637213615 -4.306878899541216 -24.724167330502425
4.590398351542297 5.070844873458406 -40.163884359441454
-2.56770941773772 5.771877109272749 -50.00435487326961
6.307943957978958 -0.8295342722472463 34.85350514540945
-4.9214387459937505 -4.37537535442915 -31.634785319012455
-0.6229281232274503 0.2990420098413886 71.16513811443652
-5.830983142166002 -3.023276229846104 27.16887455842281
6.1774291531051295 1.5452031199969887 -51.344528439747364
-6.627597767686557 1.5720062362354954 -54.515985691162214
6.6445590927845215 1.1457474775656467 -63.37843521954689
-0.7469347456470996 1.1580570570722832 30.738549858737915
6.127692187533682 1.409946782128786 -72.69237930465475
-4.932909401061696 2.8465849328057136 -44.38411529976116
-1.8064114337204844 -6.516122949650354 -11.637975729570778
-6.27352385504356 2.80778970354247 -69.03777491062793
-1.3419317595609022 6.266797088082178 86.44774352932504
-4.934905203673963 3.727922280542586 64.9678631995292
3.6946434902411416 0.07197009972756296 -41.47066474593555
-2.642550646265057 -5.904145208251782 -83.82393599070197
-2.4717051259154705 1.702923298400953 64.41489636611773
-1.8906727376523182 1.5498202145010165 83.01638456228748
3.2371557578263372 -0.5153718513486298 -93.47099602140469
1.255608481206675 -6.704340129665064 -42.67049613951638
4.860535811721377 -1.4459123329596488 -21.00431544738119
6.5000899825378 1.545820576287468 -32.14880952357759
3.953308680836045 1.1473949361493818 -14.233377336220395
5.6039902273013364 -3.387142312099736 -57.91703288617208
3.4258053765692766 5.779288742810947 -68.26431560404362
2.2198889348330364 3.3961248834233455 -91.5355245599532
2.7664710093592992 6.058865861380136 -80.73772696532536
-4.263135833598895 -4.118510723641432 6.273699737120003
-6.2128624501739536 -2.0588607248569186 55.18149877963019
4.774451604517735 -4.625466973431458 -35.52902282246453
3.324385779494935 -4.6084537862144135 17.32971950884339
-2.1051191042975224 -6.090052817459642 -33.03948038277479
-6.359718024681795 1.4096357888831479 41.054364033730685
-0.44038642986908977 -3.692083685289661 -65.92266030780888
3.0632533551667387 5.449392508467103 50.16548946685595
-1.1401962024898686 3.5631806260405545 19.182311426614472
-1.4758566215335347 -6.760148330876751 -1.2750767892202433
5.843262017956411 -0.3637303265550339 42.979349461370795
-4.798847605772981 -0.6410526772885697 8.670559895613655
3.224862150097112 -5.178591756489815 -14.009532788420634
-2.1219684416540945 2.916546027226464 85.63350742250147
-3.385619754819451 5.388018478848968 67.118243412074
-6.126630581755403 -2.586479261545237 -78.48149938456825
4.548603796670051 4.403703271930708 76.00033901881977
3.6774715343869224 4.473610011867288 44.90764810912111
-0.47298616307880437 -6.747019377309913 13.273246457416047
4.371969615438482 -5.159019985361736 -96.99582351223407
5.8942465884127255 2.438848181102725 65.66668845664135
3.365124753194552 -5.229983548495285 57.92953839130042
6.5814858898436706 1.957320831036623 -83.33757660248833
-6.036762152149046 -1.5235271057014659 11.474708499325
4.2664094650918925 -4.324800034280614 -66.71173043877793
-5.125403973196966 0.5671712597650568 53.82746757735383
-4.464506697089596 -4.503989140767801 -24.057198118448763
-3.830259295644618 -0.5418153385247414 -82.35564785043621
-4.379807705835129 5.110242220316734 -14.522649984607037
-1.9747233726781892 -5.64554215439834 36.82111226499465
6.306139546094916 1.424609599753235 1.397229903689245
0.953023625732934 3.1772113249248948 85.57271021945918
6.228039619050493 2.4839818969904295 4.516768633564686
-3.182157880704602 1.403749453882552 -67.99138892085155
-2.315674466429681 -5.62230361364191 15.18877222197911
-5.799732974332684 -2.091778155981118 37.41418434944196
4.38738070346408 -5.293671801491751 40.709598969004745
-2.261961326089009 6.092057419377834 21.078349318590625
-6.460020947135051 -2.5037866853307245 -92.92126636008044
1.4891926195725198 -1.7412300270475005 -67.69201642806665
2.329883989862419 -6.2579509127588855 54.93815629536822
2.0418392003756103 2.9860928327327936 0.22742172805271724
-0.7441097160674277 3.2755450331034557 9.095928014612271
-0.22888775795245198 -3.424934970945842 66.68291125554089
1.0319523211139707 6.454063862148952 95.46603541221914
3.1315623832932684 -5.946147034733059 -53.06135628030234
5.961433705496693 2.619731140251937 92.80426590981814
4.208815487974972 -5.264049743634059 -62.476375727227534
-3.2608391263008363 -5.289147078128472 42.649784923113565
-4.9663636532423805 3.9745709695599007 -37.01734874592106
-4.332593382083165 3.9198608382496736 -84.55544177409107
6.340248828950997 -1.8385513088345988 14.374957730991497
-3.455921492725113 -4.607608770037788 2.7984026378541476
-6.086900914212426 0.21126461711631883 93.66502790514593
6.439160702648936 -1.11454349327775 -77.80083721120346
-6.494080161426048 1.6414599168743345 -78.7515023294528
-1.5088975619208151 6.312392913016485 49.66446452618724
-5.597588908207617 3.357402798967829 29.43710148140878
4.536162717935718 1.1263711393129139 54.767705726450494
6.563368185271882 0.42046970023558305 8.644563564192804
-6.064490363311345 -1.9945683919968111 -25.60228065099857
4.270535847388166 4.8491063120288835 11.296931511971067
-6.346083166176635 0.9659770286319718 23.890484425699192
5.019940114754105 -3.9820235696992854 86.5610079663347
-1.6453956859811303 -3.1362334666724294 46.21982987528776
4.689647377822696 4.39929255324129 26.32212537751183
-2.8981096041262147 -5.874470583832515 -66.80383453886103
-4.022995115334882 5.002660079112881 47.78138094215879
1.138056764423946 6.184647040869635 -30.307777971585878
-2.0612850306148953 -6.103859727285473 73.99007103935617
-6.392661774177483 1.7209784289084213 -51.594561911048594
6.401157229653168 -1.1242981660109002 -37.26794912364805
-3.3205392143292483 5.924230201222512 54.52160330152726
-1.4025284334996968 6.631155631727104 -78.63208274635302
-3.868625655667153 -5.226951545961349 -79.08505882672193
3.1577508520333355 4.870468798116077 -65.40393700659087
-6.095079100958426 -2.3153513708507556 51.548574865379294
6.5876539007828 -0.03154229069224195 11.775449594295896
-5.813716174139311 2.3616597867837585 -64.50851528290654
-0.41348283597717894 5.624535171133739 -56.92335764351932
-4.075601662795797 5.500622643964056 -94.65220461629733
3.505398971118761 5.092857314138356 91.11182240143413
-6.331171482288533 2.2773551594205372 11.3155887777098
2.0842950830784006 5.12972653136697 34.638941850543766
-5.306829246370213 3.9169925500987506 -0.034644499694808296
-0.9523559244417066 3.751017182563481 -97.95142807256964
6.625169289067113 0.13981578230257408 -2.852122969279229
4.647898164448025 -1.3120238665361281 -65.85419852950986
2.402342162568928 -6.040081106043088 3.079969290104053
3.3170512910867513 -0.6404468476234242 9.35958379490801
-5.563116161523833 3.660702341295836 24.05123029210852
-5.862697381296932 -3.222344327188113 -58.57158606087843
-5.5000362860979815 -3.6887228572380737 84.079363290907
-2.827890017875012 5.981098241581299 38.618728302916814
1.526754123751499 3.098345626233623 40.48320503941236
5.9020671566146286 -1.6622583017668329 62.54452197802517
0.14886549213421216 6.808253070425543 0.8817285376332193
-5.906160579988411 -1.263035873895669 33.89507495700322
-3.3745258204029 0.9296521828338818 24.08613273977258
2.689639846079705 -1.323276629267741 50.76762700217278
-2.6371818287557836 -6.037079284248638 80.16936706463096
3.0281480575473596 1.729836552309128 -26.304265552201077
-1.5262781239419403 0.8618840610607881 -53.34168849952046
5.661450528117839 -3.8284956189992747 -7.685594619183955
-4.0236867409139006 -5.197918650388226 -63.891412239236104
-2.772603648319363 -6.262932556039187 -97.89922934663832
-1.0202299502525483 -6.809237297071241 -95.12268680723226
2.9246423162941872 -2.2983922284464122 41.89926351983861
-2.274978505362404 -2.365975553352894 -19.408651172212856
-4.397123569227759 -4.7158420121316675 -9.316467318024639
-3.2654432827142497 3.972867443048086 -28.611975110183273
3.5888216423779213 -2.2219550851490997 58.37407153897673
4.044839188704789 5.140863675175492 -43.11540630868988
-6.028200044331729 -0.9008583871796506 60.79081474164836
2.3118973213721388 -5.194074835318514 -76.05202352387461
-5.205769047587071 4.150395355995014 84.58096515112229
-1.7599681434282586 6.117793267357077 81.80830326057928
-6.261171323422047 2.2962551727674527 90.73495570202918
-6.597805638868993 -0.944784565801305 71.39407903194113
-3.3944870692065336 -1.6902205643022727 -34.231108151412506
4.091798212685362 4.2926720164311085 -60.65286657333146
0.6253876319074487 5.861546506063379 59.96006846119487
3.0867586863900742 5.684558072012743 -27.498712772252993
-4.11098513628492 -5.0616266715501 54.58253412950353
0.3714058109777672 -6.884307697001976 -67.60026940783337
6.277734668848257 2.5196939926104873 43.36908910913442
-1.1657999364613374 6.409778185998475 -75.36667532009382
0.45061589291631793 6.654625470948625 31.115037538237598
-6.840481605064738 -0.28251200654615993 67.30087116457138
1.7871378125990176 6.296540588483943 74.92798151105292
-0.27778198180995317 6.3206269379395055 45.62565083295074
-6.162140479849371 1.6803205994449646 -88.0001651591425
5.357531951838832 3.4914395774898352 -77.09551728539778
0.34605021798267455 2.2803487829507096 -83.80895922755596
3.2668043188192915 -5.738535443558928 -87.1579691595768
-6.287328926555462 2.3917608028218558 19.637517926632146
-0.06032026911915023 -0.7778213377607535 58.533065592907406
2.945440577193336 4.98078975160987 7.121919666479015
-6.5655811902520345 -1.9583813372652636 -85.9257165355314
-4.831333337514447 4.307981045440273 -79.44736379024411
-5.830083278816463 -3.6157168129459367 65.28743720483251
-3.5322949315128653 0.031457960234421156 60.41867992047655
0.6826461259502982 -2.176057483738725 19.93794710377857
-0.808167945690228 -6.19826963882057 69.34202915522168
3.395406570891431 2.2780927497523553 -62.948535942401314
3.418353343141451 4.913653308830063 57.6076246286891
-5.862773907361011 -2.769055500715107 -4.023312062546963
-5.9037172346228335 3.259401729189361 45.074826573363715
1.5697718326182202 1.2460129009195857 24.478586949433726
-1.222223391577973 3.377264700069928 -91.66236494976242
-4.619046692193403 -3.9791784436292295 -83.25435045274737
-1.6167320914676462 -5.802717134423092 83.12243837480845
5.988413524847753 1.7343294296821636 95.78501759011777
1.8779637508911544 5.613739534878541 10.051641779346602
2.2507083120624256 2.3860367664067206 82.02519512037607
6.2915069257624205 -0.4321679763131156 56.96415513712399
6.233099813712498 -1.193958576098654 88.45626366166248
4.8727599657545 -4.56213551433441 4.852153768624183
0.5722282929035972 -2.5428835584668086 48.80625271848927
0.5130221625466705 -4.342675017038802 -27.323273341290214
1.321891773041246 6.554988763633256 -45.7883086554638
-3.517117887808086 -5.070209633487926 -20.85496184965611
4.467107563360949 4.906429929893013 94.07790299878793
2.6728944592329342 -6.007035012092517 -39.80115558342041
-5.567667244369791 -2.077200008598826 2.881897599740138
1.6052526257958215 6.090458005664206 -41.55873184889023
1.3721628912352581 6.444111748816292 64.59527085379811
-0.04536461420151064 -6.5357772523726245 61.90872079340862
-6.131462907152107 0.49143568312350694 -66.78578209470082
3.6194993294333186 0.019268980557728854 89.01743309980834
-6.671494490483452 -0.1591903418550774 -31.161297653713113
-6.725009816592168 -1.0927914409886466 -81.25643293017272
-0.6246427509978624 -3.6892493132213002 56.19344888312278
-0.4313046876128587 -6.316301791139089 -90.47756348505423
-5.130748859952395 4.185400661606633 32.8424335144095
-1.609339652401465 -4.372528869966651 52.00814478907908
5.860292709979953 -0.34815131118176723 66.07815647481674
1.7933078671944136 5.661881034372795 -77.09298750903822
-4.445293700408171 -2.4542161261004503 87.7155216740737
5.548602005708035 3.550345591399548 -16.61671981419394
0.9113183793764409 -6.693584904731661 -60.98909411052865
-1.687100948067489 6.513576652322563 -28.249861556367446
-3.162744200039252 5.632191963134827 -2.4768638814624477
-3.6048737339247885 5.288904969527253 -21.640581071533425
5.590407757323061 4.020727633405003 88.94294587848263
3.4260687794806697 -5.380268052937636 14.237948507607262
-6.593261944882288 -0.7195501603995421 -43.81461793980148
-1.1481917196644273 4.539643541304032 -81.42725612703505
5.112321706355852 -4.2570636757651945 -0.00039257246405094426
3.57103055967747 -5.357070697376764 84.10184145448545
-6.406774430512446 1.064793375343113 64.15278218533203
0.4639886937283161 -6.790010893839053 87.71490106091707
6.741806054893315 0.8205076083446444 -19.8013328606594
-2.5497161706608233 -5.731631214331885 -49.901095584554014
-5.097835619974792 -4.488011945305776 -86.61804293179924
1.8819771014874338 0.8679860933741164 64.96490179596081
3.0739425465385644 2.2468312012010254 95.32308248428978
-6.282300804562666 -0.1224425379640138 -12.928236118815729
-3.2271971366591536 -4.57328175572059 -89.39314641690194
-3.8917648249573142 -5.085596042100894 -74.93290065221169
-4.812981310617431 -4.454096211384168 57.864209303369094
6.895972451554257 -0.23543263455823488 -23.858664648079063
-6.263532864272057 3.102592005643468 96.29353476428149
1.3185235699962 -6.3245782085931035 -71.23045566343541
-5.480585470840071 -3.832977954024894 80.23426000543392
-2.803229871434561 5.123068855918594 4.013160864087591
6.225186709146076 -2.282210470241009 -95.60281959173886
0.7985130144392343 6.727847306845856 52.693439462484115
0.16485295110071221 0.09283955676130792 8.946959812469995
2.9037193716591845 5.361697770196947 68.45312497263353
-1.3548943577670427 -0.5105739525486291 88.45341901886859
6.4369014350969085 -0.9877945888839876 93.15581043861572
6.442296034296567 -2.138613698842894 -42.533818188726976
-3.3044984051124295 -5.751958445066909 70.81873992543345
5.355139692632688 3.9904380136619184 -99.9095559711926
2.6582316549223823 -3.328323104602334 53.13487799953664
-5.228302668794777 4.177883795509768 -10.997558018427648
-5.7360788157542775 1.8782701944903955 -33.18329685739364
4.916901312621829 0.5712754282638659 -47.94024475520784
-0.7385021689201916 6.444038886386236 98.87555601818879
5.304267522106895 -4.217343325329599 91.47631944364956
-3.3336013871782932 -6.081702207892175 -3.721164666025979
1.995892871746579 -5.666516279036035 34.31754773322323
-2.2010758246564013 1.773116222314064 5.92367022934164
-0.8576001163923948 -3.391682194311063 22.542983265337437
-4.020616916662976 -2.820187605028383 69.04307757303377
5.618307991334215 -2.0547474313734595 97.94715957485812
-3.836001309231874 -5.470641401405601 10.392488041614692
5.669627650756947 1.728208958625622 75.35700130354992
6.381102412723802 1.9057028465191914 -42.19653926292175
-3.1188199954931957 -1.5003078193825559 -28.65943737848421
-3.842441039162782 -0.881698596780359 17.160744296474522
-5.765176558038574 -3.4460981750606083 -28.345851895218477
4.460417737025826 -4.033687811015565 -80.39997263738901
-0.31402138235665855 0.5502859700778395 -87.8946463523045
-0.8958141179614416 6.439715611072484 8.607400529664057
-0.8205786912198968 3.2755945924516703 68.52705480400692
5.527930124117147 -2.4023047438420084 32.613404522894996
-6.068576396973189 2.1562633476272683 74.13544132840813
-3.589705107277791 -5.074008113659527 66.94617927752897
2.13861810298038 -6.203611169124585 -94.35359234091223
4.232900366321445 -3.170700479265653 -45.861543702295364
6.252869020401714 -2.5236889088247976 -10.659349579580011
3.680246299813558 5.704665457610092 -12.07675098516688
-0.8034860737641231 -6.683158766090381 -8.7832252486608
4.988711632488225 -1.0680935942336292 74.3471532301855
0.99072062326602 -5.795165526518472 -17.79985719074235
1.7304438724475633 6.544804788692494 -59.04074252844966
1.839949478337845 -6.52471505335555 28.60951988331244
6.396225169618601 -1.3210297552528263 -84.98901419180369
-6.071546542485516 -1.9238518512559146 75.53687635239525
-0.3576870897834272 -6.554323430139655 96.30053195849578
1.7278435644917756 2.510805966978427 -56.75784418161411
-3.3733191743672735 5.799379757702668 -76.96601933015714
0.7682779032856349 -2.851825256656958 -30.26145490905325
2.036726858593236 1.7650319193710098 69.99335493973328
2.9181266276901114 -5.851924874294907 -90.80097736206328
-0.21473305766789053 -4.110228678068378 -56.76161582090522
5.415703078143319 -3.5805785421069087 65.89363337930982
6.2487647445321155 -2.152249433636016 -53.74887580547402
3.822807102662794 -5.31706596601453 76.18887158505332
-2.462062267683456 0.21105404804462408 -60.103979779995406
-5.495582019063281 -3.690432532055707 40.62170533319366
-2.708174253377273 -5.500739855598818 -53.67448190864597
-4.073667226794409 1.921618240243335 -48.262761342688286
-1.7276590579973596 -6.51988428785058 31.236803088382644
0.264575205350128 -6.816127842871602 42.643974344467864
-2.3348110218292573 -1.7740418203490549 19.715874305671967
5.998772014844368 -2.888615430744967 -92.13169646241339
3.2773303655033468 6.065499716533846 -0.888618535938209
3.145759718939138 -6.00402787791747 79.66355700820776
1.1364955167599873 -6.285041720605538 66.52629066964421
6.662907083666987 0.6197003721777218 -68.47678735305648
3.05873278754235 -2.2130882091920845 47.11398189192447
1.0500501787680665 -6.522079447949169 6.7888430428665
5.549155162701764 -3.4736641143554325 11.47594576039601
6.208265208230608 -1.4257851741746546 0.17895272480346125
1.154544366810167 6.742932734406109 -63.77444263214558
-2.6956975898999853 5.98874322030066 14.883407738976429
-1.5798233736050982 6.000931500036624 74.38673545826421
-0.2811756397877406 6.497744444506393 67.56467623671719
4.891586673839975 -4.722945490266461 99.62056639242957
3.5563199718609724 3.448385654046999 -30.31956976712053
3.1573100709842814 -1.2298072629280363 -50.70196581152187
3.4292450562301973 2.4063929043147163 -19.08040529121428
-0.4280975492470205 -3.629284047546223 -34.304528284267064
3.3101833255023174 -5.996846413495843 -19.874918398816654
-5.420955128348303 -3.5213008020825973 18.589745458006597
3.385556392594262 -5.895176116324935 -2.260151312969219
-1.5145673087178837 6.2734587510521385 70.73938403049334
-2.5284500231660876 -4.168667132132836 96.74504867385043
-1.0774168686361916 -3.6655292436007576 89.90430852125067
2.845255783081702 -0.39149871845347683 -56.027081961393186
-4.66380802782454 4.174869698542118 -51.852199798893764
6.786306385805228 -0.021099446251802986 84.71878741700587
-2.446222140442263 2.5959562110778522 50.778226830581104
-4.150916794262356 1.1190241682443425 97.9754769347439
-4.660827678262812 4.704462892603945 -66.1940554718834
5.7346730194211455 -2.7957634859875466 -4.6499000927152725
-1.0450841922477039 -0.010944803797590968 48.82127898095964
-5.674746942698266 1.8449112034690662 -17.73046825906814
3.6036497399174072 -5.5515241339086625 9.35642099358915
6.5326285597721645 0.031100662334329315 -89.3744886992934
-6.018190327460764 0.12046499809466904 -58.88980718641048
6.658046736730797 1.2934349951655255 90.2199837295095
4.716894010128148 4.658153611112104 -24.989331020024938
-6.097848732856132 2.209426957576575 50.90974962718714
5.553482632631671 -3.3254887314541572 53.47055224529537
-6.582866452289317 0.22487167370079494 30.72469768825579
5.016530299927382 -3.4603916632683736 -70.47798228137269
1.2939411871895419 6.4225322595314225 -70.16656964228888
-0.7792798895407926 -6.602852724715552 -14.654401493892202
0.48323424589862074 6.705299046446671 -93.11763968706582
2.456896989720006 1.8225900075697292 -73.56715402830673
-6.420105717915863 -0.3939755970741486 -36.30249255327352
3.818000431903151 -4.834752142475816 62.14030315975159
-3.330191883668422 4.732813125167893 -34.3068138742623
-3.1865792852051102 5.536968147839797 60.4169196784271
-5.25429689849236 -3.8829346052021454 -14.608478194561231
-5.82522264626644 -3.695701798527853 9.253457317065255
-5.9225848688281575 -2.7305816087458346 -38.40136283895865
-5.083541025528608 -3.6102208512556686 13.591602317226474
-4.195742164426015 4.0051477384539425 21.04178195344265
4.278202506534173 5.197182812421603 4.3246392582279105
-5.89537262263438 -2.0077532008300203 -88.97080597908858
6.782088684778008 -0.9059190321193581 -81.7625628317855
5.561914994068292 -3.513801075311751 21.432571197638804
1.0568014406038388 -6.10209211791635 -98.55307377508576
-6.871016130447846 -0.3949422164556464 97.26527610517974
-2.9991746208590255 -0.6215983682858697 -9.308109602508148
0.1796846454968798 6.440337833258911 -11.072786317065853
-6.257888678829363 2.118915489587378 -98.93367832023122
6.265640003931313 2.7241533201789077 81.74636457141091
-6.855255640345143 0.12238615038343131 -40.78254954671748
1.0640668668613458 -0.6420555762459772 -35.83987254307841
-6.700408820713975 0.7395504157567476 -85.12869741803429
-3.3634335773004347 5.614378060829405 6.77043030700831
6.6317886081956985 0.1824973231814414 28.603729069884825
-5.853647049564542 2.6442865456294267 5.319013488931281
-3.532757220046868 5.689418429148416 88.92194033057139
0.20521246718200944 6.37765682928009 17.56548773957566
-3.315458794641608 -5.98100401831859 28.643554825065713
-0.6120298489843479 -6.605910588364425 -5.377997932015038
-3.244278751185182 -4.35830722572832 33.61179011165327
-3.209366340760264 -5.789305575521369 -27.28828753788552
-4.9468928015802245 2.809148626472975 -57.312876588664956
-6.395224452493324 -1.7315171446087265 -46.836324669140424
3.8541587103104313 0.44660344016740217 -32.68104405709517
-2.8194169352299023 -5.876868282755219 46.513122578614094
5.630194954978235 -3.0940675198074152 44.73368750186359
0.43064588672388043 1.3553043978246857 -50.24659114141192
-5.732934232086912 -0.004714198634429803 27.12530824720524
-1.3345299957400452 -1.5136170908852433 52.28028417102997
-1.5533980756180497 -6.407792495191315 5.08988465072575
1.5467348447496587 -6.575539651764627 -23.1832649790158
4.528602001965912 4.755189487665477 83.95982187959963
-0.8617871894731806 6.732073703565687 62.52891310656375
-6.822089499158975 0.05494816880618031 78.74093223007827
-6.142626935858638 1.4729686871872074 81.64162338696264
-4.235139358791885 4.691026102340627 79.16357895810657
3.064590126939396 -5.2702502494643815 -58.70251267748639
6.661397455969806 1.3404504405570865 -35.14157158112612
1.3180519690196095 5.995991292938189 -51.035740975803556
-6.195491331105135 -1.3830602993413388 90.01199465085644
0.003192823544448248 -3.552454931870975 78.02102642098815
-4.478499100645603 -4.76704538139971 89.61682292028603
-4.039657781990773 5.168373100341805 -31.311175401030937
-0.7605028776318797 -6.264289614875644 9.939510649498215
3.132056764472496 -2.887960075407818 2.391512451313993
2.1272664355049113 6.486803244929557 85.75921963732854
4.636999165112356 5.00115752793969 -91.63002841015616
-5.355234861612153 -4.056829585937963 -69.00097135957684
0.45217404067039235 -6.527825741861541 -83.89585773022146
0.4202306099407551 -5.235877227808295 81.26303159111318
-2.9906843159095002 -5.559910196905615 91.98902761484483
-1.466735220837435 1.996032372499574 -78.95067513463034
5.5605763166727815 -0.47528228755942536 -29.81425131100864
3.9646471615532004 3.3026267942344663 -45.980186085544496
-6.373833798743264 -1.0317794305300498 -97.93621397714513
2.1855907931362757 -6.21377502383316 -65.11545358248966
-3.956638510762799 -4.541994867464088 -34.75682437017338
4.947135558324738 3.9723859943943594 -33.30123567141463
-6.3535445550752465 1.79579036287859 57.783073926112074
-6.537966001590458 0.5892485605690213 -0.3101735618033989
6.032226077482701 1.4830732192519949 -26.71443689920613
-1.4642356448587872 6.050057057870733 -25.384451864487183
-5.457584264364204 -3.928143425605623 -99.27662340063306
2.053959565014753 -2.715661638159662 -6.924269320780615
0.43671244576249735 -3.786947819495339 38.59229379439214
-0.6676653672084689 6.569522804076086 -47.81582455759048
-6.188157768644384 2.283411422067882 70.780374917091
-3.064060637523437 -5.913639530597825 49.57896086819467
-0.5556982495939843 6.472094713791633 56.896534647845414
1.604560460863696 6.452758331444088 -85.59107021595422
-2.503212742901024 -2.156187822746613 -97.47908437620512
-4.454145562578065 4.700629006228416 -88.19270028634254
-1.4677723184424938 2.8978046068504044 -58.3475170316945
5.5498041979736215 3.4962569555104275 23.62081165795702
6.093838295823466 1.6593543394963806 -96.6855092595031
0.4572859113207086 -0.3684730488597364 96.92066373716786
-5.688922550698948 -2.53512557001912 -71.80913213704675
5.026479615323901 -0.9682187805569156 4.415725985419736
3.0871572126508995 -5.740207154339275 44.51594106650283
5.123775584543385 4.15331107962667 -49.26959956125001
-4.200627809738464 -5.019155129380194 77.25643025704767
-1.0703821780465592 -2.558581177491536 4.587746569053371
4.260509296814798 -5.106035876290408 -32.37369919543499
6.358935658795234 1.7804480784268755 -38.998582324967714
2.9927271896026575 5.8471313083043395 -15.665536574450357
6.20918475111953 2.1913754417471223 -55.985235398700134
-6.279145832577355 -0.9942859989223614 21.538484916731672
-2.366684291322766 5.737230927294167 31.128844241021177
2.3514740953673567 6.285228673290579 28.646168571197755
-3.269588729734179 -0.5769570263742891 0.14430930840244244
-2.093771831213971 6.325308828339454 -63.61512550745975
6.109273361851774 -1.9942217969027805 69.03102287816341
-6.750469397500653 0.8632454084773714 -3.8121892842480603
1.1140593959255425 -4.582911980620674 -50.4444995956242
-6.63163407576729 0.2040557592075204 14.594399825843295
-3.9532280175100474 -5.439997668763252 -42.494551326475175
-2.8265789316786054 1.9968107300414364 39.384585300538234
-0.28599458848028747 -6.519161369161926 53.50672199085757
-6.100146014065355 -2.393869937486775 24.548023919155053
3.9486165061774394 5.081895583539873 65.03397949486741
3.8606049590358777 -4.709488488205453 -83.9122327488675
-0.7135889855685764 -3.397174346133947 7.785030703422376
3.4918085034107413 -4.957924490316074 37.32538717530128
0.6444919457361241 -6.8135629932266255 49.679817832954605
-6.080432148535094 -2.5776060188208443 -50.115651777333625
6.27233437828555 1.0222731290333413 15.270801582651576
-6.730766057691768 -1.5759995878264172 47.727529874689736
