-3.504506734013401 1.3301598744001284 -33.94951151413337
4.203971341112567 2.4965070938415095 -87.92602126093318
-5.120483870185035 -4.315405424276501 95.50715840517519
0.019070743346350158 6.485347010621288 -7.403136526134927
5.3789697991485275 -4.287993822418406 26.906791982352658
5.940295128892931 -2.5067803901134704 49.915390157092
3.630084282808955 -5.235053783691345 51.67632386213223
-0.47271018674318643 -3.9268927720031805 -93.00364667599239
6.672996797139443 0.449784542337507 45.99079663677185
2.3758908586517697 2.4984686496101336 89.74139735596229
-6.503917944800616 0.3600465068080374 -8.391677722249124
-4.0508276999871375 1.4753705811166928 -37.4585620020577
4.241579896178972 -4.956168492856927 -28.574903370301374
3.6211351233058413 2.2495421007200833 86.2585550293348
3.484889478274116 5.929449029877274 72.03560857036375
-3.467242480690288 3.0717953019068704 94.07201717729612
6.175279359563767 1.3677882057677426 41.16972818760209
-4.980572909617269 3.702117844816154 14.569300087778144
-3.6557334558315726 -5.6516926942902375 71.39554373857452
5.3516807116294 -1.9840050136299345 -71.43117629590468
-4.2814174192689665 4.860663308123168 72.02362569886472
-0.8034523646145402 1.2549436949831108 -96.45567125922905
6.283064246083391 -2.2500584459314066 78.82033691112876
6.821702395762445 0.4556357678424843 -99.11619520159685
0.7694871449962556 -6.307423349702301 22.600425093479007
-1.541507751065185 -6.316636326638748 -73.9655744889986
-0.636863123918598 6.65026966110286 79.47966733128638
-2.5154378400941897 2.516393619475589 0.8137700620046516
5.346142198038328 3.302623959592197 9.04218424795242
4.66532952216377 4.721555374855463 2.1348924121283908
2.2615147839907066 4.911944674104145 -55.43293482917136
-2.825291394139064 -1.4537258451142034 -98.50186301114068
-3.170885437864748 5.684433120698948 -90.92633391038869
1.4645885250194322 0.2662257578507695 -90.52197681107745
0.5002493416565672 6.8393073748636475 27.426834940791338
-4.022342727016619 4.984328555586334 43.09354958529669
5.411297308308684 3.583197251309315 -54.86445559971177
-1.629418260445504 -0.29349962506514093 -31.229357191887257
-6.65489766923002 -1.3329127096954483 -22.184268912382766
5.234475228538793 -4.066751994163198 -24.850039287717696
1.2177204561614514 6.405166952785038 -39.23283527550351
-3.072152850538467 5.7683217531816116 -50.19657746008247
3.3905097279929373 -3.3182617890523995 38.01425383660752
-5.04787821889927 -4.373387665678726 -32.04808445578947
0.22624303146625685 -3.5795755716047486 73.79737421040409
-5.6978991664974155 -3.469061055831628 27.90992522613003
5.70991677481073 2.6543049824814773 -51.30684639708371
-6.3103792114367385 1.4126614501502939 -55.35698022449443
6.69896688053327 0.6691235779990654 -61.209333696828736
-4.2401544003463485 0.17870156069389143 32.04004894171253
6.454178729581498 -1.2386862250655204 -74.27793476989345
-3.764021036470406 5.411046988757557 -45.99374050675596
-4.953888036042068 -3.661826892483976 -14.802334502790142
-4.991791672688253 4.533048360838217 -70.91276775028118
-1.6611454025358756 6.198738413688635 85.24366785218042
-5.712308524772174 3.4611127767488155 66.35680751075452
1.4476262392811705 -0.35296227911238587 -39.145833194230356
-3.0370554509591257 -4.949498032936594 -87.21217435404581
1.9008850248912041 -1.0097944437965627 60.97247382860678
1.5681839483633873 3.976471683909494 77.43708018944119
2.7877711685862403 -1.0754779030902517 -94.55447490512124
-0.04833226033584781 -6.834785189981464 -43.61791078515491
1.51837334071486 -2.6537048745568304 -22.06016493464195
6.236939012109423 0.7196873875258363 -33.563761515886796
0.3278612294955679 5.037923887175193 -13.953085816888382
5.821029731887417 -3.1481245463570153 -59.09496603400637
1.4386174171932404 6.504095972834464 -66.80646578064693
3.577265676045551 3.1548436668318707 -93.8574716126978
1.7892811155267996 6.657286750931354 -82.7757135364846
-3.9700278482248623 -5.501930263260906 6.448588999599301
-6.026654744012686 -1.5875035103944568 56.12362114010949
3.054446848165637 -5.7672580773760265 -36.57504862672982
0.23123741005318554 -0.628587196763583 18.090711880927543
-2.219273446561468 -6.030547763878508 -31.70309074302631
-6.035198820858742 2.246402540265056 41.469211864941904
0.5922498618619515 0.4543519356879504 -63.080977853012
-5.840439968588898 2.848691511056934 54.246824212014026
-2.0678710030314047 4.901898453273422 22.434540786521094
-0.6603101220795566 -6.176799833338315 -1.5440459398439357
4.236806008156888 0.4743337605351196 43.441331721940905
0.7688751093420297 -4.319720453754878 10.311291387310899
4.716824952171721 -3.8973937113467394 -11.740721205168612
-0.794219378432079 4.071434512209862 87.30389861683155
-3.194317985775766 5.7720008244766 66.75779103048603
-6.260071144457881 -1.286359013913064 -77.33609144161987
5.409221039587638 3.3714735809578165 76.84281365684765
4.906933225978202 4.454082164414386 46.09657110824016
-0.4742212403500641 -6.851856742508252 13.68985855717262
3.377654186578173 -5.541324912957734 -96.69378347981976
6.175805022438486 2.32161864144393 65.76733534377192
4.092110857044558 -5.010597217617249 57.275868278913094
-0.19067077590812775 2.7288352325306366 -81.20753668485149
-6.248137192457256 -2.184626706872998 13.982995328092102
5.671820711905529 -3.1558894152331085 -66.34503943793861
-6.430461350728217 -0.7218638784239286 52.902551599587824
-2.7130806133154697 -5.678740851713811 -24.43755444710177
-3.977460274338016 -2.140091835629648 -82.95566140382329
-2.5928937331006816 6.024413823776087 -15.41997433528551
-2.3402467025285265 -5.798744765240373 37.59532754100166
6.6507185869938334 1.8275561928435828 0.961782333649521
-3.3260950917183476 -0.04228718585766489 81.0340918716863
6.537918637857838 1.9074310255409184 4.624832465869479
-2.104214856379182 0.1154192632116493 -67.1953613984407
-2.390650988351822 -6.283901231475669 16.33214694729566
-6.227672215577495 -0.3111009093831599 37.981957431817904
6.541130366041879 -1.6156438837082279 39.339022306103544
-0.9599259551633599 6.1543024972346565 19.79140218659047
-4.92725543305419 -4.213243511516928 -94.34005062600224
1.7315540355464378 -2.601592143754653 -70.1953866251855
2.8192964388971666 -5.709778775401858 54.376480142465226
2.8968308250584145 2.866589122622797 -2.0092194495881692
-1.043978486994416 2.7045429121148734 9.987304995804571
1.6889223677504257 -1.7359937782779484 70.74655123366318
0.07896937615385141 6.661990331282796 94.47749999010622
3.2594073560615247 -5.775230851290979 -53.73391916610312
6.0057701672717565 2.6852632051859135 92.81417019130703
4.270686611651552 -4.8597877699023755 -62.09098286275831
-2.4407278204279255 -5.740636282248101 43.270284655099125
-4.175173124810008 4.792410570174866 -38.182680092832555
-3.531304320923782 5.499552888872615 -85.46284750946505
5.502323431299068 -3.4942330601183356 13.206639917606934
-4.161863066671349 -0.9132599430321662 3.5327059688085676
-6.412022132671187 1.1624337863358412 93.50271044002875
6.724598575577481 0.02545496659856515 -77.5938395694805
-6.195587147432337 1.629724675446927 -78.64742856843031
-1.8520813406779115 6.237195360259365 49.18800522806712
-5.381483657667052 4.0006906676009875 31.1550747036776
5.9355785176575 -3.4187005353876794 53.121840348561804
6.845917086791276 -0.7261386945525281 7.40810621763149
-6.5755888832743725 -1.4090637776363883 -26.892701975901062
4.099731556249847 4.237672994308916 12.337983500264047
-5.862330466838208 0.012862779420544257 23.39374143014329
5.257767913221577 -3.751851269501569 87.04811058793588
-1.0867536105894573 -1.8281160421401068 46.69766286124256
5.423222563046734 3.7827656203211766 27.447035955228536
-2.5544622755234205 -6.423883216986848 -66.31878778910651
-4.243610016231445 5.2701026915104725 46.980753917994306
1.9343044540556658 6.478282812998548 -31.07808143645833
-1.3771519771070004 -6.2325084059952145 73.6595172615728
-5.93587540215713 0.6718479232948866 -51.248641311595584
5.98643798715208 -3.2433011693279012 -37.768196533132986
-4.196626586625657 4.949053040020561 55.87183420836085
-1.7008908810007237 6.4458837001771085 -79.96065895196973
-4.345350153362509 -5.130807241344697 -77.59211106678973
3.6671095390871127 4.733670787525846 -63.5277083427371
-5.350459358765215 -3.5705021692852137 50.871872775733635
4.287451928855873 4.424279507106784 18.754839102938636
-5.946603958346218 -1.4093571241296192 -64.8337036225712
-0.1934903338082979 3.3296432307593227 -59.325586299474686
-4.328717722555164 4.650878403816773 -94.22161588191885
3.9997786892296667 5.040271019252634 91.0496856664482
-5.425623962692735 0.13268465288973202 11.55161053504559
3.825087608644577 5.059316501533261 37.92924852160617
-3.6582800496899224 5.538591158941446 -4.232411161283645
0.8029291172430124 4.717001887083819 -96.43232796710218
5.855811775570582 2.825864332525848 -3.55585077040289
4.726902541429306 0.7504835800109321 -66.93524334119057
1.3526758132261287 -6.130513349822972 3.2176542206261107
6.272849572532032 0.8186452882349803 11.587680961883272
-6.274069100464079 3.022012063098532 22.37151158968292
-5.430216605511595 -3.6880511964129807 -57.4580320680001
-4.44556823943039 -4.369481673315107 84.62497647127294
-4.084843818258418 4.261740860552632 39.50466392659318
1.4989347275605283 6.329605388079542 43.16524877299619
6.319793899121719 -2.4423454994481184 63.70027824971515
-0.1200123659529222 6.573683331072535 0.6369641829083554
-6.537439230050076 -0.6837165476250215 33.93730323194622
-2.4904568334991692 -2.2061276820927422 25.9641232761744
-0.04780193382997566 0.6121450836368534 49.147849711972015
-2.349155871627649 -6.492097084744603 79.59764028055201
2.389444792866506 -1.659161563184628 -25.43878794753984
1.453647641376104 1.8979665870512847 -52.854929424016625
3.7572044302921777 -3.8461891087472035 -9.03983852630879
-4.601711601753785 -4.824533045160415 -63.50346262527675
-1.9864934006759054 -5.770089589147831 -97.7504241189262
0.5875683540203553 -6.740978409958078 -95.71093549147663
-2.0880999720091125 -1.7836416991884396 40.50059917433882
-1.522009842318451 -0.23901643496819208 -16.398052711220252
-4.690007452109882 -4.747274652527572 -7.543073978258527
-5.577496534726813 3.484396063302761 -27.697378769172083
5.853447401223685 -2.975093668043218 58.64750329123099
2.1232581030589137 3.45236404580604 -41.99017292775708
-6.332812891526404 -0.9769822937722973 59.923909371974396
0.5688799195355885 -6.358545580824544 -79.6078445237338
-4.750911932193065 4.549375839647184 83.85972748838292
-2.1220881279482233 6.396368774444833 82.05205297521228
-5.5755535927334305 3.1307218648019366 90.8964746583952
-5.8015925717169745 -3.4393380800521838 70.53744794392838
-5.74637794399854 -1.8362769231662133 -33.42761046867073
4.13049041574181 4.985775127998965 -60.78271484525898
2.570721059605618 5.978377250162987 60.05621386132971
3.3816177213738254 5.652736904230086 -26.034630513392184
-2.4334188110890587 -6.27972740711983 55.207610182637175
1.1901186892406435 -6.590885727515071 -66.90038551598188
4.9306391205870455 3.8941657959647085 43.12612722681164
-6.431437090262459 -2.43657041341172 -71.4917313368306
2.0803789809544653 6.22386428816023 32.96810274057884
-6.253675583912065 -1.381713887802915 67.56504948931106
2.307180664612777 6.003849401098787 74.83960250844333
0.10976885837731482 6.431355848581725 47.14286337751499
-6.605196513654888 1.28561314910087 -88.49494830060384
1.5642577041655426 5.059036682457004 -74.04914328636315
0.3290642995466505 -4.530969454567265 -82.98709782133936
0.3575130968390348 -5.170802271204821 -89.04458258172717
-6.589585907450123 1.3063506807097829 19.156452238598185
2.475456079659772 0.3392621342456865 58.165425898837924
1.6314308832665958 6.220993007717256 6.03041259025864
-6.351476350895653 -1.845741362099956 -85.24304334846148
-4.653413532023695 4.167871734901512 -78.6501847447918
0.4062510235448905 0.30074498145793627 64.2119502025263
-1.6252844677030822 1.0530784535987905 54.016649134423204
6.533177717779977 -0.5713750337312964 18.66101078371858
-1.4616219881142745 -5.806127600842444 68.73982572792603
2.487101004639126 1.8305985332800796 -60.75184768335068
1.2236918280403966 0.6934341687389773 52.119560569372496
-5.889882486319682 -2.2295815465374598 -5.667069221315174
-6.244152098679135 2.3967605058450765 45.86493211045572
0.8795162191668806 2.84880601478317 25.63879988442435
-0.6266431324557529 0.8797188262591322 -93.45681387100825
-2.3143908303397844 -5.191716529888258 -80.64205301540247
-1.9670767777086389 -6.014508509738634 82.9940745844623
6.253309167664795 1.5756791583110519 95.5454206936417
3.4670950637933204 5.584967574933119 9.036936691236374
1.3925739517931068 5.828294343449377 81.55351388845129
5.924235769605204 -0.39515568400809403 56.52137265054074
6.270410726374213 -0.9852783152142318 88.46972444341756
3.692090832132971 -5.485639530017028 4.827886345022683
0.11624576982250548 -3.755803479623846 51.54107576840842
0.9109647760047059 -3.3661548461775457 -29.72273188466843
3.0232276728975314 5.991393968924761 -44.02382495775763
-5.585664046701828 -3.248809986541586 -18.857227681694525
4.7589231035935144 4.707333680223589 94.87935508461834
0.9151861311696373 -6.660432842902882 -38.988191851505064
-3.5064036656318858 1.1816741641820383 8.17302112884069
0.3812504786064154 6.410889293815651 -42.103277416946625
1.3852973088705602 6.600728946372884 66.08990020964686
-2.2603596640207866 -6.178690578960317 62.26377518891147
-6.196883044909059 -1.814551810192344 -68.3160025119589
4.310194191474854 0.35302296339709827 92.09416809575582
-6.399734628058881 -1.0396130213392347 -30.42719805118936
-6.156079740934396 -1.2448329892743795 -81.25922784464677
-1.9978189109162212 -6.295093959507917 58.304862325413374
-2.2700770637828076 -5.968383771599707 -90.1777144392185
-5.281411019897688 4.455446214798991 34.35318879001707
-2.404665450267766 -4.185612130072362 53.29023396690904
6.701920195844913 -0.6149923695991137 67.99721947146332
3.5214521383239807 -0.7597398499897704 -77.60163372285886
0.0056941484051494795 -3.569168615578956 87.26288360792617
5.174816717510145 3.735543778435224 -16.914990944678323
-0.29240518491086176 -6.414383395541095 -62.97680419510287
-2.6818483369149364 4.064600474861806 -29.836883642904702
-2.2308680727775703 6.20352940424542 -9.973607741429232
-4.362865946186165 4.143911966183309 -22.82488903259401
5.795223833672135 3.756725405881555 88.83201464492282
2.636122213774611 -5.86188432604784 11.71928187660758
-5.907967006080268 -3.0703566426761806 -42.65533623527521
0.9849761087186254 6.3677674551627454 -78.72677735597169
4.390315565988713 -4.560257750999124 1.07438779296998
3.994184588681813 -5.413982635377621 84.91998674354062
-6.634264178697498 0.2924336169668433 64.60634203195387
-0.10784269707793162 -6.532437834086714 88.50973005255138
5.979522029264305 -2.1119747313984356 -17.680267374299536
-3.994615071073838 -5.422658774479519 -50.27402211893693
-4.848908180147587 -4.327742207658089 -85.22344745134924
4.336086243621715 -0.4491369903045976 65.4375056175138
2.1830571383532793 -0.6321626755942105 99.82638346598989
-6.149484902596413 -1.6753984897032188 -11.538435510552285
-0.6486962332206097 -1.655157412362991 -89.02955124163029
-4.7081336285219155 -4.403394981859113 -74.77110080451867
-5.685221877361058 -3.8143414053820535 61.76585709463888
6.895934027935435 0.3647000078906068 -24.35392843064897
-6.214288302008 2.047309748432735 96.52459733485736
-0.35462303691109076 -6.945075639653795 -71.04120438077697
-5.2490631163613815 -4.135689265445705 80.12786550958253
-2.2870243876728846 6.000325276803725 2.7270306644343876
6.325661795441787 -2.616308913251965 -97.48626791709738
-0.20980769108508748 6.667608588318126 51.698306699214996
2.113080429226409 -1.8251729183185867 8.418441441173474
2.6446848486068064 6.236613495100366 69.0566761563746
-2.044422543953243 0.7684933368679964 87.80686749148866
3.081558836011835 -3.9383913857272126 94.30242251429205
5.706854213533688 0.5421138332564954 -44.16476287932744
2.6875296696599746 -5.018705945192963 73.06611681573501
4.804114634909947 4.14585674140929 -99.78576785321857
3.5348081768602397 -2.6407694453040103 54.767634013564205
-6.438140989103325 1.3564695380980762 -13.210325824049225
-5.401472324759432 4.087718491291505 -34.894356752184166
2.267996197246352 -3.4968586386038703 -39.81300354223195
-4.697532410242687 4.477576324023411 97.26668848199634
5.95390609000698 -2.3997755309234963 91.48155448683505
-3.3538333124836024 -5.56366192559147 -4.708276987702955
5.2289616644941335 -3.6238732938200697 32.4498955256861
-0.8891971937257458 2.7172195954866014 6.269135731091475
0.2247284103057201 -3.9839116660000817 24.368146108279294
-2.707311173702678 -2.9527411210625942 68.36705656605888
5.431049745309907 -1.276644253949086 98.39784949943962
-4.24968785906797 -5.389854383776046 11.022447302143005
6.638237616608642 1.4018538373762 75.36241672469927
5.36583293154729 3.4330708891398243 -42.81180449779215
-3.754350408803451 1.1092703605194636 -28.649904633139503
0.2290987058670687 3.123936446898605 14.909278408018464
-5.288034440791554 -4.047127161629022 -28.692996280693425
2.7346070284347346 -6.0573620528642 -82.4900480377794
-4.034595215593267 0.0028318063183350173 -87.4901883912901
-1.3788726799278583 6.243517899282985 8.845483684413162
0.9020725548140952 -0.9621088257614163 67.3345770689449
6.185905167700262 -0.42354044143985403 36.484025430568124
-4.611478347214786 1.786317379666934 75.58528256872471
-3.304392597687844 -5.848722125523487 66.24678907490711
3.06714878917051 -5.823564070059511 -93.85595080185246
4.364118966290162 -4.722409585875004 -45.56374805640141
1.7984717927034848 -0.9129368480010533 -14.572925007824306
2.7978649106529536 5.696832631943645 -9.583851105006898
-0.8752255382717979 -6.051834446074825 -7.918819571261512
4.169022621098257 0.727850803031884 77.40424863264083
1.6097734662057133 -6.373113923225278 -16.492295671755226
1.9526230669534856 6.435535988607382 -57.89263501360337
3.2073854539810016 -5.415707121956822 29.240780412905398
2.9198354063234806 3.306443050760094 -82.48958636530737
-6.28131691152564 -2.374266272295101 74.76620334450057
-1.4907308213845778 -6.682713692463473 95.89594453251928
3.045812010106832 0.38265491879968744 -55.96270024476358
-1.6908446577313812 5.333171855864636 -76.67974020855438
4.159978579312844 2.451784352411648 -26.057796778321084
6.241122751850971 1.2014223435801203 70.61431205680154
3.4482187272745755 -5.428972217239264 -89.00516410041097
-2.835869034043967 -5.635983872112968 -57.70464661756936
3.9975329247167046 -5.204216721100336 65.03722230034256
4.8538199606155406 -4.55103815829186 -56.43045565056127
-0.041723773006810294 1.7808048057642982 72.19271580893728
-3.512838313868831 -5.477976237076647 -60.70356407218582
-4.897646597358668 -4.399459328339029 39.15472211081987
-1.8889892639988233 -6.579805880453169 -55.143121182365306
-6.549124223922978 1.3683313853898478 -46.86576971974797
-1.2970301813833367 -6.560036872347128 33.37660174434734
4.515833094791934 -4.748790706899288 48.19389469429477
-3.436970776593589 -1.40422846348451 21.52766324131819
5.218268113676441 -3.786382010991112 -91.3235281245983
2.3799807403417703 5.768531864391112 -1.3797147167842854
3.429844601347349 -5.795152263877113 81.36990943228601
0.03474260215604322 -6.40192950360267 65.46495735249884
6.5835397217110465 -0.1285483061424132 -69.34314296912996
3.422216069623156 -3.043653751121911 45.92661556979157
0.7914443295157231 -6.787491920437732 6.609532227889763
5.564427096196078 -2.4022751198460193 9.778609236052253
6.45953862939456 -0.6398826870971246 -0.18377629405815385
0.47131401198476086 4.457649942261924 -62.91494082020372
-3.6856274527141943 5.330901638773222 11.796154132428253
-0.7570068719911237 5.803444992494196 76.78207046798957
-1.8400594517599616 6.329675898006763 69.36550433179423
2.8601931940126146 -5.6407070517678335 99.38539117087501
5.03343088514284 4.351773544593373 -28.626178757246613
6.435100382337394 -1.6858777409528676 -52.04239946958998
2.9581950160379487 1.9893155391060755 -22.633960591037205
-1.3746985952326463 -2.731460973564023 -35.53226514163744
3.6335827478428535 -5.79684826983817 -20.746062525777507
-4.853709822019828 -2.845915251922865 16.498517292202838
3.588697678019673 -5.3697962746612955 -3.343292167213405
0.07813389658764774 6.357710080615085 71.78362778933146
0.6862259000599713 -4.055223534006216 -97.64509694516975
-3.6830837690430323 -3.758287164484334 88.56721596535652
0.7201577996998147 -4.6390146952503315 -52.19705084667282
0.3326814586860668 -2.410012358653628 -58.1717197134104
6.734354794184806 0.6839918877968606 85.77718836842817
-4.093406049909894 5.216832768548318 50.88616885738096
-4.72162180223355 1.1291260166347188 99.27199361491175
-2.9461035501319484 5.063201308069533 -65.43720160176524
5.340695059243629 -2.241445376734122 -3.0827798111728817
-2.249816915909359 2.692604258583437 45.62019120320575
1.0870273009535523 2.7209724692037796 -18.132419157772976
3.788694912238909 -4.891322530739711 8.305549421834762
6.4934251582930145 2.611427071629461 -91.9933225793734
-5.313264785707236 0.09291233340425181 -58.01110918795736
6.612361504712681 1.1222076847503903 90.27508294358309
3.7257451626876543 5.609299860142257 -22.793736711406716
-6.257551056331352 2.0012043169650213 51.17961743669998
6.7506413710087605 0.7273622640853431 49.18964539921098
-6.368783010973941 0.5017236714957624 29.664390573196744
4.240023100034993 -4.864660906483483 -71.56689305269454
-1.2697028714567786 5.955174173062586 -69.58871390226767
2.0103956865136854 -6.138242758296149 -11.530514747634665
-0.24587096635361666 6.664852211316703 -91.49609116198852
0.3867678171019547 0.5800662147672445 -69.89059943489502
-6.6027906884785885 0.06566266937298189 -35.96406829853632
4.444810874405984 -4.871031020815972 61.41478037297728
-2.2845489672797052 4.1096937760570285 -34.84528618254303
-5.175957758874777 4.5610707055551485 59.799128427838774
-2.141638694437571 -6.245286452643099 -16.669673677910783
-6.108227002099943 -2.6047385936385132 9.52635875794384
-5.244298538167199 -3.7305364604255598 -39.59534220742023
-3.7375874481990308 -4.322979353455642 13.487941462441665
-5.059556095696668 4.20511257437043 19.494793333773522
1.0877564164705584 5.480609183010251 2.9177168041430814
-6.63708777016788 -1.4472619960464042 -90.19078782512608
6.840677329477084 -0.3590311635045832 -80.46430050616782
6.407682915872579 1.4257987319241199 22.83721819368784
0.06009492370703914 -6.744552874866482 -99.88794393875324
-6.428716948949078 -1.6699133305767548 99.26318657509991
-3.35589230652643 -1.5205555565897224 -8.31815077354393
0.24809104910932755 6.768504041149914 -11.689438800322568
-6.446135298323117 1.8162044802502715 -98.47581201563548
5.167003461427383 4.322993720433846 79.53794023834381
-6.704499474331588 0.9963674717197059 -40.04480459947349
-1.1641682587082467 0.2794240558288199 -37.18814259196162
-6.648675922201877 1.651789557258662 -85.02319487692434
-4.050663713721991 5.031946492763957 8.816186608351389
6.597592715873587 0.7721993853890139 27.345542886804882
-6.066277421529656 2.150086173145225 1.4159079313683964
-5.675981164990214 2.899310432283838 87.94932819563996
1.0020640095685978 6.301311211100404 13.211829984243622
-3.0157991329004004 -5.762778780341698 27.36904965114187
-0.47285135123307187 -6.68735184531749 -4.776625577720574
-3.9627155693691263 -5.271295916342625 31.878139128422838
-2.5213840327685633 -6.248040159867106 -29.056790318995166
-3.1091621599615484 -0.9780364713599004 -55.091677521072945
-6.13553687039972 -2.3186139072914 -46.29058638498114
2.6445893572108257 2.849281028272634 -34.75074193200776
-1.2697029813548935 -5.564608588119068 46.36636995886851
5.610835865151201 -2.7282897308616416 44.01506438743685
-2.8711731665340148 -2.2599380003643503 -50.863047264252444
-6.179981060189879 2.5445851083197053 27.5023687899623
0.6893312935976806 -2.0877853030206195 56.323945459359365
-1.5347403698197972 -6.241577132400431 4.394064644889209
-1.578325303712148 -6.593332137807222 -21.15483238033257
4.278710792322756 5.2073309134462535 84.70430948505377
-0.5373833063586806 6.404867229421671 60.993950821402954
-6.781354384291398 0.7275239718907851 78.62441231960621
-5.176001727432656 2.3358151171390626 81.47361167463532
-4.397518182558239 4.941468343637179 78.45608299073989
2.063802270305979 -5.830767027159372 -56.82481600488183
6.518551793342979 0.8595684601073887 -36.75243779826363
-0.2814820166452466 6.459034355602457 -52.04687200569504
-6.693819918547803 0.15944312747475453 90.51437736134994
0.704559903882459 -5.165497849103819 80.19204327536008
-4.383003159048229 -5.158269956811035 91.24301514868067
-4.0391791505650065 5.213657971068564 -32.19392197188805
-2.083746935190294 -5.636204970437812 9.10053167148449
3.225026114352409 -2.203970019615981 2.496067142992751
2.219650692850629 6.121870941108774 87.74743872325621
3.2677307081119813 5.363670857074269 -91.48521142619138
-3.8826976189001363 -3.4599897713757026 -69.37556892410512
0.8182753952657504 -1.6235286259958226 -84.70577481760442
-1.5255930950993692 -2.1836890719550968 83.42704857694294
0.23695386515875416 -6.87918831127083 93.40722030355943
-4.730536267397573 2.6330451020196466 -82.09379764281125
6.331002003623223 -1.9597718042565022 -28.753491375233743
3.49257086221153 2.3448471490940515 -45.355385787969254
-6.506455520729185 -1.1655534169838706 -97.68474934845626
3.273835453232808 -5.729996753910716 -65.06554914070502
-4.493726160494383 -4.078928928450967 -35.8683898004855
5.566885335621136 1.8418770894462375 -30.91593976383451
-6.209807627481896 0.9755007027765802 57.46527805869642
-3.5364691278793883 0.7147068437039131 -1.0976293132884074
5.802499414298579 1.7119966513752525 -19.875594884066512
-0.3299774410311191 6.800250030431933 -26.35962382207581
-4.916729207487078 -4.547087538031746 -98.79140844962205
-0.7365201278406504 -0.17642702445546887 -1.8802692230403686
1.5615826367576848 1.6554135419558407 42.7236942484144
1.839517373602896 5.715681041605192 -47.7473165436577
-6.254718128078225 2.0742589102305784 69.24285210080215
-3.5502602464688713 -5.69915790260437 49.172423916876745
-1.87908389497904 5.897835491709738 57.689247888448634
3.611475869390204 5.345237756755065 -86.53060849086395
-2.814080064684493 -1.5939644227817908 -94.06547874518297
-5.475928867012033 3.8187336164610644 -89.56114902057462
-2.2773971448127353 5.465696879069701 -57.964608998891975
4.382806982010369 4.7706768365334975 23.566598563576456
6.152135225570754 1.9525702064207742 -96.36551759951891
0.8669483375252314 -0.7057888522261966 91.36394127892136
-6.655809575919951 -1.701472669351628 -74.241164530914
6.057705877022345 -2.7669184815678474 4.052699588317169
3.1356458482072864 -5.812085013359045 45.605548775106946
4.288813680042364 4.9913425266812235 -48.764562338502756
-3.1055886178146874 -3.5945796024568044 76.02726720063437
0.605915155093343 -3.664071288569404 5.120603902754709
4.483113193098106 -4.909634374690415 -32.160828989137016
5.197057091994527 4.344445446161274 -39.83752281583961
3.5987756870231746 3.9908176757470497 -19.68955609132709
6.469353473581722 -0.07150287817546765 -55.712086948576186
-5.978191842964451 -2.2852547880268217 21.204838484737625
-0.5992370649728346 4.368395804446663 31.755062939319753
2.370239392152813 1.9939792749081786 29.66260183322237
1.5824363753959911 0.4085860293051973 4.658972336528999
-3.1553750032104375 5.775609205770758 -61.853576913041664
4.954493623377854 -4.3107074822915346 69.13198853639607
-6.437620480198089 0.8110833958239871 -3.908336962282642
1.6271625173624193 -4.570225210386167 -48.21476518276052
-6.535791630733291 0.9305931834479146 15.334028106889459
-3.9907403725032546 -5.245578834428253 -45.984549926451066
-0.9790229119501536 4.642995307768007 41.64983418879581
0.2454596933409755 -6.7968267362632035 52.90906377894397
-5.35693683798635 -3.5223259389159294 24.63420795298457
4.159076723431497 4.346546028656061 66.87216808076558
3.051980018049196 -4.225741948863642 -86.10848912155768
-1.2749879240052175 -2.844714808691404 7.707067802624484
1.0496347729719628 -5.323035355736318 40.00256419995243
-0.053159208467231905 -6.774529654579947 50.153233925175805
-5.974360539391161 -2.2888767134819656 -51.64286762289172
5.20923176925387 3.3793142129685707 15.879033556728611
-5.606757194004707 -1.7030422070229745 43.04388039462879
