-3.6569001723986667 1.87129319200676 -34.34012494200202
4.139059549637607 0.917610680110404 -88.00933945370872
-5.346855176221153 -3.54046731128257 94.99014471018492
1.0493095598940996 6.740960092379161 -4.664242165208075
5.100262429978815 -2.983852473246379 25.834820650527185
3.6993305253314768 -5.0328019227199245 48.36857160993482
3.700749358548912 -5.263823943442822 51.40507287346014
0.706101075784273 -1.6948710755801992 -93.30077554117348
5.868640835187862 1.5650081120240373 46.77958753833525
1.4967751742065343 3.376458467762462 88.69720004550736
-5.965098071345842 3.0203941104067744 -7.992304184617094
-5.56097965382918 3.4922189922374347 -40.01697097076446
4.586834515498375 -4.795146821164474 -28.05768724874351
4.002263717929085 1.4299352604711701 87.48250595726147
2.5224710752671147 6.4470245325545665 72.09395869020354
-2.0145269990878996 2.641662965889684 95.4384287393001
6.2086678558016075 0.9823796312082184 39.99529149095053
-5.3404378992676635 4.106817156693123 16.324116245704058
-4.443111232869946 -4.173891226037339 72.12118445509759
5.8494902208937365 -2.772565328180653 -73.11072883982321
-4.61334076651441 4.91558771499109 72.71212769340588
-0.2598107387946813 1.0572583481024727 -94.12114518511122
6.187726705160541 -1.1175933932842441 79.55194707924723
5.724237839525711 0.8006548904379608 -99.7997238525716
-2.5124671902079925 -6.168447072975624 24.359537837882336
-0.9430522444569216 -6.590722068033803 -73.62636982007851
-1.111137506150551 5.759012136975376 79.35594397881238
-2.325833421746547 4.039294628897431 0.3324261731725763
4.9100564555549475 3.2825206514027503 8.176686277863949
5.264268818546615 3.8065517916362768 -0.9708881460270455
2.797073148478753 6.033238760994753 -55.293462707948294
-2.832242363548129 -1.4700371787577489 95.84807897641481
-3.0180263068203366 5.940129140830394 -91.04198263617295
0.9965807182659749 2.4343835239531417 -88.97588355045491
-0.9667700494093503 5.885296655445197 26.23416766358672
-3.1130890025912152 5.761304762074432 41.74986739489147
5.228466730252902 1.8067551858484303 -54.48171153547243
0.324231171463373 0.292640058856834 -32.237830550010706
-6.271145778321967 0.12030924897255091 -22.94410904329705
5.543659897284931 -3.9939984869978384 -25.382133894277946
1.7466707992592465 5.93596067877515 -38.8930533712066
-3.0286082540551553 6.052390504439125 -49.989274252096216
4.348722750227266 -2.1578355897218042 35.64097801078368
-4.997204557044384 -4.452338882982818 -32.15485891833018
-1.8603460661996105 0.10073192273058301 72.16940064882948
-5.69650961743374 -3.5577342351262264 28.129044714789977
6.687503006306633 1.4523277131376682 -51.151072492976546
-6.033797299515736 1.597592514068746 -54.29725790239655
6.724170645950791 1.0202700998465055 -61.12698649229323
-2.1555359730535977 -0.6132645794573026 32.962001172611245
6.048546039596104 0.7688002488209053 -71.55463874634184
-3.229773813935699 3.946544824139504 -44.668283501091686
-2.2994303857185425 -6.182777877033361 -12.25330043731415
-4.757919592642883 2.487708042952749 -68.20181761915683
-1.1497219900704447 6.15643861686126 85.52272979804961
-4.838225263618742 4.245400950396957 64.36856426466144
3.0909588151025678 -2.509080649619375 -39.16629097570273
-1.1207193127586697 -6.531748800274222 -85.97498089227301
-2.551485481709105 -0.022454451779380102 63.86243060690045
-0.42101513866593443 -0.9259268750679133 76.5142635743239
4.552392327178826 -0.9668277077751322 -94.77958194009156
0.09529717220550925 -6.501979657757808 -42.210929313642076
3.77167576031251 -2.1834643764239456 -21.577447749402666
6.821817439364373 0.8536663411465716 -32.41370756325408
0.09438206633261816 3.472454771093665 -14.704158754394722
5.965674700414761 -2.4340977923683735 -58.0648434939844
3.8507785144951594 5.374841048280131 -68.4683225081402
1.503109661775866 3.157350834197193 -91.99656922125068
3.23704057157736 5.883869140787687 -80.96827544462519
-4.145762932669276 -4.458469051585342 6.708516151309985
-6.1066244680775705 -2.418584091689982 55.77405118140248
3.197070678528005 -5.156021174957858 -36.06574322577781
1.1054089107808018 1.0973554993752153 17.992150863913107
-2.055297941572038 -5.609331176324732 -33.10713256016523
-6.5686215170602535 1.1549330907497153 41.24902297576486
0.11954735430731622 -2.5479164300276542 -64.79296858468501
-6.065934540936235 3.122654666183611 54.36065333289543
-1.906198132059995 3.541518732953208 22.746961238936418
-0.4143989913682613 -6.566878893976495 -1.6650611481781963
4.467530550375394 -0.14611519582986293 43.07462904376761
-3.1926086114931724 -0.7323264080409426 11.630361067841497
3.9218375758510233 -5.164121860170266 -13.827121247073967
-2.2689085014774455 3.029278453679126 86.69657442669165
-3.534476105980236 5.604985256124515 67.56669735040859
-6.4375729013166065 -1.7892836609927933 -78.04417506981889
4.60491325178281 4.525205534938428 76.99883359591021
4.507955139128098 5.021320082578497 45.803115990678414
-0.9888746714604739 -5.521193332697616 12.546225452902917
3.1923452591447816 -5.514633731571359 -97.26680946078733
5.916364279380684 2.4391614720533665 65.45800826840994
3.9441218420296718 -5.142669105316266 57.866755955695695
6.3838307629524245 2.254700568507456 -82.2620341213022
-5.6115487988131 -1.1774391799133603 12.777292414567022
5.275743005791399 -4.106037375938551 -66.19938116980029
-5.706617444560121 -0.2703560477229055 53.12088058361192
-4.88191094292748 -4.390632965161266 -23.95860681229142
-3.8885313764331517 -0.5921675544248415 -82.89240882324845
-3.904652800171562 5.514533970745937 -15.42295414296796
-3.0814867670550057 -5.412038373878115 37.50102129712395
6.626940772414962 1.552438042135041 0.7782495071800372
0.7751528328678502 3.3965738769626266 85.83970075426903
6.429460203943434 2.1917198107327667 4.155644281642482
-1.7642175131244198 0.8877322878854443 -68.7612833373548
-2.5620775830030027 -5.692769683061757 16.30534251945004
-6.485170045265415 -1.854029239839357 37.88277913438764
5.149990997202675 -4.275865053034347 40.31983775810459
-2.1833362633105637 5.925556915856068 20.22638354613498
-5.575515338697147 -3.467053327190004 -95.09526913674249
1.2603109087307314 -2.4839489985456358 -67.99568148128624
2.544634049309253 -5.782215758409377 55.127308116272815
1.8646997441543205 2.3005875033839605 -1.286136651509602
-1.357403169973389 2.2155676464583913 9.77602439564189
2.226856193014445 -1.250002997209507 70.86757629943388
0.9337169506338707 6.661336491549114 96.50382027980645
2.5925474078921953 -5.047493900418458 -53.75619655599567
5.798686184256011 2.4499049789244953 93.06836201242382
4.134040486127603 -4.835893569646967 -62.18058154906797
-2.8312644855785605 -5.454325172229593 43.52249375521141
-4.568701106108552 4.869060069273821 -37.26662068482341
-3.996020069921888 4.704709477824423 -84.25766741203782
6.053326545021796 -2.7524245017320874 13.578375267423711
-4.397462549969532 -4.79473628910425 -0.09462977354141355
-6.286859575040607 1.4683154749180294 93.8478549270341
6.466300314766416 -1.2568666895787033 -77.41219786175397
-6.366715957500354 1.5350990537410463 -78.45625350243616
-2.1900756813838083 6.428317170483279 50.11491474237878
-4.676226650916783 4.4053899147552675 29.73740327504331
5.8198893628637665 -2.210897610549267 54.66471433230406
6.2823620466983625 0.5395783186973843 8.648135338861549
-6.199164704457589 1.9846754865539973 -26.431497368807083
5.38644938013484 3.6505789199758842 12.205100276043744
-6.770693568248831 0.12415208582146076 23.943294197748386
5.556789194736834 -3.5228708434420675 86.52801571527375
-2.00134594848391 -2.5659037980241917 46.83628110934023
5.508759199229316 4.014333902766612 27.688391558187526
-3.146032114691615 -5.9831108176993055 -67.2143656144194
-3.8421524994950964 5.241751561726843 47.890241434174065
2.085014962576585 6.437793471242252 -30.147377409884644
-1.4941529109142382 -6.346616055587697 72.29565878574441
-6.2137754049697875 1.9307979082274638 -51.31605129803162
6.38979921292969 -1.635500227136732 -37.02022797239679
-3.4891660841307344 4.917684413325498 53.76229674187108
-1.7971638331641941 6.09235807470034 -80.8483711829892
-3.816090767521787 -5.078149181640768 -79.0109512363305
5.033585096876427 4.726425434191535 -65.61987243875375
-6.124236288935244 -2.798405822104306 51.80629051903672
5.484583357166657 0.21742357242052207 13.384685603385778
-6.713451463333424 -1.4674838956264666 -64.11312662161777
-0.09477076998114936 4.321725009611082 -56.588326905821894
-3.817382214652985 5.123426507495977 -93.67710517839383
3.8426085281516045 5.14328797978035 91.34978174035085
-6.138561303852136 1.9674774799595118 12.637274637566879
0.014359031260222945 6.155353519799387 35.43948324953112
-4.236858079814451 5.072747474077239 -1.9204593238613819
-2.8122826945917145 4.831370140274156 -98.1447521972667
6.203498792891194 1.2618763002960534 -2.9920973360244822
3.553554877765662 -0.6093890649283872 -68.22345662903048
2.286162957356401 -6.245583226612918 2.3317286255489442
3.408308745331456 -0.2036010346150677 9.615164971648447
-6.2071931301749546 2.630349375494544 22.521469726017543
-5.731876877717959 -3.094942847200459 -58.249141138414245
-6.5383025700702735 -1.8527512298757776 85.60342797021616
-3.5169270378641015 5.605562798529856 37.43381284678248
0.2912581275158619 2.8424383592455174 43.76083434255408
6.280878713560052 -2.1766647526715377 62.173450887538245
-0.4254973548061419 6.563624256429168 1.731099783400717
-6.395635088501533 -0.705141807517462 33.3331009980707
-1.3441337078274034 -3.156651755739519 25.924857327209264
2.85883212630517 -1.307160934263428 49.857581017308874
-2.550913069140351 -6.084425803009984 79.5689238169292
2.260693076421917 2.559174546556016 -26.803488923297877
2.06211876452608 3.390308345952034 -53.052550835949454
5.767545939881862 -3.3690104799654543 -6.969837737881288
-4.416952779911338 -4.579775847371042 -64.46846795420072
-1.9026750534671129 -5.293785585324551 -97.86405627645836
-0.5739599759724308 -6.71075727495675 -94.54383854577092
-2.402541349839906 -1.085010613283407 42.64925245897205
-1.112660295521305 -1.1278340452472941 -15.237953587356996
-4.546561818513191 -4.647104518274773 -7.345349837192694
-4.602382542878733 3.7345638782056723 -28.71327748023211
6.131579069664518 -2.6612150329750017 59.00516631550336
3.8995003825203813 4.958257560601082 -41.647018257940324
-6.6431170967446525 -0.21271333883722954 59.37661490836807
2.920179993666293 -5.650296764819028 -77.50997964554072
-4.611649807143252 4.634326228385165 83.87095109845336
-2.0821703111776455 5.592685396928783 82.44383253358082
-6.269601607827926 2.6055517667860353 90.9663336591786
-6.102783999167581 -1.3229454388866593 71.06660451936393
-6.30872237146882 -2.1030064134531226 -33.504704902404946
4.7485861301486265 4.019462047066217 -61.01011280332094
0.4059406242784204 6.516323574566277 60.05404415333378
3.179138052343133 5.8153822311106715 -26.509845944348033
-3.2633484587394506 -5.803040699558951 54.659266835062546
0.3926523700360003 -6.49170111675956 -67.25664998335323
5.823228718211122 2.515536316421858 43.16946129013832
-1.0166727911708604 -1.0145213806737525 -71.90458804784545
0.9098336294941467 6.779134473996805 32.37662386803348
-6.488946672594363 -0.989913512674844 68.18635263177889
2.0039955633288917 6.635889654060052 75.23929670496493
1.7305928257700347 6.214619670444517 46.4652048365196
-6.5843384125763516 2.006849295245981 -88.08237462116523
4.912425291616526 3.271613555111303 -79.10805193661847
2.376089928055181 0.01510361312877559 -83.29897757487417
1.6333741315130725 -5.067836150108642 -88.16797124611395
-6.649751882368077 1.2535065783137815 19.47533968407533
-1.8192868197793195 -0.7816148052192636 56.32993042823935
3.109643363536724 4.891910676125893 6.207521596594492
-6.4694497139479505 -2.1276660282732447 -85.86253133100558
-4.807770379012513 4.179760909081289 -79.43743444660483
-4.982180231080315 -2.358084926678779 64.60328743365756
-3.635158610398914 4.332366769613407 57.08624060225886
3.7475609220824704 -0.7482154269526272 20.815068803033775
-0.8994516391754939 -6.1854804030045125 69.12040977334948
1.5009909228866725 3.167335330306633 -61.67493452895543
1.8846296981220039 0.5963669780155253 54.95664436098814
-5.881221555607808 -3.220632462485644 -4.322376879036502
-6.352344967846253 2.645684033400916 45.836765207441466
0.46311924549459116 -0.5676914227728578 25.422059025198667
-1.9477732973576827 3.222373267832589 -91.88539943368899
-4.8141659915232315 -4.314509166048326 -82.26296810193215
-2.8980169875633326 -5.665784670243236 83.49540177217872
6.195000254876724 2.2699548336682143 95.85113061891931
2.274169810799969 6.321011941694629 9.376159667637447
1.2425988530667025 4.067127386657536 83.0176386690801
6.61301103655729 -0.05207280715414114 56.96149145742844
6.445679282822509 -1.7019153114199979 88.6849098356054
4.503687163481606 -4.710772341578879 4.8850761758649615
0.8306645102136881 -3.1059116366308333 51.4290811231448
2.973387040360368 -1.7164653263466834 -26.58732040696087
1.5253928743100025 6.636709073581457 -45.53032839180429
-4.2814432134251454 -3.011587513079764 -19.79293643975063
4.8412354306810546 4.836892652489385 94.13567748453708
2.0765993670644316 -6.432084305596615 -38.83576958093234
-6.534538294714818 -0.31669861647359315 2.876577898028901
-0.6001787277397689 6.300673052466772 -41.654466366333274
0.9488395590968396 5.246526403024568 65.07646021221476
0.2012895851581129 -6.444707260012803 61.733191874256796
-6.568085517941249 -0.7716710449496652 -67.4664117398668
2.663760853033748 0.9167467714477924 91.13125066842204
-6.01404657294846 -0.9213146912525517 -30.58984046279609
-6.427443291736926 -1.0849863265904471 -81.10992922037245
-3.4030322360261476 -4.1669868869799975 57.52550852700471
-0.5157031861031222 -6.76176092423042 -91.23857453065196
-5.137315680660956 4.307430611279016 32.49732124216301
-1.9676396438870871 -4.067511602032682 52.49534070138027
6.471883826751463 0.9635864278502497 67.82482962920453
2.4913573645435068 2.5181912871310823 -78.37562359946607
-1.7442742407030396 -3.515056497474261 85.36699803760222
4.288646793541676 4.701500787558523 -16.00636075273497
-0.554681880363137 -6.461695685676252 -60.241363858328214
-1.2814263268040793 6.446655570608231 -29.61559363527793
-2.309886974028444 6.248811157590829 -8.438155851238484
-2.582962261319732 6.334847724874997 -21.972058014022608
5.278228625132584 3.9771585528181936 88.3176562366273
1.7988979525187732 -6.245333652061145 12.202066129610047
-5.83589692002721 -2.9836537870245294 -42.95623688203067
0.8610893879831387 6.647230841454317 -78.97244835718807
5.087185640313259 -4.609371476733425 0.08551822789673554
3.8458057283316736 -4.709204579157229 83.95420828641889
-6.507406157319011 1.2702222331337252 64.03329490611382
0.1917075443211957 -6.742543458452534 88.30092692068885
6.1409446330426185 -1.228436017867082 -19.544246251357517
-3.206491582031036 -5.8804229662340814 -50.4622017692081
-4.564613993923758 -4.705386856211232 -85.2307212627306
1.9766643731539075 2.769203881356701 66.16016079379924
2.7846082467115596 1.987495798129927 95.45625105985154
-6.576395225661448 -0.34415848420664263 -11.941744772458422
-0.853900768511833 -2.4869872232196895 -89.59487346457783
-4.467985681126811 -4.2723106401043305 -75.09412216019093
-5.339231646659454 -4.427596850859448 60.33902732341585
6.194723243263879 -0.3728912976923011 -23.281197666170808
-6.202033686290406 2.5842888033130365 96.18009215553796
-0.01836514351305235 -5.202741353536163 -71.06142829859922
-4.763755611726574 -4.639580009896552 80.5706841752969
-2.503491381714295 5.624441581173394 3.989737567457555
5.508355260782423 -3.6288759525216614 -95.3327522134875
0.7516516050790985 6.610437846320171 52.33962395453075
1.418539950889308 -3.028592050275727 9.199078328901201
3.235671358679901 5.333778139093776 68.71059914253712
-1.3122705139263282 -0.7255915097384771 89.85632166569442
6.715269993727306 -0.7586256596361131 93.36861274043376
5.421552092494349 -2.083649803876969 -42.14988657161231
2.567356387854942 -5.78666640376409 71.74318786583763
4.604535732128005 4.378115736603598 -98.85432789986686
1.9149283485214834 -2.444912482142487 55.470509080470215
-5.470700116619264 2.9635267246603183 -12.26345339274872
-5.92675862515747 2.4656652517896993 -32.60651918915984
0.8421870135156335 0.6413973559938365 -43.79925226685446
-4.1011965727589015 5.256647338750435 96.71225777011972
5.784786037143207 -3.1206775322358866 91.29578269810195
-3.496542017766547 -5.735745024684567 -4.622388814373717
3.1334660771611147 -4.155659591885314 32.284308527114995
-0.6778444010838357 3.462234324200217 5.968672530767847
2.2102047672854073 -6.142949057820309 24.309281926016368
-2.6271820096803915 -2.5237906172064366 69.01447680028315
6.4218234771045415 -1.7804814445906547 98.35261236473075
-4.166423939335834 -5.516995616538792 11.124419561863448
6.618146553440053 0.9028924713840252 74.88581513208855
6.017774924809042 3.0090202746288615 -42.909296229367136
-3.2364113359901796 -0.9868782572832239 -28.285350660690753
-2.5807472511813923 1.8600850061366208 16.10215859980504
-5.430891635902579 -3.7705938863854316 -28.977593559086802
4.0978294728099325 -4.547345572837165 -80.56555827422333
-0.6669801537745376 -0.14172116712411242 -83.96865146714038
-0.8911426849173111 6.449820218001533 8.812458744610597
0.26431375753299324 0.27606407024125224 65.3468470969866
5.749680974164878 -2.5423133504310265 32.84620395408081
-4.9028686732397215 0.9412404366236538 74.732092722934
-3.291276376755179 -5.674941020843504 65.39060718344166
2.899751628222528 -6.028498626043275 -93.6024166581594
4.863793060084847 -3.5944840496055224 -45.34898758102844
4.636693967562114 -0.3282168229187442 -12.39835269935226
3.487236296290985 5.128163505206689 -11.286882572084716
-1.583732430335573 -6.51832964746526 -7.858757491646671
3.7758631508220915 0.6998838853817304 76.94698414539052
1.1575049282550451 -6.463171992993213 -18.14742102352374
1.2473240516368134 6.470499410794488 -58.69280753848051
2.589300793664279 -5.812296945697255 28.843781201334057
5.32429493604673 -2.8424128074323534 -84.53686500111561
-6.04302223785816 -2.3050529184615445 74.86134233874975
-1.24559132266025 -6.666018605200183 95.89530394187251
2.091382002041154 1.9500255350168931 -56.72946533285021
-3.292822173679346 5.711870597203593 -77.02266372649076
1.3605117388758359 -1.1074892525478568 -29.073449590640518
5.9272411328086205 2.425323404652988 71.78494172576004
4.388950160777936 -5.104004746865493 -89.19647905665781
-2.2283236573363148 -3.5740162318183537 -57.37414730728382
5.044569993444687 -3.682267049732153 65.05870995907205
5.529431655344821 -3.4030906737531623 -55.01404245481375
4.756577826589871 -4.276977293840984 76.76541121456259
-2.922084675253203 -0.3358399363484251 -61.4919681411628
-5.223431544364572 -3.8143997517141575 40.783601774943236
-1.6061433174038677 -6.218630099648512 -55.169629583015734
-5.563372498086932 2.132376601480013 -47.8261252438952
-0.6652295212847031 -6.537037420873428 32.820178499523436
0.5780852852065028 -4.552384447215078 46.622867191755645
-3.4929174594288623 -1.1040720892337639 18.44058264664914
5.923694834824862 -3.069263594331499 -92.42317732282658
2.617378892786516 6.14973587595632 -1.5713037312145364
2.7212312020755256 -5.333691166108474 80.57419191325562
1.7211069116447004 -6.434903186294552 66.17648379831215
6.780310888795376 -0.3914275648292178 -68.30560563162854
3.4509484634554517 -1.2971553339978843 45.65992615159829
1.0263842299943806 -6.468956221775325 6.53905003769729
6.360408208608322 -2.2597564209280425 10.174642419982366
6.0272683285386615 -1.0785837877588225 0.059880872183574144
0.7524115125197495 5.995055177351466 -64.4914408428454
-3.4145882891500072 5.979947755662419 14.814507676817627
-1.4355558212895496 6.093448223882569 75.68811694835144
-0.338685318050989 6.304429658253769 67.72124200888044
4.255609141805059 -4.376276095105254 99.64801058485803
5.010676910785644 4.491886332283032 -28.948429327538143
2.8409915845231497 -1.4169769042062081 -52.09360127177094
3.862537234022879 2.2570542490757046 -22.46491247537896
-2.507815395732784 -1.5701965647648195 -34.63629007064396
3.7533696342992244 -5.636434110671359 -20.72525369638599
-4.745588703858083 -3.8158112747001454 17.714012140259864
3.232614994542956 -5.663506612490707 -2.5728657239167365
-0.7194334421019327 6.634149392312002 72.1887350278574
-0.1432025083156117 -2.8739991997276215 -98.33544335623654
-1.654599585507247 -4.266804907220529 89.26952293551237
2.912044338732069 -2.0427726841142886 -54.773309481588456
-4.158979844899885 3.5075229554178176 -52.790684523246796
6.531714935153452 0.5440957122728765 85.68505693335375
-2.709137388209559 2.7160274016249657 51.5427978210377
-3.7978335406404007 1.4072920260691186 98.18447522406736
-4.247921564369487 4.9928787589331645 -66.18841236230188
5.568265363798855 -3.0346879173066483 -3.942635209258514
-1.42130144256862 0.8281876390115384 47.59222459313941
0.9269104091683831 2.7687086372451906 -17.633801161612226
2.875764657009954 -5.772294752219761 9.540102616078858
6.564766309450215 -0.14167040782715218 -90.2116785661799
-6.198891333622791 0.30574740100427383 -58.23534414703316
6.767449405365376 1.1206145202655324 90.3061397079202
3.893132759181945 5.045342920948298 -22.822237732455047
-6.246227315812026 1.9426686113405993 50.669040717122876
6.62465557190101 -1.0737797846481663 51.35264982302753
-6.529510844031764 0.5233403941455077 30.18506065404585
5.193327063330663 -4.002284383997065 -69.19329297575355
1.1292995739856162 6.355874164953962 -72.46807264867678
-0.556571896807703 -5.172690605059545 -14.743122184884662
0.06420137590162342 6.80182856542008 -91.22218963492413
1.1002561376244469 2.2873331604649683 -71.62358926027966
-6.8834953061999755 -0.37772499815695676 -36.20324309070748
4.586523201276421 -4.688692456435155 62.200479672600665
-2.9420494738476894 4.816145677887443 -34.41793226385131
-3.73716268859211 5.154644156228844 60.30566775951291
-2.4510099814894932 -6.10754000651161 -16.754374708071204
-5.82522264626644 -3.695701798527853 9.253457317065255
-6.243643407705216 -2.312568239628737 -38.75558879585697
-5.5733954933099685 -3.9904849054678126 13.87883641101131
-5.036921801918939 4.558957408749235 19.746094336719054
2.5229569943720973 4.925339253764225 2.501693167002047
-6.158684835721664 -2.4572483127114677 -89.29038807763018
6.290427764964851 -1.145918872540114 -81.80998067699713
5.701125870534119 -3.287580143115462 22.552233610209967
-0.015580809926832587 -6.829183862688511 -99.91166190208193
-6.616418693790561 -1.5979581088240906 99.28108052889357
-3.3934376470972247 0.4821219915005826 -7.809659214019203
0.6375540198634826 6.022581931845242 -11.21615829261736
-6.302730239626362 2.074605034173004 -98.94748084020696
6.160841193212605 2.6082897355824217 81.27032288259161
-6.428503658266003 0.8731883747098257 -39.31879692073109
-1.6532691356223281 -1.733496756480277 -37.60385338988156
-6.615360579066247 1.014085244126188 -85.36212351559331
-3.9417626557189416 5.4171203595055815 7.4968709531558195
6.69003648548575 0.25497851183442505 29.013982192586223
-5.901093732156089 2.7253744077914974 1.1017558558110319
-4.4195285975635095 4.881281784043598 87.73558038230162
2.530416063526965 6.037439095478672 14.86729868561945
-2.9321440488049455 -5.9532893925483865 28.981178806501124
-0.12768181570172107 -6.261859729472322 -5.223478861464946
-5.358674507667428 -3.3497128456496768 35.089870882885364
-3.877075075627084 -5.537218753672096 -26.867261903753743
-3.6369809754495055 -0.9488292081174794 -54.793776820743105
-6.1678136756598105 -1.6319187489403522 -47.0855571452081
3.5372353215383217 1.4537523767560856 -32.95887091407378
-2.786037600530196 -5.799260970892529 46.29907499077827
5.642576849578521 -3.107366432702274 44.558118381244476
0.13298889430377142 2.159681661790162 -48.04942606120935
-6.135221184587718 0.5639857922019604 26.920484052189966
-0.6849336323817639 -1.9837961498014223 53.84047043705263
-2.155267154796661 -6.384445730819009 5.022946354139943
0.25443307778890767 -6.404649178266146 -20.7163885143155
3.874715617119151 5.181733778593938 83.9454484548562
-0.8002541874749378 6.71454947820999 62.547226528064
-6.661372970004422 1.517036247961648 78.3223788007173
-5.649916161137369 1.1202493399593563 81.53401044515938
-4.4605260431122336 4.886487429091549 78.32846640024322
3.23312467926388 -5.8374897329697735 -58.92190882901403
6.419571102777834 0.9898522151176463 -35.266918087189936
0.07420103156617947 6.7604642552750995 -50.44538967128327
-6.653512736375401 -0.7191304687569594 90.07085339169252
0.7314134835435327 -5.225012433851357 78.0307019958349
-4.561328569125756 -4.968926957851832 90.02977191282045
-4.072482474114736 5.376877624553942 -31.34417950583592
-1.2837602571097184 -6.569495892240334 9.076806082471618
2.7313514120216635 -2.7503294528960263 3.119459814058595
2.0608467848614986 5.875221983873533 87.19571721385564
3.8392209311826484 5.050075119163356 -91.35733983971059
-5.202724795551048 -4.024183517664461 -69.3594864233769
-0.6809789806516633 -3.595035272069088 -85.09144107287106
-1.458980084174595 -3.5612194729444204 80.93590309139242
1.277650749748219 -6.55030107757992 93.563132959504
-5.136534226143542 2.596565009774745 -81.94819162364759
6.73867235462058 -0.7132533935927632 -29.78849380034083
2.6500226609076565 3.5053794553573825 -45.06514095683425
-6.362592277822155 -1.8385935701115188 -97.9367849875899
2.5100509889468774 -5.7164028092973025 -65.30403083628943
-4.339677721460731 -3.976573255014518 -35.47332307922804
5.306169138711366 4.325001065528896 -31.69537063547475
-6.498877492094531 1.6368225532870548 56.76388165739303
-6.167892900353255 0.2001428053845044 0.10428525756561213
5.91429689901744 1.6473350197517587 -25.9517843818295
-1.2732350970500033 6.366684008225985 -25.527285194845035
-5.0987694910100725 -4.203516436199882 -99.06826975001276
0.002196945854230803 -3.560775533446697 -8.151317949343364
0.32562287725882033 -3.410058316364058 37.83942073871563
-0.6526730609378967 5.805618234192201 -47.307046161196695
-5.920339139774218 2.9141687452420455 69.436095670651
-3.231913860108695 -5.72543728972715 49.4430678166569
-0.8005616369601807 6.604319190612307 57.34001558914629
1.7715436394103363 5.936872258860919 -87.81619065945469
-3.848838670821774 0.7395124821629397 -94.15938983073721
-4.615321201973819 4.580674258549491 -88.4712166570646
-2.053579668746478 5.330817670023457 -60.34966643148977
3.9025010264297704 4.621788544861316 22.71438454056791
6.223541400688044 1.603163746147891 -97.01611154476464
0.0575244661706778 1.1098639304118705 93.01169867773957
-6.6579591757990855 -1.6915663376631491 -74.14999680647121
6.1668605873812625 -2.5595303034946233 3.006778580194602
3.305961063681712 -5.795002769343221 43.89405162406087
4.648982712126614 4.4952479255388536 -49.20949409497489
-3.9142038291644785 -5.552926683365211 76.41890172274687
-1.6295740586663845 -3.0452556656891288 4.6255123182147475
4.346561622811757 -5.024203877433467 -32.54308258461501
4.984329440915047 3.6351549418660025 -39.64648053040491
3.190185068312143 4.570716148306498 -19.497688176604736
6.750911118769449 0.017197724941712324 -56.25881184229073
-6.127089601426492 -1.4046198363120839 21.626326620845163
-2.3768360789316145 5.806051190562808 31.356846476944213
2.9105396392417724 6.070999883909683 27.764369663122885
3.3151162348134022 1.3482515911201896 4.088605519038199
-2.4912454492877805 6.1074576423149685 -63.11667453175041
6.14611547119333 -2.801419596168986 68.8732982156721
-6.295160146031519 0.5989068072162986 -4.8795107108493045
0.1430584647013435 -6.53025074081112 -50.643115303808415
-6.371208181836977 0.9408679155410897 15.416278962353013
-4.283590759398671 -5.087141688005863 -44.920535509683276
-0.7552933313837479 3.509311969798785 38.49256659731496
-0.06464113912327084 -6.657061258602465 53.420753653535726
-5.311482220360605 -4.092551894887425 24.512435854620506
4.091838706279507 5.1108911389145515 65.54597475307527
3.388677620443638 -5.7941057113704035 -84.43193274863567
-1.317264530269095 -2.9380626006629713 7.84305438862413
2.852945211416702 -6.081214170880463 37.201049960490664
0.4141011525207705 -6.602349377116532 49.72354346520603
-6.180510343664399 -2.5460300444836568 -49.89667360321411
5.983187643472122 2.5479593688446385 15.40014433068983
-6.700226589421686 -0.8579571017033211 48.62143785132534
