-3.8903898585777394 1.1646311407226944 -34.23084584920469
5.218876832225206 3.1580580984963995 -87.37096245655118
-4.926792875800651 -2.3531553588975425 94.38770649323213
1.2571027394365804 6.742424786659117 -4.907203496310801
5.244660551846826 -3.8572447260335467 26.689701211842515
5.451827701164678 -1.9667093349193594 50.91988113193622
3.5491146361992363 -5.470896097576551 51.62630202007889
0.2306650183435422 -1.673964547733604 -93.57937224191635
6.225483164555801 0.947110942240049 45.57293579164262
2.372846397472074 2.509387865766776 88.99327644358013
-6.144152811616328 1.5415803596549162 -8.592984539911203
-5.632149812312047 3.2827569278395234 -40.030991116287026
4.395293162270813 -4.779752579584028 -28.05739902095994
3.68922744306998 2.39838347249526 86.12140697819105
3.242959815405075 5.772406109441359 71.9698884288278
-2.023589189913606 2.3610776293997224 96.4192171694729
6.517282668722546 0.7440032047116446 39.97320203427035
-5.2436482238757955 3.374134332633816 16.673087848008493
-4.21164337459591 -3.980765860992284 72.31985098339575
5.698957905278407 -2.554177382008219 -71.68478386926336
-5.20853850602498 4.60775691444096 72.90592038939192
-1.0143839792606961 1.0921565252693228 -94.41867105863578
6.42628563121767 -2.1693229605443185 78.91173464340986
5.796891579805106 0.36609839544385264 -99.23327862336103
-0.8404020148955366 -5.727457856367662 24.337069220248157
-2.4035872655434156 -6.210244132330525 -74.14344829532348
-0.5427484684047991 6.348156874962671 79.60100132909685
-2.598631334333893 4.051255473751311 1.345627358666209
5.687515578537317 3.3877240663856565 8.488951191795623
5.146749159091602 4.040428027167378 0.40711325329123976
2.8732193851370393 6.075092050258529 -55.29039319172101
-2.6473409914041843 -1.2350843266502496 96.32189104816453
-3.245944367805626 5.746692192468082 -90.94133353279696
2.214573963132831 -0.8798940047233769 -90.47259682133685
-0.43505686316111547 6.799890642181185 26.747911420332553
-3.4964905683276797 5.713298340939121 42.19979831591934
5.007726603226132 1.8174676866527786 -54.67674480132512
0.5697811512115762 0.7719978494552091 -31.08891878695735
-6.407006622170758 -0.8396200478030097 -22.87626793713044
5.3562878336125435 -3.416074672758581 -25.37805382255717
0.8588857737851217 6.139606541435851 -38.64682787593458
-2.966784892522903 6.0696572876408155 -50.03894051928968
2.9531145971933093 -3.533832437406366 35.91462646238517
-5.121506484227778 -4.371007004910864 -31.919731955728516
-0.7123701904555306 -3.2651003528572664 72.62239665280116
-5.760365182337111 -3.6046328563123153 27.89410100259936
6.54394559475658 0.9991701374599364 -52.23510742658387
-6.5943389793563645 2.2039795505027993 -54.177015245203144
6.583944325186253 0.7238787708472298 -61.53454227079451
-3.1908932830159524 0.0815581731984959 33.414788937050076
6.538793054073443 -0.11847001165760629 -73.92268437970507
-3.9519301122968296 4.9250154930922365 -46.25204262117903
-2.363370918562279 -5.9158106983967755 -11.695101628712607
-4.398670940644487 4.3229691375801735 -70.19185467598714
-2.143933420465694 5.947106006630814 85.46430181231851
-5.536654827987325 3.544013361766602 65.13124803464656
2.6965981710323352 -1.3809086379143523 -38.96194988438753
-0.7563905794592249 -5.556048548846421 -85.93012033962187
-0.39204506204814266 -2.2538233302182973 60.452004339547024
-0.187215406671301 1.6526962710496824 76.38635099361508
3.3152489525111415 -0.5228843932388446 -96.8968638055287
0.220201431171071 -6.225484275475018 -42.33286502149234
3.773884419957979 -2.525962187623857 -22.73019114401105
6.954590107620035 0.8936264256574739 -33.43104303694687
1.1242300288356069 5.122406990630811 -14.845446946014366
6.100360565641441 -2.438609735680647 -58.227064237522185
1.8444408151697564 6.416468122169629 -66.09588323388624
1.568456935267987 2.4371957589937794 -92.35999446454413
3.2295066037121747 5.3647426695394005 -80.78965998819235
-3.801445668671998 -5.171052987318497 7.10442634334148
-6.032954184920774 -1.7963459106882884 56.11326623013937
2.679946362369385 -4.99920608055919 -36.34372293507576
1.9101272522827415 -0.030270707726592516 20.870056084108008
-2.3921041640186376 -6.263669440289677 -33.37098706823102
-6.458333176649724 1.878630176552339 41.16583241827202
0.167161021401115 -2.975454114521648 -65.40463439258798
-5.979160613751605 3.049299702865349 54.53633120328976
-3.1309316593436 3.039700237263684 21.871127211638502
-0.6523366110414307 -6.285233279154783 -1.7249303644812042
3.4299470583185054 -0.09957269542426919 42.18991776205223
-2.613839566635647 -1.2058089802336263 10.313236809562405
5.003639082493155 -4.904442337157047 -11.693560258266656
-1.8789278289446998 3.22214594544093 86.69443508482121
-3.2714748818855246 5.746110532794631 66.69147149765118
-6.428071585341063 -1.7178435438233153 -77.22079600399564
5.148102494839843 4.082928265609268 76.79716681961433
4.420273844851364 4.920049359789771 46.73525230585948
-1.1565859657144602 -6.284892806311185 12.588106585907905
3.079761059319991 -5.87636394726205 -97.40662203162137
6.00802613027014 2.738858067957465 65.74443511694105
3.881906950216242 -5.1534264163337005 57.725966438522285
1.374408289621008 1.0053291677224794 -80.76060145745163
-5.796013534208696 -1.6196693217142821 12.726956457476202
4.80155398397495 -3.33711399482321 -65.94266156701863
-6.216675665526669 -0.4715505756547632 52.31384782050504
-4.930683413383355 -4.380922846533817 -24.51210731826913
-3.368383521554677 -0.23053068548447497 -83.55660447995967
-3.9943333138089634 5.155475506997848 -14.812318800171813
-3.3432718498710225 -5.770377744625591 36.88716932079253
6.557631900274912 1.6566818499559886 0.8219476430503475
0.9948030720892945 3.286651104782868 85.44194672609663
6.388032799143256 1.8637076407762407 4.084022994257233
-0.1494026150887683 -0.3950658531924257 -67.1047868760222
-2.806795660348395 -5.861219678943546 16.858314154278396
-6.808664195940444 -0.040890802280548075 38.47744006781551
6.075082864181164 -2.758950090922252 40.29407496097577
-2.3391013472128686 6.088955716374689 19.97379905877054
-4.685984461242015 -4.790802354919814 -94.92757737646504
1.827957070800597 -2.2636745805336256 -67.77866349102845
2.644940187066383 -6.223567535510768 55.11596829750749
2.773645668525383 1.7754528827495528 -2.5759571939724673
-1.3477593041327454 2.0083909256590666 10.171436082685103
3.173638444806727 -1.4353120755551567 71.3632535903189
1.2344592140615167 6.503786246930297 94.21421768754595
2.848298084093142 -5.715582742348479 -53.526630231305575
6.246131175303808 2.99625439525189 92.37652886976161
4.273717780820264 -4.641233578989159 -62.31951249884312
-1.631490358436185 -4.691887174688113 42.931607250556326
-4.988589106743553 4.636773651824181 -36.940408445833775
-4.171341567579243 4.922331644006597 -85.44163609311896
5.280627105095151 -3.8204305109530785 13.116341992601734
-3.7149772254574294 -2.5383332904039513 3.784530544184491
-6.286859575040607 1.4683154749180294 93.8478549270341
6.548646441450652 -1.1740823591753453 -77.77755183706081
-6.625657631603611 1.164136770689045 -78.66279782518285
-1.813107471786933 6.2446864915984595 49.237478919344305
-5.204812454270866 4.4763848857934825 30.280994935108083
6.469535872130525 -1.8557793635673123 54.249947346211684
6.769564604277152 -0.8087858308328162 7.453367821619571
-6.403949064451919 1.3254828851024512 -27.32437246794966
5.464688693417724 3.8179204119813583 12.626368127409874
-6.653908491448063 -0.6231935254273171 23.343171999180882
5.375069843802642 -3.691739478967953 86.71548299988473
-2.667047777030432 -2.302674031703268 47.35927891381445
5.355148194824669 3.751977633542938 27.49046888329288
-2.8805710656195913 -6.097875865652696 -67.02607105659268
-4.521690458782861 5.022409751227475 48.21930010040065
1.971832977575657 6.009504065911791 -30.429218820711487
-0.49241716460479523 -6.619625861011598 73.3017042383826
-6.3844261258875825 1.6162165528422603 -51.11787160493804
6.163263271720673 -2.780272703615161 -38.311817204495796
-3.523061165607463 4.74612701752195 53.985094624695776
-1.5208904399980503 6.091324983948713 -80.68163781017228
-3.2475967741828935 -4.998933083130614 -79.02298921922994
5.341773513544189 3.9811476817579496 -65.87345493369654
-6.016197493946205 -3.369121445462878 51.11840770910819
6.679860215487357 0.0322809222261089 14.252231866579232
-6.31725226010832 -1.3179635688521418 -64.89264293297462
-0.3982368380117215 4.031317873418749 -56.78045478662599
-3.817382214652985 5.123426507495977 -93.67710517839383
3.5765261980259417 5.566178757897815 91.26261141752389
-6.114431923758996 1.7622290473254811 12.56074802244006
-0.6087669734669682 6.145145205480069 36.402376321869625
-3.7323882090517944 5.322845877607951 -1.980968686863421
-2.0806792361970334 3.577350456927541 -97.2312679114786
5.767045038120961 2.654320575462546 -4.566707297589144
3.819265880777743 -0.037106659066903906 -66.77192382037933
2.207763813354429 -6.270614309779922 2.270240619710852
4.783771752114154 -0.08136195421754877 11.19086818984492
-5.660804914235216 3.1311128462256166 22.90614384794704
-5.438306788126727 -3.5299194536676963 -57.55334405908548
-5.4799619616442365 -1.0775766135012537 86.59768037295493
-3.948482260097712 4.760119128921673 38.91242770408211
1.9437611573585527 6.302359347854289 43.6656706598699
6.280878713560052 -2.1766647526715377 62.173450887538245
-0.18670170492142513 6.488152632843167 1.2924251856506541
-6.403907647415572 -0.6933677886917146 33.631055852655244
-2.4225692635505527 -3.6037606727836224 26.129600719235675
1.1111066865485972 -1.1400960243855969 49.32614176132309
-2.262709302588507 -6.098224784931741 79.63672561126204
3.4369860986705127 -0.4494352797690841 -26.56905495989203
2.757051069644546 3.537137273128794 -51.99109358267602
5.968077967498847 -3.209459373367893 -8.192954515562418
-4.029530350136055 -5.061368591758029 -64.30010145277578
-1.570816409572756 -5.48990103130805 -97.75812956273893
-0.3494754976184145 -6.880966173686933 -95.25279299327136
-2.9555508212660078 -0.46261680971984787 43.46563002791936
-1.3315258394940872 0.2249468635596899 -15.203006685221188
-4.9285747032083975 -4.316073021660998 -7.745502338730995
-5.028258276914404 3.842503882315748 -28.671812822021934
5.736536309035437 -2.9192066663865663 58.81961221253807
2.6018059562413707 3.5867089449440055 -41.79503924484041
-6.786059717642285 -0.41349152223680563 60.213540803929995
1.6470063580627083 -6.535027410217992 -79.84780667929124
-4.49552475978737 4.789644452992402 83.70422723588777
-2.0821703111776455 5.592685396928783 82.44383253358082
-5.5595181514403995 2.948203059872027 90.51790028041688
-6.316276256622266 -2.155049510598809 70.31847383640104
-5.712168665129508 -1.8541266803819574 -33.37347459064146
5.113918869355191 3.6673888729625728 -60.88287699767414
0.8123475219461096 6.327593950237506 60.10851146492614
3.559158805803957 5.873772544233221 -26.035512021246927
-2.6856491293526963 -5.076209199626843 55.84166492771164
0.4338396091649563 -6.464399620691854 -67.43948991654993
5.772610654777829 3.319842150466907 43.1001547761019
-5.6732315484962825 0.36500370600704934 -70.71573247371602
0.5844660553757621 6.619069950307864 32.916824838463114
-6.130098134722494 -1.8017666578656228 67.27267701972102
2.091538438520943 6.490299729929475 75.22550628450534
0.6288352875597782 5.905949781090554 46.400754714465535
-5.999659764109397 1.6259616646445085 -88.48748171760273
3.9672692326735124 4.27842799728859 -75.2542996857948
0.8022620757344125 -2.0712852604649488 -81.98409002380208
0.6808840745698594 -4.391139478296303 -88.87106593867229
-6.740686063392961 1.1555550915751063 19.510453281928097
-2.236258232491641 -2.875157275303442 58.070609670636784
2.746363819200399 5.424969516925923 6.309332880136288
-5.973446137072065 -1.9316176661253717 -85.40449614430433
-4.82742075541908 4.091402038125833 -79.8257687907833
-4.211785883115668 -0.8526289446201806 64.80413135937356
-2.376876041980845 3.2676189984407173 56.917537680103926
5.337990609653486 -1.4136227675714719 19.69041781690753
-1.1050180616106033 -6.207452757668365 69.1829891383473
2.465496466119074 2.2106502837512623 -61.46880354347049
1.9623561006608004 0.37239138599830357 53.02460626929898
-5.8891968309885305 -2.2297337030705977 -5.667865274515803
-6.026412206765421 2.8495806882451813 45.90034295524101
2.2224036986583946 1.0542957943607603 26.3125718047302
-2.006363931887881 3.0699898734667466 -91.65229950361714
-4.593672178598406 -4.658780452613506 -81.68773717888521
-3.238599756777514 -5.430594517678553 83.97715311514816
6.469624808389488 1.515042028138934 95.66250196209225
2.7502259156899336 6.232576830573061 8.975828172072527
1.324814435500206 5.307906242496675 81.82093964531524
5.872036023314687 -0.16791122437956923 56.92428741131721
6.646499943964282 -1.0016564198668723 88.16859787983016
4.5076171332229 -4.80394663082331 5.202333439583902
-0.007183554855584584 -3.52466760222627 50.57699124235244
1.920612109510078 -3.548296686795858 -29.456964846136295
2.648195623785045 6.163426891827918 -43.85895079871321
-3.4084640189318325 -3.514450947338222 -17.954331692383125
5.068357312144536 4.410537203432396 94.52645533176452
1.6600201717002956 -6.524722919175451 -39.306684303517464
-6.200321934114997 -0.2348001296048392 3.260736568222619
-0.5850420003416672 6.274231382070702 -41.424574460095656
0.8230556369692452 5.423893212183809 64.48666841653257
-2.4426636272925073 -6.410806460713924 61.58915202182841
-6.4854881848496735 -0.5319958653023946 -68.07057418802111
3.9157105065532907 0.07893087065898714 93.15633723895385
-6.111244511605304 -0.0800645162852123 -31.38269817796308
-6.222603119997198 -1.6327229356961723 -80.91156179304285
-2.275642292036445 -6.232650540220018 58.541847748394794
-1.086323427564827 -6.7394203639836885 -90.82822324402238
-5.4604398760234405 3.722526115302077 34.06849930591886
-2.648650476774493 -4.188104080220292 52.646038982784745
6.674913272024476 0.38196114354127986 67.75612781729764
2.6683270817732656 1.5264673872188406 -77.79637015404646
-0.05433593576570073 0.733457034794007 86.56650903574058
4.162575516308947 3.316955131741585 -16.2422286042787
-0.3025963514800003 -6.62753039130549 -62.85886519137924
-1.2909864320494577 6.440177318816956 -29.499088263886836
-2.0092585653554464 6.153256666383242 -9.612060811232128
-3.853094345571496 5.39264498877394 -23.575727072739085
5.282263973359045 3.8027419429931255 88.8950049110252
3.178431031373997 -5.794809505594601 12.310806228526433
-5.806220000377415 -2.9666993606145775 -42.95063801852438
1.2530608835088393 6.507504041506038 -78.55275241411042
4.587819754782083 -4.732942719114768 0.7589515489410813
3.9737053665859747 -5.22042051822189 84.48358018725486
-6.696858439945381 0.9566869990063382 64.16165714671882
-0.24150862275891405 -6.668380846464237 88.24253506323313
6.487939510662486 -1.6960770017966338 -19.70761119203607
-3.5493432206578026 -5.543255660329707 -50.02171764034987
-4.29387652150233 -4.326949833736513 -85.20318319995435
3.865962808913785 0.8248036847012089 65.36851342068289
3.325670990536216 2.239388523569444 96.19529082838987
-6.310224983129315 -1.3782352947221095 -11.737351437241653
-0.9241563021576925 -1.868191377528503 -89.68004709401924
-4.945345186160508 -4.340531656317953 -74.92260235875104
-4.701495601958318 -3.6395980748605075 59.9513765495256
6.356277808706092 0.060270198872183905 -23.333794356681356
-5.734431510013384 1.9870745013691828 96.31816832922158
-0.5999632515315154 -5.904440967948396 -70.82414928875338
-6.358449713916369 -2.341401792886095 79.98543649308817
-2.976914309029038 5.409781654284823 4.160486040966764
6.221007577644913 -2.061836929937908 -95.99718559222792
0.7194827127358994 6.795892969804856 50.91252662168488
1.6175998043371833 -0.7080051902775776 10.421124149625083
2.330160479876422 6.305313245997443 69.19196151417466
-3.692537187072538 -0.2679762071082702 89.75682203529746
2.5400630526476324 -3.6109921150310873 93.06293407989433
4.865035146150459 -2.4322786520395954 -41.36635950876183
2.9832534080090354 -5.580666129776022 74.05771801529364
4.604535732128005 4.378115736603598 -98.85432789986686
3.0417549254290708 -1.8393766466757921 55.58396070980131
-4.954986516004571 3.496420047986194 -12.339885580073664
-5.540675319167535 3.763159272050292 -33.85531084619099
-0.5232705535933684 -1.1133489066799347 -39.94149018192338
-4.16924887468402 4.428904193214326 97.28457563084191
6.083178806945461 -2.881320974150945 91.8831008995144
-3.3635555612552257 -5.717804372049417 -4.78734263954779
3.0236828517100713 -4.861731325468738 32.131273585781855
-0.2552417525248549 3.7461392558980093 5.693309602590242
2.1958416796593014 -6.262536980159594 24.4458241997637
-2.1055827235788787 -2.9793343875234433 69.24416850404654
5.946784171061917 -2.6309066320144012 99.61316926964984
-4.270755239429002 -5.532423734327343 11.094058271241428
6.4797281035020955 1.721855647176622 75.15377235082984
5.67322826558111 2.923333638174972 -42.985810802038344
-3.1682672281581925 0.8896835966944138 -27.970848422852377
-0.688820310164907 2.170625159227486 15.542867090494822
-5.5743913528456135 -3.944579200031704 -29.008536512065962
3.4683382925790265 -3.5746527316677015 -79.90041877128759
-3.798214813623117 -0.5632350769448816 -87.18811117429
-1.2528005529160058 5.9634680897827606 8.488631322505483
1.7922465567871804 -0.9836600645539306 66.6209226929384
6.17824789621776 -2.280259181823552 34.659077506983266
-5.841326877854688 0.5928809554772576 74.65292618771313
-3.3563245848238097 -5.5267159565361 65.48268645501878
2.7946842706280104 -5.876389809510288 -93.86636527359879
4.386650699713887 -5.190447976571877 -45.431385384694615
2.5054328358914533 0.2125467241542525 -14.18454850209686
3.1923554045920297 5.825682826492606 -10.209907610947866
-1.0886485799696881 -6.426676973349005 -8.750953285769057
5.422226503164821 1.096047937079346 77.73894081144805
1.2699792079891028 -6.31692433746628 -18.1816215444273
1.1292787968308349 6.260298187239179 -58.8440506137569
3.1953149297991432 -5.638129849264126 28.645144208229922
6.563594800750613 -0.2376026248615736 -83.77287446639947
-6.301194168338258 -2.4172504715995715 74.71547687057975
-1.3013576428503855 -6.631186793057789 95.94386514781496
2.777764538997964 3.731214068789317 -57.716281843831595
-2.6231617527064106 5.788287606346976 -76.5291293602432
3.7225871226776825 1.9804987666090164 -28.985376148437968
6.095665699206785 2.766396660017506 72.14068116244003
4.058551810434962 -5.103585388417207 -89.34140861611637
-3.1010845341817546 -5.582149559601483 -57.81182645458688
4.74188571101121 -4.70657937782722 65.43730723540929
4.7991371270563965 -4.399659954883234 -56.38866253156293
3.641680991922614 0.8633164886397006 73.79989888884018
-3.968606945510133 -4.817340987262443 -60.41976464619712
-5.275335755494706 -4.080034312058224 41.9272413865788
-1.8889892639988233 -6.579805880453169 -55.143121182365306
-6.145566499684437 1.8390016395185615 -47.5374942002653
-0.2779623339436764 -6.552091115075834 33.12945782119004
0.22377092597778547 -4.669699851384945 47.735577615101974
-3.822825299809466 -0.7410573246262406 20.126460149864172
5.651402838204089 -3.307178958995902 -91.6668628977093
2.6611800857399976 6.194341841844936 -1.6439754719094921
1.829396529007636 -5.378631197568659 81.53261327216367
-0.3661516690908257 -6.726234152779393 65.94828192844055
6.780310888795376 -0.3914275648292178 -68.30560563162854
2.769447551888567 -1.6643142023293567 45.37671372768078
0.7917456133814498 -6.770179008003416 6.735001623726443
6.340737182805472 -2.343164973133884 10.201730985041694
6.275922239190458 -1.4693663408552577 0.12014217829302286
0.6109265254263144 5.892149677118419 -63.72204536331681
-3.1425341225769525 5.41028200930845 11.97156035439229
-1.3363836261830804 5.857252632248801 75.57478154474688
-0.4534313708762677 6.251542538513862 67.72732054031927
1.5151232802372538 -3.318918751182567 -99.64349168806073
5.153710019822352 4.48752829372882 -28.723412457437203
6.17867003084697 -1.5482979348913375 -51.4563865836428
2.764664765278905 0.6529455229393055 -22.98030174397446
-1.4986242146247248 -2.7034153056724217 -35.54723196293841
3.351916351313163 -5.97615891452452 -21.471726071208614
-4.9635623831155975 -3.3353088289037798 17.446063294145556
3.7627906591280667 -5.215380913714007 -2.743565417188937
-0.6389233803713824 6.386286590346686 72.4022409776975
0.06253473014200446 -1.9161068275791455 -96.97548625008638
-3.3458745861108827 -3.2232173744772137 88.38716193392116
-0.24616337831763757 -1.522379843659759 -53.938333831617754
-0.29354206873234134 1.3086431874868467 -54.346361262720286
6.529938892877396 0.620997410875533 85.58189133095394
-3.088336201796707 3.2524183153060804 50.013451571108355
-4.227707142366904 1.6723604339903388 99.09480318992888
-3.1636562237890087 5.37023054027846 -67.06851203348909
5.792604343402507 -2.1683846317339937 -4.186791854234048
-3.933973014519578 0.7159478228016108 46.57399818536738
1.1427273370537425 2.5930666061458902 -17.4583910854026
2.997393552974179 -5.905915295228155 9.16871407360606
5.439805936611499 2.575059179889896 -91.93342696042794
-5.655394216577659 0.30960048396556883 -57.85079966228141
6.716847140292806 1.1230062391174722 90.3231687601259
3.4907146191600034 4.979148559831393 -23.337962011168518
-6.236034342208484 1.964811599635891 50.68716303963205
6.767901146101736 0.2770720929997814 49.89985071805376
-6.667403975533504 1.1502038947856579 30.60833913738445
4.743405050902979 -4.750933331042177 -70.22507616573486
-1.4976324597284814 5.998297626920849 -72.7527604140201
0.0066810503003751215 -6.458997971214865 -14.355095042238856
0.07594804962525452 6.554811640060023 -91.42738086289506
-0.7115331619978998 2.9816793589620567 -71.47539336904337
-6.608976528131201 0.06845456055790648 -35.95838129581606
4.395246399886501 -4.6283635881919105 61.971825609994255
-2.2260599344224548 5.624160504634494 -34.34215296197201
-4.67153878655126 4.909716868951564 59.98129116376826
-2.497323281890788 -6.033377500895176 -16.825120891640978
-5.925365871911269 -2.9313144061139615 9.754598475078756
-5.710067972031823 -2.695775789442397 -38.934390000094936
-3.786305044694473 -4.3677106193713096 14.374251282076191
-4.903072129973729 4.541034070800592 19.801185893347693
2.4682638416784375 4.048175641715063 2.8257617200670713
-6.74763148933749 -1.4461269799883885 -90.41378046831252
6.412880649329661 -2.09963480372836 -80.55519972824428
6.407682915872579 1.4257987319241199 22.83721819368784
0.1571117896805323 -6.556256009947394 -99.80350253422255
-6.20391773868686 -2.2352468122129756 99.22510470229399
-3.247997602489271 0.12323154801467207 -7.921543516353339
0.9828174105023637 6.8963540871311295 -11.635562787836088
-6.177428962744096 2.037420272338974 -98.70329220666105
6.003887021608849 2.5122845149673774 81.48997731064027
-6.297319477261047 0.6353224832129909 -39.47050413328212
-0.8277180836552951 0.6122244457605465 -36.06928770871373
-6.634694472941883 0.9825037874078425 -85.39880878000235
-3.8660604320669596 5.479608251588363 7.351416040158181
6.4655335104153 -0.28041337126013277 27.65994743061521
-5.931119466101836 2.541292932766342 1.1362487834769253
-4.665566510778869 4.8188652248065225 87.79830624801149
1.1571137782609624 6.3382906346756185 13.421594004454093
-2.970574066559665 -5.513285797261619 28.06343981450881
-0.19000970919464732 -6.758557898855211 -4.886263742882317
-5.097924933999679 -3.859648454417346 34.181367323178826
-3.1491783558346267 -5.9393374357714945 -28.49070254960086
-4.613614496866218 -1.5419317750050512 -54.675460906001476
-6.2570034797151095 -2.002504406384017 -46.07599435633634
3.184085271397999 1.5377616618727972 -33.656004238189624
-2.8518131780969647 -5.866863243629087 46.36040778643438
6.220380567225709 -1.9276658781753044 44.881896583781895
-1.885988173862819 1.4407524839294685 -48.16741330779027
-5.355884128784468 0.3171241687488681 27.205288955745317
-1.2328087413642383 -1.5476049163582075 53.3143846673746
-2.365888735369902 -6.430351145911629 4.518648231325918
-0.4440957360117817 -6.600414449153455 -21.15322290830781
4.058139245738982 5.137786706761469 84.08971722977292
-1.0555227817912887 6.586092673347209 62.44403340959453
-6.597688635408849 0.7125535062748212 78.6800202112952
-5.8207180835800845 2.011108222559903 81.35623247158769
-5.005774706313466 4.35260228504058 78.2468058520297
1.1690445930032336 -6.474368462536328 -57.63795145208012
6.669625745699584 0.4004820771609828 -36.36935500523555
-0.05146679263499898 6.677588000527615 -50.50523841291371
-6.638372907695544 -0.8856052536979245 90.05181985120183
1.0757549940824993 -6.687776711422294 78.59735212049888
-4.455335880159279 -4.950834193937097 90.78673981225964
-4.072482474114736 5.376877624553942 -31.34417950583592
-1.2847317164711578 -6.156743189839226 9.34639036680819
2.922245241992178 -2.381075024217311 3.0551386713427937
2.5887244518482406 5.76148527335321 87.57861078107398
3.151092232826611 5.440074749043194 -91.39154369308531
-4.810272141483597 -4.871071504561581 -69.22389112504008
-0.8987518549425609 -2.3016150479963695 -85.97959099304384
-1.5542567031089658 -2.0368049821014322 82.57136974902666
1.2302266558291657 -6.5249459137413774 93.54625276565041
-6.097937128666127 2.893956911663893 -82.5345525534999
6.23204069241027 -1.4895854245227937 -28.754247914832426
4.254509702692239 2.6806899862360853 -45.57609049763609
-6.747897720602838 -1.2481948025415153 -97.5838319271517
1.9437141090349284 -5.2573445639786005 -65.19707886354823
-4.410636154749659 -3.9760103199652908 -35.36551006713996
5.610043291880571 3.121936365077149 -31.282344910468424
-6.516662934123169 2.03128042426373 57.3110036940202
-5.265103696355577 0.17200470132123746 -1.5840109222756804
5.429896244877421 2.52616132457706 -22.22242801755272
-0.7051092854120036 6.590306548360827 -26.579526585658165
-3.9481705106246068 -4.719662262064985 -99.56791173066587
-1.0314651348487542 -0.9908210669514874 -5.757418132367269
0.5306605020152108 -2.994843513986817 41.44864583430877
-0.5800266002300187 5.768630755310888 -47.33989709005821
-6.124889036263167 2.9850958866089585 69.63377446468715
-3.501031405911816 -5.60228256819055 49.67499192398072
-1.0713382652123746 6.685352034689913 57.20551308882326
-0.02816776394949553 6.363517174143783 -86.68540867740712
-4.237968241505812 -1.459741331178151 -93.58508021802774
-4.703810595976599 4.6395380617031154 -88.56286594070635
-2.871494262933133 5.745416528591678 -59.23566670498989
4.389556273124539 4.88854698052288 23.351117788529884
6.252519844628075 2.1297567345658073 -97.08213469421774
0.5105509595408007 0.8216432783959461 93.53560638413299
-6.6579591757990855 -1.6915663376631491 -74.14999680647121
6.2760299474245045 -2.386698420431302 3.3749278742178426
3.055911809034045 -5.902593876351563 45.67353163175705
4.4131314904900805 5.007135693741181 -49.47489055385332
-3.8025289873831998 -5.033095682031738 75.78132969028701
0.3541177907618396 -4.114755305059832 4.7650676999875285
4.721028473795017 -4.928558884200785 -32.62037902538644
5.445728929418909 3.984634636059025 -39.189659098465164
2.854662315246112 4.8604896634604895 -19.830640658062507
6.731133793629913 -0.33386176038815213 -55.54348972645622
-5.916767415980924 -2.5353517426052745 21.0591515925339
-2.660698330077197 5.559840754119891 31.38936596452087
3.032958275362691 5.815318811664742 28.7699985092279
3.6136552089150915 1.0023510878885253 3.802058699312536
-2.4687885822073294 6.162436361677444 -63.574609828508564
6.145157119443198 -2.5585577868934433 69.59719636544435
-6.382180925439441 0.6552952716763164 -4.921366332844054
0.9642517036964144 -6.694778287189599 -50.39904867205718
-6.671824520120893 0.9379259125601456 15.600391101035642
-3.957750411496286 -5.133927793922934 -45.619080442804304
-2.020598419626091 2.4988856066965397 42.20667353713585
0.05950268602946979 -6.781904064850938 53.39278740240482
-5.228790310801096 -3.354727933610688 24.5951113218954
4.091838706279507 5.1108911389145515 65.54597475307527
3.1709679176472845 -5.371239570209561 -85.14842466428682
-0.3281776279598741 -2.610547264891356 8.680139085705866
2.0399070198216482 -6.372775063879977 40.278646098195495
-0.1276129392382538 -6.754927694960294 50.38657907147862
-5.836291117790349 -1.2083455747312293 -50.66285660631642
6.089118149941802 3.0905073929270555 16.14584285834894
-6.385055425918035 -1.373356731827587 44.32587075407306
