-4.2203408776170495 1.3886760492674637 -32.99500035201905
1.6164525372899852 3.675119477435621 -86.48567522759129
-4.188170634246067 -4.837653364913337 97.78515026247764
0.43577774266425884 6.589528863575622 -3.6869105311732717
5.453572644808378 -4.001551581423118 24.761467550025465
4.88619768224768 0.26494728111276256 53.048255355195224
3.481027959494732 -6.139092617387303 51.32594780801001
0.8134833854442295 -4.084805318970266 -94.2981818859827
6.588887192611131 0.25021584191229695 45.34982960711136
4.12037649769094 4.285759033882591 87.55621595252539
-4.836360465921083 4.496893988675793 -10.520925327144967
-1.4603587869340884 3.0279336320887125 -40.386573305407815
3.4555820092431704 -3.8772089000806793 -28.769944644716556
2.291935883910683 -1.0756236073248968 82.72611516867592
3.3597495621646063 5.742596629358974 70.57885033913686
-2.7607971684205177 5.060675315440061 92.47510686709234
6.519293658419321 1.6087806679113796 41.296750611944404
-4.920569910184836 4.425404091691986 14.12651722431303
-2.9100844265235515 -6.357417759966722 71.20749275036293
5.042721549226064 -0.9867242578287817 -71.1850528514921
-4.474423126577967 3.4713027153022247 75.08587045091802
-6.236751160266809 2.907451023565353 -94.27881107801592
6.129143455062296 -1.1421392415245593 77.79755968419629
6.994487175502605 -0.23187592888529832 -99.09149746156852
0.6971147918181918 -6.543741209888291 22.900385670411747
0.9980775606224266 1.3015462602115624 -72.12777617277786
-1.1460573807152594 6.545362198088606 79.41555078140534
-3.835058052421591 -0.11116803912350531 2.786029722048622
5.504042841484357 3.071102829433737 8.45919546066724
4.574320480752998 4.729924640769879 1.1435459887636372
0.4878525802868817 4.757492324780566 -54.39484216436607
-3.0868525278770678 -0.6850533956911323 -97.14016575968074
-2.9957751376418926 6.213329539730357 -90.72099373566164
1.7273417092083603 2.0174958664002935 -89.45054717487862
1.5965350739973425 5.003524411428566 30.054216647574265
-3.2169709645298874 5.215660264681793 44.88384371591774
4.449691280268508 5.038583867384486 -54.53600428765906
-1.1915978949503283 2.006487446746167 -31.84074077915013
-5.839283964220232 -1.9664986814360246 -24.176573599678587
4.918376867891988 -4.4720570070972805 -25.67211862542986
1.798507315509315 6.007179702540108 -35.40634402290556
-3.9931797759855088 4.890700688270886 -52.94264653970287
-1.5978963470842165 -0.743971178347878 39.119052855584734
-5.237875093750149 -4.401708677977522 -32.39630457932173
1.3499356223605687 -3.6680533378359392 74.87652761243356
-6.023382807437664 -2.6629231413766177 29.37948186073848
6.062531176259322 2.340790284835146 -52.728248875721135
-6.41250715791562 1.1227196542418818 -55.348968533070554
6.289336866324021 2.2064275480591675 -61.48431532097113
-2.842328587075654 1.727890978246735 27.013778687526774
5.222869723361903 -3.963546991182394 -74.46925463047488
-3.1522266589202244 5.694285662501144 -45.70548431883886
-6.348312932914538 -1.6870087096180304 -15.888251566281765
-3.1664730864342365 5.6276293724785935 -69.91683133415319
-2.134864668615101 6.219138211630567 85.26806732290099
-6.025928467087809 2.769178119494283 65.48631128335622
2.8294821769766423 0.8621103336741271 -39.29438366682559
-3.6199672238733642 -5.277118053538696 -87.55919952359005
2.1699358919533958 -2.885929148660619 61.92263798949441
2.114559020726892 6.455280461517886 77.68352785398139
6.0977760146461115 -0.41605785684504837 -96.46563811225599
0.2832166218924797 -6.0465937285088955 -42.16659615668653
0.7096989007356871 -2.829334833832634 -20.496312690669274
6.55664698081796 1.079088554024986 -32.67866330751978
-0.4802176481634438 2.9122267252302523 -8.19325518225287
5.599892174036947 -3.7699180669757046 -58.84268011555441
1.6181991671843297 6.1562343755757345 -65.33225165141184
2.4333821273036027 3.166089442265278 -93.75178560898675
1.8026890672400275 6.152852430814436 -84.23766064919465
-5.073548278724493 -4.409029155012972 6.434551892615249
-3.9479928692549753 -3.8260970916468566 55.78723162113747
2.225515392816692 -6.162484172356622 -36.24106594926417
1.3596569371748584 1.636569053359245 17.951456158866783
-2.373902049439703 -6.415433149282578 -33.38534027418663
-6.093167853134919 2.4163773250508833 41.563377741547015
-0.4680868436004666 -2.703956264319311 -62.987064668173296
-6.108408426352661 2.888734491005495 54.14198211527219
-1.885503417963466 6.416287937447665 23.3608212945914
0.22735789091833913 -3.3663362492596263 -2.117104908700626
4.641181904873776 -0.06852919064369543 42.76436078089612
1.063782011216138 -5.915414299284283 8.893696349486275
4.549697308500937 -4.804860776656981 -14.499026943164806
0.36589370306329927 4.798641592008576 90.35454983607188
-3.6678207814029467 4.709654971810457 62.98051357070062
-6.536260589430244 -0.42016933307459897 -77.31442825943044
5.799738632895637 2.2731916890884705 78.02684810688626
5.279926138477053 3.549958672839924 46.44689840268786
0.4741226033168016 -6.308617224086707 15.88827399851475
4.302151481751384 -5.334546152547242 -97.21529938269904
6.512156917854211 0.9516247772873007 66.21765543101436
3.71113431624118 -5.311604464801576 58.13152594946076
0.30951307964909414 1.825576433427827 -79.47391296250254
-6.60331530255232 -2.4341876180998625 14.866762516772704
4.944935493560872 -3.9889343632244376 -67.94166638586461
-4.217061184141746 1.193877279578568 52.06322455397284
-3.445814551246619 -4.160268910229177 -22.808867026172685
-2.724220609669921 -1.4627743771083308 -83.85384516608859
-2.632365368741523 6.025726333448928 -17.154500454698983
-1.0598487091551168 -5.699113980719772 39.57990994427182
5.441886919499311 0.5358622828630377 2.811747734691723
-1.8890454339708111 1.9886158738396982 81.58251982146288
5.9365814487847866 3.2176535563434863 3.710835144821312
-2.2786713683949524 0.7271210450203485 -62.525760684393404
-1.9971972541659393 -6.506724546873097 16.928104168359365
-6.183342110782889 -1.6718202004601226 38.75488248948283
6.598173497551411 -1.4269384368971292 40.32124695116049
-1.9851241331448264 5.8523070572323865 18.926882641616746
-4.360660456594129 -5.321405681413201 -94.65994444713773
-0.044498971826839484 -1.9229582054682324 -66.75610991299367
3.3224616434688845 -5.252028095663523 54.44810278427514
1.5719562247788248 2.690818361087446 -3.3107030532558435
0.668938279670005 3.778494770639163 9.415804838009922
1.3686249901974739 3.348026712139808 73.23223234743567
0.635107239928995 6.46407350301119 93.45541203344709
1.0576111318962078 -6.0031828573341866 -51.386468458661234
6.187674834854364 3.0132307196616317 92.70416125390757
4.779814363669558 -4.849441009556081 -62.12640627076679
-4.139225443701556 -4.820571029301864 43.29600218102831
-4.171591542968576 5.166441717559133 -37.250344272415624
-2.292548772949527 4.16200866846353 -84.23901231120566
3.5756844450393195 -2.2208812361930006 14.424290874725168
-5.314775339621017 -2.261167530027703 0.960416799085164
-5.384872505043789 3.678791160846854 91.73268990786593
6.641052586689003 0.07230731566389503 -74.92021334989472
-5.938562760557457 2.9703979167334342 -76.96171982042874
-1.9647143843556527 6.467472926395096 50.36468847815013
-4.980839931001729 3.8412376905400345 31.475692281750636
6.0698384557909115 -2.759541719508322 53.00535395412619
4.837353850994337 -0.7680288767386609 8.097977819524605
-6.781835956264859 0.12145651759356568 -26.550777932817393
4.638479368713956 3.632512343659974 12.228036539810622
-5.266450850687901 -0.35121032874512154 23.919881861195922
5.373571097969576 -3.3585659422440326 87.46236708994608
-4.6295435273686545 -2.6253065947774124 47.158940163355304
3.183514563849051 -0.05098662488466399 26.73425714606173
-2.031810107313577 -6.36245417562638 -66.02057927747596
-5.395817578931746 4.944634152375019 48.43648881952854
0.46781827596039327 5.992034389588572 -32.20622576120951
-0.8794103865219804 -6.4851747343659785 73.66823456526824
-6.762614906860757 0.6858955226918318 -52.10712244851506
5.997829790986817 -2.7602431074920335 -35.61389692906693
-4.670500274883694 4.7122194145136485 57.0218371507813
-1.2449986710333527 6.546981871903746 -78.28531245386004
-5.376559631642472 -3.4164650734266937 -77.48699423240848
5.156238817187959 4.301182969489259 -64.77544539170079
-4.231727974441171 -3.2016762831402423 50.22545025492949
4.699031374608447 4.89235901424377 18.365431627079804
-6.568774750104729 -1.417992533030149 -60.342244332887354
-0.5190404661331419 2.677977114129809 -60.23894768165541
-3.593498094517196 5.336142264818584 -94.70319415872004
3.6369409751830823 4.8792365958396795 91.0373378579207
-4.704034558414322 1.4314905246841643 13.936387380930707
2.7590938738086823 6.152215236933086 39.01571649573166
-3.7760572098713086 5.597940217629304 -3.2184636788164824
1.6003083553356827 6.301262835475867 99.74912024465546
4.777277739960077 2.7170031008890896 -5.928115295465708
2.0740642882198412 0.5547347192121707 -62.54366080834723
1.635666475376296 -6.292541519440635 3.6083823103740023
4.219121902681791 0.3963835065570732 11.919203770944453
-4.581913236068136 3.924043189357172 23.82349725872685
-5.344739150947292 -3.8830178074056794 -57.852851341259054
-6.4481712272485066 0.3138438675465755 83.19718217858045
-4.672071383276544 4.49930808988228 39.541635686497536
1.2663634440222344 6.5765377597830685 42.628246919848266
5.427954468960872 -1.136761840371657 62.189830371611095
0.529269898943688 6.639272854615856 2.5799696260182183
-6.1984391740856735 -1.1501318080978626 34.753937696889665
-0.5988532687716703 -1.0626240133144025 27.745149243268816
-0.6661271704780323 -0.17888775632162646 49.088925719330355
-2.381111476999266 -4.706339795981262 79.58868403356205
2.5815666854092454 -2.1854274996415737 -23.977861514467087
0.3285702604848868 1.8416177869605663 -52.88805017841123
2.9030207082515185 -4.811150526286533 -11.356247811728958
-4.487066336286046 -4.888289756161376 -63.70780373680655
-1.65279643590247 -5.8101540795994895 -94.7272526788937
1.3200124259374784 -6.743102398923208 -95.91397348529205
-3.293884205615597 -3.339124560602077 38.107536404713834
-5.35606643344064 -0.35492045145222717 -20.61063190986239
-4.498995682680775 -4.765411611746248 -7.367181863617378
-5.88830221495786 3.0504852661226813 -28.23375083367993
5.920284830992085 -2.9533936291963285 58.56918587579144
-0.07506625778057327 5.668410334657917 -40.09308638378022
-6.537961163706561 -0.19268334738306248 60.14873196605139
4.447223030723218 -4.402899313847325 -81.03425913134721
-4.893344637773858 3.797149365460812 82.01265319560049
-0.4217131596720963 6.437242733991314 82.58393645733176
-3.154905942305868 2.8859036758960515 89.95619962094233
-5.99764697859804 -3.4289736172855942 69.97259807849571
-6.766157075919548 -1.292476746481625 -33.32372593393406
3.182981677129802 4.535026089118553 -61.16930007999005
2.6607931734831336 6.094370967452597 61.26491918501735
2.6807229685796985 5.692836826078925 -26.70551337208024
-2.613954668529622 -6.365243832677663 55.0925703616376
1.2340207131201786 -6.544487955751794 -67.23444187536268
2.9980856602639183 3.4698592405209854 41.25583444907322
-2.6186294955913567 -0.0368077408459076 -71.3847019055795
1.173863745429786 5.967687439486348 35.737624954022216
-6.173955727946674 -1.566943177303927 67.1765061404844
3.992318375712634 5.573782180989046 75.47555394658264
1.7437435587401686 6.299457607901613 45.87556233562371
-4.927042069030333 -0.28306980330384734 -87.87509240455977
-0.5030078021141859 6.533440909429594 -74.93194553739441
-0.34179478564911764 -4.594324323690799 -82.46309386805473
0.9386259325685895 -4.175205862040472 -90.9155760989213
-6.586689235725439 1.606353269704444 18.705805006536593
1.5702496488966062 -2.8417226629385732 59.10169405065383
2.3088936426024094 6.1415343659759944 6.0409238067844075
-6.441955533424935 -1.8619265449304194 -85.0456391632876
-4.023549180245125 5.703244387026247 -81.29545601936222
-0.3840677249472756 -3.9002573654523363 67.38009016310096
1.7906463325123336 1.679342387258652 53.25280615255452
6.7211530459270605 0.7269412503799693 16.22098168084824
-1.899894838708378 -6.261190662558947 68.09560862668835
2.5532163253501423 1.8091900200360098 -59.8491958156096
-1.9575285625566246 -1.7943488112743735 51.509240363985654
-5.466604170305317 -2.355405896682362 -2.6821845316034745
-6.5871144114971525 0.07686263278803973 47.00853388305531
-1.6640741638506413 3.1488910883997137 24.268382382417524
-0.6473608595457663 0.6511701006134416 -94.58850890694295
-5.306831477326107 -3.9033087344836437 -80.66329300206333
-2.131453386984279 -5.945073870052023 86.7801575722937
5.954074092523193 2.7018615432603608 96.03327449527691
3.754500468600824 5.528369021986849 9.69408289487968
2.1679920007088147 6.2175837944984185 81.0498936683728
6.231491391412831 2.427326953968961 55.823375982285775
6.758257836620343 -1.2608518085100784 88.76055717758899
4.874049239435981 -2.952229972962578 5.599460236500571
-0.3074718436666076 -5.360001259187577 50.03692402225687
0.49207538307986454 -4.480844190117108 -29.001290580010203
0.15157981501806325 3.7255060120676577 -44.104870746806704
-4.671904627995871 -4.637112149750189 -17.057654119667472
3.4308416149293195 4.230311729091187 96.29211980688187
0.5243561110099653 -6.5952569106539265 -39.23644153204616
-2.753262618267783 2.5565644570072417 9.848030203838546
-2.9619393222372534 5.981745267234192 -41.71362002598652
0.7422860523980964 6.317277334427605 66.48100219087443
-2.989877261144776 -4.522206608832254 61.79127701334555
-5.4120934540000265 -0.45216668588737396 -65.47678368967635
3.0956469691266864 2.04965087190256 93.7695500279345
-6.848689064290074 -0.7442100613552026 -29.90099662040408
-5.897658183636126 -0.6815852878180164 -81.04077811985043
-0.8255280784888468 -6.567041497284102 58.1522079509962
-2.1169375244653956 -6.496396832629003 -91.7927782101615
-5.365819185982569 2.9431296059588585 34.94362595017979
-2.7055878632826786 -3.7239880421849705 53.37363497994938
3.050412480016612 -0.18897878083817823 67.52093929286615
2.7667535392993923 -3.2473876467962977 -72.42489387539253
-1.0444405153667546 -1.7940565343689436 85.68500889703573
5.070386181200661 3.1512980673403104 -16.413463542783816
-0.161316155461688 -6.691941364864761 -63.69323881581653
-0.6177629400399113 1.2568947091562876 -28.887393310725358
-1.648181571633437 6.5714028145546575 -9.646508522037857
-2.9893201225752484 2.5625943669745297 -20.888929001074327
6.050105941445057 3.5332637482920455 89.29759536366393
2.0531417739014377 -6.2278164654632 12.703980634024754
-5.285701058941349 -2.54697937423952 -43.08852971465077
1.9310903530051646 6.441300965835687 -78.76507339658966
5.369128147650952 -3.576056999470641 2.1255375878607357
3.3037924661752536 -4.704601796162976 84.68972569404917
-6.08463850815401 -0.16786216369299534 63.89180824255928
0.7723479021349651 -6.22996264177219 88.62911969450758
5.80193078644148 -2.8097394284608863 -19.569126382805713
-1.851104001271569 -5.989669746155815 -49.755309185437625
-3.5163305710069377 -5.723737048084807 -82.85183201772713
1.0770124797986118 2.070694789597659 65.59826436965349
3.5904324801533827 1.206869383117676 -99.96550651297942
-5.630422996180747 -2.540664055874496 -6.010677097081841
-1.7163679845898752 2.6255600066620075 -90.01815233895861
-4.277833355997569 -3.850917628291523 -73.67127798478997
-5.40961866023224 -3.367135352878059 63.822963014835516
4.591893566386463 -0.6644137407927435 -21.478942286615645
-5.753009825182062 -1.7325790162273265 96.33946501719944
-2.6814853441208797 -6.108827652094685 -70.24103686930675
-5.633443636200752 -3.217355756689352 80.89555259788251
-2.4286676572059847 6.2968103470405765 3.5769098182664942
6.143245899898785 -3.0242651562776883 -94.82970264858683
-3.00671865520888 5.513357175113254 54.10231019638459
2.4893021839458407 -2.022039282899218 6.886989611545988
-2.21316946472631 1.720605973430958 67.16872619160628
-1.998348932908411 1.0713603506793143 87.61888976628332
1.9978155288780604 -3.974191553966184 92.35613942140729
5.864006697300702 -2.7408930980212407 -44.55432624886275
6.052307018605326 -2.7938949836172116 74.12053493640362
3.4519208697765347 4.167131436565439 -99.73454661215803
3.5653267165894773 -1.4808093657638517 55.637970188225964
-6.535387691105427 0.33041779025308576 -12.415947406499868
-5.342844084778106 2.575155781952208 -35.634088604395735
2.4821107537222633 -3.334923453047751 -37.44331166400291
-4.437612467778608 4.340947850873957 95.03799427711546
6.372958838493437 -2.4561489843053783 91.70835046974061
-4.394949320043439 -4.976739424804784 -2.7101459735724065
4.882662782932113 -4.184764671598317 31.76966685834683
-0.37258786018675444 2.5768935707674405 5.241850714555201
2.6275800201743227 -0.2980534795497114 20.527641960098176
-4.341069812600586 -0.6602177255301922 71.20472427928797
6.00287697017211 -0.5356498085532024 97.46108536711243
-4.327777305843067 -4.224123164475118 10.918656817957142
6.135649457494588 0.7821793888643807 74.72260404211393
6.683914733715891 -1.8429081900625874 -40.793641666653066
-1.8813624488741216 -2.602961912565058 -26.597184372680005
0.5663599934239465 6.5364167671138755 15.933560536718446
-5.550690190056553 -3.5552985908751396 -29.614670605134556
2.6160966052296346 -5.991056184513646 -84.40057639749897
-1.55980571208937 -2.219607055898267 -88.99445981777832
-0.07976778622426317 6.572007081819729 8.4743972545802
1.9955374552389396 -1.5912421119459124 70.42118460540159
5.26764903293299 -0.7534779791631356 37.566816010676206
-6.3700670122854275 0.373615138149311 77.03592812827357
-3.7806811947012258 -5.647795514371861 65.13580391927054
2.7056260188504013 -6.115744214127563 -93.52489828921337
3.754716743364518 -4.31499031590642 -39.74694197568714
-0.8568825625931566 -0.9514323684935846 -11.316279903964169
1.504038936644143 6.098619886848797 -9.50583115564958
-0.06918458389326959 -6.021282636228279 -10.690155100878968
0.027606758336075177 -0.567638159868644 80.49793428834232
3.1954006731981615 -5.505841288108792 -16.82216417325589
1.6952785777821486 6.695610230719389 -57.751892455237865
2.562322952583089 -5.834935876617533 30.062341421985423
0.3040606752416573 -0.0987308362237751 -83.36704859983723
-6.56457180189991 -1.6585912428601535 74.37365709288838
0.4950881686040562 -6.9010498174559345 97.20505860514177
3.061381685275275 -0.25228553450469193 -57.47588869403562
-3.235659686251516 5.3452394423045915 -76.39574109308914
2.230729173629945 2.6405003335062776 -27.663327046399502
4.671463191944986 3.343101590524831 73.51270057072232
4.1980399262881285 -4.717360501055657 -89.47549950115852
-0.398432123821914 -3.2070385963290184 -57.22929781150614
6.00859665071625 -2.5792462483591216 65.72360214431949
3.324816134619689 -5.389704529828339 -54.98369407156894
-3.3731944897081556 -3.9170899571414686 71.11906610695483
-3.905374972504489 -5.529547984154359 -60.86262452189123
-5.006776867325141 -4.653824960289122 40.40098982636433
-1.6699421069593021 -6.342036173818995 -54.62837855853316
-4.419320295654169 4.70034855652081 -48.535219094228864
-1.1499344585535953 -5.941975980035763 33.088775795178435
3.543181792927769 -3.5265910985014695 49.398366033129236
-3.9560741607680625 0.8757255808112439 19.824732468098905
5.871425931087435 -1.679289766431887 -90.45957142351598
3.863483023059371 5.031715708900799 -1.920785379092855
3.295662303442376 -5.595338655318747 80.9676140075728
1.2042996064248437 -6.72598951406773 66.51477027393115
6.18179243985638 1.1537984115740099 -64.66507287563866
2.4275857521452777 -2.46399030520353 46.70191500455828
0.31875187925924287 -6.586145168474792 6.146003077669922
6.455296864329114 -2.4615472482289045 11.135125250485967
6.080463328692292 -0.1646700699629544 -0.328582962562045
0.5816361113803828 6.673159011380174 -62.44282986186048
-5.921086620574618 2.5392764890167494 10.064101374154951
-2.7580258158023234 5.629224072841613 76.13033364329186
-1.0594147190248178 6.092691940930755 69.46537691116649
3.110578755305388 -5.932017589337068 99.0821241480232
5.388309857483953 2.4716743296119232 -28.438328029375867
2.795762603816396 1.0934873886985712 -47.52143093259872
3.0832723189171167 2.0289367607967046 -24.282648601705116
-2.4515004185876905 -0.9413400712828652 -34.81900705300446
2.729568526939363 -5.820845089060362 -20.403119936968217
-4.8675991501740015 -4.220638637736503 17.699762782946653
-0.7188826573350506 -6.525893281955317 0.41300764710309107
0.5390609162518587 6.496761635731524 73.18653546702005
2.3523285307592308 -1.4918549359011053 -96.4069139414469
-5.152031449191514 -2.488251168566333 86.36971766402495
-0.20261164653930236 -3.4313066903393863 -50.07280777420987
-0.2561189156723846 -0.1404990613570938 -58.423039055144756
4.925977175253415 2.69880414943104 83.00242083623823
-4.270890983081833 3.8168902030796845 50.67855448692288
-3.4563851790186244 0.737146560344358 98.91364507617587
-3.5167449213549387 5.656078548196599 -66.92619993627007
5.123109846807663 -3.3889727100903033 -1.9230942790253045
-0.30056838332240443 3.2883533469994526 48.59514467354247
-0.7080001328858885 3.6428476221542976 -17.239209904163747
5.000784653183011 -4.375745673456985 8.183412905020612
3.979396344089522 0.308016320196994 -93.24116840190153
-6.46196367118292 1.0898237165049265 -58.71596359102918
6.146181572628253 0.9998914841968652 90.36154974342485
5.109130963434314 4.244292653794548 -25.015821318441223
-6.846633096427505 -0.016028678053456438 49.71240794295609
6.2926868867967425 -2.3417491025519674 49.34615411895665
-6.31371549455016 0.9202235162720129 30.478752941784528
3.4449217900119993 -5.618363746087356 -70.16670734222208
0.33715014246898206 6.845679943352897 -69.58199306433693
1.9929313586598165 -3.4240492050025213 -8.150682556597602
0.04729465161387436 6.2976000368610086 -95.42441396345245
1.1069010572869298 0.5171055998799159 -67.70654773576808
-6.731897913346803 0.07212570452745447 -36.14559250258492
4.1916773060187875 -5.2673600773276705 61.15736787233863
-0.7546011928071328 3.095852150980097 -35.37187250372111
-5.346851016659373 2.075495711157014 61.588619799931
-0.5779724452778796 -6.872587743402973 -17.32245173936944
-5.4560734319695365 -1.0942004597905715 11.316804263925741
-1.2567766489757553 -1.2268753564334998 -40.84169106702097
-3.466277522613203 -4.5535637818580055 14.32118080733939
-4.602640879530512 4.292699626290385 18.16508220677399
2.9169309399325307 4.191859836774106 3.4825793350504255
-5.931027821770676 -2.8265506287447546 -90.2278674431265
6.615167841946639 -0.9736745158963298 -79.45143213778215
6.208056532956466 0.7214170710023781 24.209835225599065
-1.3945700593607468 -6.118110034260065 99.84672832374423
-6.401737990555187 -1.2401805101188617 99.50303532470816
-2.6032473752413257 -2.855290724772789 -8.28684902639344
-0.7192017230403132 6.405643903511758 -12.45641801174899
-6.4622527421379194 1.9246887334783975 99.19283905796321
4.5329869082411465 4.19993347241284 80.50958532475369
-5.478253392618449 3.283513159092863 -40.84173786750993
0.1083993178452441 0.2437285985493451 -37.5500209675836
-6.569254784305631 1.353386766878636 -85.32953769615881
-4.010307903888889 5.304492170351255 8.953056385683686
6.476664660657161 0.9823709510833378 27.896715567639312
-3.0764277469770063 2.436532823432475 1.589817765696116
-3.75109058818372 4.837045025452434 87.43560487521816
-1.3967620364638007 6.177719570692311 11.3649092173914
-0.4580367605390501 -5.793750740981018 26.269100122940362
2.77775015146882 -6.255273251773969 -3.8067174889911524
-3.742280002391537 -4.653544189364897 30.547133854012085
0.29276221588907975 -4.488503278912813 -32.00478183171445
-4.329678525854282 -0.7007794781238956 -54.596130619895966
-6.1614005232091085 -1.4776716786461384 -46.982580997338346
4.128345286828769 0.6271900563090711 -35.257131084240115
-2.6654815431717633 -6.416039382929943 46.2252101512387
5.8865035800236205 -3.0909867035925944 43.91821325018932
-2.8593473906503375 -3.2153932815523882 -52.891379433783854
-6.547698120042241 -0.022748596280394745 27.606634612460187
1.162400612422744 -2.591478680201469 53.37520281909717
-1.9437037303278715 -6.1062911129368915 4.080736754834837
-2.0386753287643127 -6.248788994301007 -20.652713807735932
3.4776619854526207 5.439383822714999 83.84268563328247
-0.5470750187631876 7.053631717149883 60.84082359484442
-5.99171896236525 2.810425694645117 78.65606659098194
-5.753546685570981 2.289764960357574 86.29321086597591
-3.968899299611819 4.839890057831966 79.33650251786636
-0.9889665975167328 -6.654701033446089 -60.91763872773596
6.779233611218945 -0.6685453942962957 -37.71426143792043
-1.1128977487167504 6.759654187497486 -50.73748138298147
-4.9988461969176505 -1.5660879213367616 92.93250083732151
-0.07470995141281139 -5.162136266768434 77.56740354445597
-3.7073202873135114 -4.916098632117847 90.88996652846305
-4.967848778423975 4.707018416508229 -31.998539728573714
-1.7613933990246786 -6.583930155323553 8.39050203381041
2.62040456680167 -2.0070321572176857 2.287770627643812
1.7371460294198924 6.272234112853475 87.56461529363509
3.797955757730077 4.882544926907659 -88.87285870021745
-4.6400502884429535 -4.719736173714315 -67.85561983506149
0.9788433239960656 -0.4152953813316931 -86.22668119409441
-1.5898825245419885 -6.551035728948678 83.52468919104015
-0.4110319342390529 -6.756712189199783 93.36147520476666
-3.787351075272992 1.700152100635405 -82.25843961855286
6.457158543144602 -2.0230594342318295 -29.189419484363857
0.40916505288688665 1.8742577441039225 -48.93603410845824
-6.778858275056435 -0.32739062161980165 -96.08003140909123
3.2484756306561273 -5.683487821177566 -65.26381214853718
-4.21520559555056 -4.070128867664294 -35.331156843370614
5.035466175354996 3.000730300785247 -31.340568920224715
-5.529396320244507 0.5573727267473034 57.01983367892184
-6.196458003177522 2.536875846482143 -2.406592002045762
6.493023678832519 1.2366148244213664 -18.94944244966375
-0.29721710700362186 6.576190148752732 -25.554490845389427
-3.6086814884148937 -4.314844383227069 -97.83659507909465
2.9258528701721014 -0.66828411258562 -3.1405372629918227
1.3712736460247315 -1.2156328941759598 39.16065636145568
-1.1099999917174987 5.79398987383086 -47.86961149312874
-5.86533772588291 2.835734830359802 70.17041990466464
-3.1182632507350037 -5.809377129251419 48.99681730975258
-1.9229779966034126 5.874477523841932 58.46346173283779
4.482102942894314 2.922770720431583 -85.13779308789151
-2.2541202881526994 -1.4157182698391164 -93.14931393073938
-5.619495977777192 3.596403287620185 -91.44160552674408
-1.3129387790431486 6.5500361977933945 -56.80629755908093
4.831407933553777 4.4716875394689115 22.28070305116514
5.519137804535931 3.2612712896368237 -94.53264064410482
-1.1021888417915984 1.9054074932001637 92.31025737615067
-4.8304995234330175 0.34164139667434 -73.96291596173911
6.8593765108752125 -0.9566509844952833 4.098243694373768
2.5064686192127876 -6.151759815151734 44.93721905795016
4.057855364517417 4.533443758170299 -49.47487951413044
-3.93882716344949 -5.073827450058502 75.97514782149959
0.6301037066442237 -3.440607510124703 5.000328942637953
4.391026166273913 -4.63095937450316 -33.443095480900745
5.033704377974054 4.2704334962430615 -37.127538008351905
4.044065097813708 2.8781031424359425 -21.540741915926546
6.13396915536536 -1.5027012823097088 -57.06874612218126
-5.149679947175488 -1.98196861518705 19.351843892396737
-1.112592212952794 5.52658579041424 33.11747794454268
1.0469965160196355 1.5304006696362467 23.314856416345584
3.8822685038094416 0.2311348273599339 5.1492953399336345
-3.191514370563485 5.835735457481393 -60.45566755429867
5.004792479342348 -4.170517515247969 68.30964197286617
-6.306083122500388 0.5204400111048312 -5.923861894788673
1.4845620347754638 -4.790501208836346 -47.82135976209549
-6.857769508268188 0.4226131880688831 15.503450024432222
-2.841352171432716 -5.5842583795548055 -43.993277902853336
-0.7510410040104161 2.8080516765154337 41.620766858748986
0.3573711024429008 -6.6703307232816895 52.85034173856686
-4.29509785407279 -4.165073985667541 24.380155173692206
5.155830748994045 3.6179584383606733 68.77177447638651
-0.07358507489446292 -5.249803514853134 -86.47735951937851
-1.3483642893833392 -2.534732102889299 8.452799822237724
1.3804796069712861 -2.275528245172507 42.87192321205659
2.0504523417130733 -6.732047291604674 49.227640450056946
-5.654022589797688 -2.997706701201921 -51.30791082627408
5.283179556889257 4.038814780420054 15.354302842707558
-6.717715524898536 -1.4844882540941138 42.343388728313265
