-4.691999910731488 0.2165469149918564 -26.135971029927603
1.5442265172505296 2.191585327489733 -86.4749513048616
-3.6842218869543215 -5.008675292302398 98.31987725208077
0.5894119597249007 5.339252962681068 -6.1803290239202555
2.78136281088 -6.98767151953 26.972131657
6.400273584909716 2.092481190109255 48.76125003486521
3.0137488261395946 -7.90191763899936 51.77646011136822
0.6076351665681686 -4.21413300029713 -93.87237733748547
6.13297498514627 0.07906345060084777 44.26594678507755
7.57625600511 4.28258967222 84.2197335168
-3.821437042792026 5.219746689717447 -11.19586584506542
-1.4157335597327831 2.1544840687851963 -39.389518535253295
1.2438132884025663 -3.783110865581564 -28.681258941895866
2.3394904889613817 1.2043737323686963 80.10291659938952
3.7781241124905893 6.878088809768481 71.84210628848899
-5.427728870602533 7.536842479559219 93.19638713238388
7.198956634848983 1.0235723215148296 42.63804809453846
-5.452058281841672 4.7446491872311745 14.014161699154894
-4.237855310600331 -8.451879097298292 70.42660049124454
6.214465589424335 -2.163668523990167 -70.24236934990323
-3.7215606804255925 5.68917136114525 74.25448715679251
-8.293046326628811 1.4871084699282 -90.87296862814999
5.610158042869045 -3.132696584964554 76.32211421576858
8.735276934373143 -0.26119904280008993 99.54587281557774
-4.241592815880612 -7.841340927733304 20.077585634248905
-2.045893212052646 2.2126584126610536 -68.18924150966555
-0.8023255666348077 7.745970418674927 78.73511068230272
-2.3021877051685706 -0.6786255912073478 3.5830097887304575
3.082086789387359 1.2512483274317685 9.546502491054083
2.5628810575659173 8.30184917825535 1.1652749257758692
-2.4051588793898935 4.156495830568682 -52.929135763069866
-0.7855787338951999 0.18520059312363713 -99.31282233178116
-1.6042898526738425 2.912970080284465 -92.52803582692117
3.0060518981286415 2.0766409235672234 -88.48549908777034
0.631448312192826 -1.1518529353308193 35.04250220797084
-1.9804501366306453 5.094548215371172 46.41416904075478
2.445209570231636 3.6997700554907422 -53.41225112397796
-0.41675194222125855 2.0508841400003113 -36.007102505754794
-2.872130195314525 -3.8949785260226255 -24.894721017145876
2.1389039905586023 -6.069888232323255 -24.63798757837342
0.051569391126029596 6.706839615778676 -35.79129057474565
-3.743055528576046 5.307222990738449 -51.794649635066484
-5.261583105418322 -1.9891324884415935 39.77377809453661
-7.907937145348748 -3.0319444629253023 -31.11138225795504
2.7495943888561727 -2.5286266104208828 74.25511801450543
-6.3126966514279115 -3.175786371600408 29.974946974580817
7.493555834332999 -0.45019894098984725 -54.7576593368069
-5.65228173614968 2.4166632017675487 -55.59449359700304
5.842867200314369 3.714036574702799 -61.58216482523728
-4.6956571350122225 5.5375913021659535 27.920952126801676
5.495718737191568 -2.532864554314841 -73.93799452833359
-4.153780307657429 5.870393723584717 -45.71743058943013
-2.406933557168259 -2.3409792372143 -13.793059708364462
-2.0321256481498615 6.926126895715189 -69.90408093730119
-0.8486707311181734 7.980785963167331 84.73309911277441
-3.3059750678928004 4.287890688418165 65.82467762706574
3.97474225749834 0.7619384988659246 -42.38024689235413
-2.6220968734744914 -6.258114762616081 -88.0720161464963
1.6720613705697978 -4.0715252201929815 62.2907528530516
4.287213958506203 6.998819288409684 79.48767670262937
7.928237826721909 1.4904531975381818 -97.39828469232447
4.943539204997415 -6.444262614456951 -39.389366297926685
2.0960178299685417 -0.5758022961075449 -18.032409307136867
8.264835638750712 1.8810082020595253 -31.840485965519072
-4.831162117774194 7.312626067400325 -4.430365110557147
5.82373552913586 -2.94817549425131 -60.41787644821838
0.3383250087562325 6.430680282185226 -64.89360333194178
1.3830012234502944 2.5248167418724754 -91.65490125106061
2.603847532659458 5.149954850036412 -87.64194617951901
-4.574816522394187 -4.446702170086237 5.280407170697689
-1.084417473870528 -1.5792276890429764 54.99559641818589
0.42617923336292074 -4.848220952210846 -36.94086928724052
-3.1588211355121083 3.1872588606177543 18.730669453594246
-2.749036039002877 -5.874354213224805 -34.40581951989612
-6.830671853615599 0.8022517742135099 42.594019321310604
-2.975087494599797 -7.283359316758391 -64.22252564032756
-4.357349186836508 2.133786654294271 54.65209662863389
-2.39470636298 6.02321819118 24.585302005
-1.8218076432243464 -2.624849660565154 -1.4068033565897595
4.4016102199427225 -3.762678648921174 40.31782311375943
-0.7471164902020105 -5.0875203307529056 7.110355467747412
2.1578148143329083 -6.63497429347503 -14.789343449650483
-1.3063320003282848 7.261503171303307 90.29930517448986
-2.51528606283 7.95708396421 58.1833792781
-5.343454575937262 -1.2497321263954422 -75.18568297455843
6.2780930661511585 3.1963990201323798 77.4822960933071
5.736074817177074 2.7151155293043394 45.90559140527826
1.567500681258367 -7.319520480594173 16.76820546432539
5.552378912145102 -7.127905574137327 -96.3956228421997
6.770859841635305 3.5878430120525384 66.46669700785205
9.048393968083227 0.7578100953231316 58.4279830167729
-0.3459642453703723 3.618309482667172 -79.39140440012503
-7.962358197236613 -3.9889804949442516 12.802194697185481
6.56118662318 -5.15747875 -64.0455117137
-5.753678036680844 2.065402749359932 50.568546384319625
-3.7674731768404657 -2.357374662730419 -21.77537101920066
-2.1554164847202646 -3.0285735058466985 -83.9916535226011
-0.19597248015355662 7.5256421305357675 -19.975697205764444
4.828098389082394 -6.742233341812296 38.124921476164545
5.82734674060368 2.850692421305228 2.5617651688948917
-1.6559309350895082 4.042478357887364 81.49940651252965
5.479865275145316 7.122701735847568 4.592574896645566
0.14586306176387528 4.098756713454075 -62.59534884012082
-4.50764284741676 -5.818247801038928 17.208052851655236
-6.644179194050986 -3.9888748151179407 37.17485778089796
7.661032128509979 -3.8389938844551064 40.5606684279283
-0.4307722040552896 6.603494753821152 16.772275855291827
-4.65652959207 -5.64790244293 -95.3750487147
-0.3983366922304844 -1.919469809703938 -66.20724461344604
1.681604792116707 -6.251139250881251 53.70574175620785
-1.0913037780349633 1.9625332147862913 -5.6624472373755115
6.69223471012 6.43230239338 11.424249452
2.0255342110298185 4.655298627685636 71.37610219361476
-1.5749144158681823 5.881846204443787 93.10423394964121
1.2126227141890813 -6.524959912275474 -53.70836087141907
3.4266372085925014 4.277090408876116 89.83087790423171
6.500707298505013 -4.696422515416137 -61.97731384646333
-4.90788453487466 -5.739063663826851 41.63458673444043
-4.37075816945151 6.614778948800348 -37.19021622984626
-0.7218072197415198 4.3315686408012 -82.4334251756156
-2.202338796746319 -3.48649521037999 15.894045701854468
-3.228224263937773 -1.826947802399927 -5.193794265550192
-5.796415567829649 2.9178667828088 90.92201505042294
-2.3188854875406353 0.9288552590330361 -76.23764392140697
-4.618302969069226 3.266091498025076 -77.36282393612174
-1.6381398095476698 6.451185908586786 52.19998180152403
-4.404045282840144 3.5057627684638204 31.52116780910602
6.406794577809483 -3.388929339423645 52.41991273096551
8.805862797516648 3.0328475750074015 7.3220328755661646
-6.906869911451258 0.22047237727664626 -28.74732662434241
4.4151997615754475 5.223630511708369 14.40221075345002
-6.269592963425061 2.9510706488307346 25.93061143035573
2.913358284862236 -5.71631099116849 87.5896015042983
-4.95142337631576 -3.143713097399783 44.25352562726733
-1.3930779890300014 2.0381804653176205 29.92070873135905
-2.649815583807144 -4.668661876150796 -65.84267066478274
-8.42938139696706 4.169435656653862 50.85703426019642
0.7141122592640847 6.257628011452639 -30.851739391999303
-4.675988173019571 -2.404531646657916 74.75649439823863
-8.772155958988991 0.6849360857400388 -50.63653441457455
5.749022298075903 -2.6049780095624007 -33.30199232129374
-1.9349223179572885 1.1363612932965104 54.280368520010256
-3.0771840323574233 5.8830523472410805 -78.02305358966643
-3.710367583965349 -7.35475275085108 -77.77916805252627
4.645928925887785 4.587328157539511 -64.098903957669
-4.610384317184396 -2.584140578559604 48.808653991244164
5.682820761199267 4.65838029383586 17.614546184804592
-6.53167179991631 -1.5483474303958256 -60.90903681732943
-0.832666133399045 2.2153071667487723 -60.00965075165618
-4.840338469874077 5.715635336935673 -94.02665521018703
5.109094555920843 7.688270800051391 90.6416418269041
-2.6807157449127716 0.6450076716869614 15.970528291034501
2.3429280621411426 7.676649447224144 37.29910155265929
-3.6827126809067896 6.373384830380323 -3.3806512790482164
1.2178866895726197 4.399030475707407 -99.15314834154749
5.023279295572485 3.114094137091674 -2.6632349031348297
1.5312873183653375 0.4528337440893567 -62.23740948906609
2.821916081437623 -8.717021734789252 3.720521407331559
2.936451494886669 -0.9168379874650764 11.942559944199942
-7.046615167971373 5.525169450258062 24.411115386850355
-8.726728143043603 -2.8808607190183437 -53.88680188885797
-7.575332452299418 0.7059060475379044 85.1993513050568
-4.2974494290182506 5.848852240413292 38.35618341204161
1.555199184526904 7.514683367641981 43.666617129616554
4.922745847678933 -1.9985184720556881 61.369100964788124
-1.1954088304437938 6.430167146217754 -1.3911539599885427
-5.971149534330455 -0.6848736188706717 35.30073873442233
-1.548642578645778 -1.066849933631056 31.525150465650093
-3.7273303373276527 0.010973088005878873 51.67097697360954
-1.8220275055394088 -6.411073232310791 78.99650891229997
4.223537994741092 -2.018776441343127 -25.0229735128772
0.35794678434120436 1.6679794115734476 -55.50939626518306
5.562804425779781 -7.109100472130495 -8.055686070909783
-5.55486963878241 -5.154897758033679 -63.634520236173564
-1.804965826188494 -6.697273792659521 -95.24405824269571
0.9208738635984186 -7.808221142912876 -95.44178844452948
-0.8261564773256674 -2.95360143163269 39.371640442456844
-6.737604615715645 -2.98541523746028 -20.001295984518396
-5.912256171853907 -4.2467895119933825 -4.635093968181055
-6.70481721565 2.4490325326 -30.7281823267
4.795744099112481 -4.443952335220455 57.56610729194509
-0.5038369481162743 8.029635310994523 -39.514593236977554
-5.7495107779422945 -4.51432529461873 62.230364489355075
2.9664007816031592 -3.516937243806056 -80.20533547452237
-5.775989978844191 5.231890941851929 81.95436894543926
-0.7834433568155288 6.05584665281982 83.5010605616479
-3.5109961669470997 2.558718610224379 89.73846683873282
-7.628218401627585 -3.9129352987890798 70.01925689110075
-7.676879287450908 -1.544820784038723 -32.11160818867408
4.151174502979203 7.465698105017731 -65.77220262440537
4.300239172502111 4.1032144134723065 66.87593533307198
2.036502324557706 6.502544023975698 -26.4612717692335
-1.8465484469351314 -6.6344686752044355 54.92029161203298
-0.3507959834875599 -5.8808584993767115 -66.82999922687624
4.40960036916671 1.6670704498069238 42.547573032470744
-3.7394672817061014 -0.6265960364257239 -70.12639360896623
-0.7819224096307078 5.424905963682123 35.06259169956941
-7.22882735232191 -2.9851046219955224 67.56653653397335
3.274740927949566 7.1701851825740395 74.46247516618911
0.0012273399004383012 7.038417264981466 47.05843911865912
-2.9819744127395484 -1.0079166044206556 -85.68111861851975
0.6759143515186683 6.596310247693042 -77.24119628482421
2.3890475933462185 -3.3381378166852267 -82.9226313419579
2.665783203755097 -6.421046469181918 -90.63964123240271
-6.843273111696314 2.8334224281284013 17.984029041055113
0.975218643716467 -1.6237491412508447 56.86482136043766
2.0085418268866726 5.834027289492618 7.403903939719811
-7.019732319727926 -3.396703616160072 -84.50957153641122
-4.680702103680197 8.07128217581674 -82.46885860067542
-0.4486002034747899 -4.846729487519423 65.96064237418798
1.0270073258857095 3.3447366871576967 54.60293535565741
6.960108622692933 -3.131385394577118 20.682139382126167
-1.0880689654 -7.78111095848 67.0757739918
-0.45445653273038655 5.739060615674799 -58.34224167187364
1.114586284247269 -0.4059343882041655 45.38190636553647
-7.165646365344608 -2.8970093855902697 -2.5018720153358123
-8.55377570485108 1.0822994732735458 47.00199769655275
-3.539733094500281 3.1512793951241567 24.607260163309235
-4.350522877050243 -1.0790665893754912 99.30959063405498
-3.3300700899255933 -1.2611734458618729 -83.25519354894696
-5.030702281650417 -6.799093176032263 87.10920996435694
4.416974835530982 7.195403137080746 97.12325690641703
2.2428641414 8.62691085208 7.14332290376
0.282649222523919 8.468486513272241 79.94238919599607
8.536019687890578 -0.29780490724604824 55.10343251504463
6.910324794365028 -2.0830124282616915 88.13760825504386
5.617547005411299 -3.064340903105476 4.8969426969103385
2.6947154342666253 -8.583109935574257 48.96450398444441
-5.092991208779998 -2.6452590981817186 -30.606461261279527
4.470740117980656 5.101674057360567 -43.08736905298695
-6.95482909224117 -3.322927105334954 -17.809874932215536
5.25460747033 4.00847960775 95.2806582674
-1.9023317598662277 -6.444559077960302 -38.88141004362897
-2.476817541997129 1.418536222840048 9.791507729652832
-3.1767262324782326 5.675162753006462 -42.89210739898052
-0.3960649629315844 7.204051361888116 61.240874207324715
-3.7857511784837734 -4.903765389410203 62.08876085967683
0.4531083167917891 2.4910673116367503 -66.72866417231265
4.6541111674205355 -0.6288106180765567 95.50230551811845
-9.527260162630773 0.10216841168803925 -32.85280191385117
-7.902071813095247 1.1279962537653645 -82.42521299797409
-0.35614794158153074 -5.1851168413262885 59.701879372212254
-1.6153193905595356 -6.543922623060377 -92.07439862735856
-1.7410247081889327 2.396911624986803 34.80840794418183
-5.05253062345 -7.28669140582 51.6620454809
6.212054857541394 -0.19898770169825802 65.737991138558
1.3614104433429208 -2.7088434148023457 -68.95234727053857
0.12640866995107658 2.1122857349672635 84.29042083688707
5.986014922017777 3.2562156360907704 -17.03282775591786
0.29012033748546906 -6.602605958473807 -63.150698178769545
0.8247479399630616 -1.4695612008087358 -29.995476652334588
-1.406432048820711 6.782650434244692 -9.27094628074598
-2.454632699762306 -0.1453367179041688 -18.121966482874523
6.990885208828333 6.5009701818066095 86.26409892670338
1.272966947621298 -9.1233015711991 13.174225589240653
1.5753422668174055 0.16627828353416524 -44.654275657546975
4.862481362548109 7.763769080256201 -79.11362333439705
3.346511347214957 -2.585358643905068 2.9086785683993943
2.797482954052958 -5.356700706069293 84.23877954130629
-6.191182030254912 -2.398540027550669 65.29989672719286
-1.170325114643092 -3.898560007050627 88.96916822456635
7.206355723156703 -4.312751925397353 -20.242350454848683
-3.8022416636584504 -6.444529023691879 -50.23539864745636
-5.553942018759284 -6.036811522752316 -84.41207278730937
-0.9650795104423504 4.663176550470804 66.8229536099147
4.924410577046246 4.1059029463685714 99.95063624627306
-8.341078185154242 -4.630947638590412 -3.747456835779791
-4.421571799691456 1.864319195314807 -90.95282980764152
3.17216909843562 3.068991114256005 -72.26101802276943
-6.619516053327144 -4.54372690329699 64.44701924236705
9.12582597215074 0.6555825563506883 -23.432885428300022
-7.119830300824086 -2.194578717173863 97.06718277735104
-2.792539507153447 -6.79582573873394 -71.21376082440035
-6.762547530091501 -3.046353495452245 83.01448713025471
-2.3797655300275555 9.13045331456158 -2.8925300758220915
3.9945888267498533 -3.270058014988316 -94.86634458725787
-3.09258438187 4.96351970048 56.3873476422
0.1431813722287112 -1.831650894888298 8.771265298912974
-2.990354336535685 0.9036022641413022 66.25336432821159
-4.540388718696534 3.9937781361183635 87.77885938594439
3.488257913578036 -5.792388880270462 93.83091581951021
6.784816870490526 -6.638101892933794 -46.858919267623556
7.968197182907636 -1.926300906723308 73.23416633371917
6.1290562201890655 6.51493702436361 99.39949000638957
3.935085412748903 -1.845101786013116 55.047246143114485
-8.407611278661001 0.8918200936406633 -11.966765526968855
-6.2566598515243435 2.615524405277105 -36.0153517887013
0.8711942229806143 -1.943314284463258 -36.71288311160085
-3.487320243387703 3.887185595055242 95.31933678673455
5.32123842553311 -3.89568584478095 94.45545640804272
-4.559065337445432 -7.449304163773697 0.1434500024677066
5.754935468093123 -3.623738584696043 31.129683978241246
-0.5306963626070644 0.08032480121559005 6.015603674896318
1.1595094018694874 -2.243811833144717 23.038820132752154
-8.50182760165147 -0.8233398925310572 69.3335210965292
6.957140786445489 -2.2298898255325543 95.43638774089413
-2.588002694572342 -5.756169086858979 10.042149563840997
7.195625883550236 -2.050071859710682 74.76065954337659
5.117969942281749 -3.42663765838476 -40.023485908782284
1.606463563923966 -0.40234462579919705 -25.63149640433046
2.138690154153148 6.835452978456876 16.710642347911953
-5.661089931637944 -6.328525189666911 -26.49038082497801
1.1826663893572582 -6.331917503932862 -85.22700422200191
-2.671246112294736 -3.255571950133762 -92.58933444957825
0.6596491785801555 8.330146049892704 6.845275987843756
1.9839641117454498 4.961148842420142 67.9869405744559
4.928035814866875 -3.680019119161553 36.93400343298105
-2.916403528659979 -2.934400135870528 78.57451770347714
-3.859977388112754 -5.072893776413151 65.46461692144432
2.090507774301617 -8.189391907590037 -94.30282188815431
4.442062056080383 -6.78464108872244 -42.70224108713314
-0.5190907148591545 0.33499423724578037 -13.78014862617039
2.2438842136318966 4.18275960571998 -12.345076117969905
2.741162475791799 -6.946499224974957 -10.816312531728553
-0.07320469072825253 -1.8911305304733164 79.76637214312088
5.580771513604503 -3.6749932914394767 -16.745275237917916
1.6051867933334771 7.791943410870369 -59.30086669460778
-1.8293892242925371 -8.26741417775272 28.55800016567572
0.6334229976666932 1.1259966668757604 -82.73033360995821
-5.0013855259863025 -2.4921376247956157 70.65723372430254
1.4710777559721238 -6.479038255172342 97.23313435141797
3.411580487446551 0.47175951023483365 -59.262942659384045
-2.6141861767996266 6.358495479871438 -74.17325802363032
3.212647093261009 0.8552564620915826 -29.144264552737695
5.11563299454777 3.8067085827716207 72.16582692388272
4.234609125139021 -5.8933247192005345 -88.60404429839812
-0.40299293465270003 -4.313504810067926 -60.681055301764374
6.85845064512733 -5.388672465973049 62.83864264604548
8.27154941875 -2.05704020825 -57.6097722122
-2.4618457078092058 -2.244294532121061 69.33440228620908
-1.9889427262302168 -2.2325286923304333 -64.47013834989455
-4.933832051496151 -5.079523902042457 38.512035455913505
-2.265561070408041 -7.097236207106463 -55.242564068749225
-1.9831138079312636 1.0565556780430216 -49.84522255008966
4.184488535327408 -5.40477411790731 33.16666999113858
2.31248701148734 -6.0323176401685465 50.29003308197611
-1.9541517969842912 0.1968549794517297 19.98645646214075
3.1149882399471704 -2.6596805039582616 -87.7047057131673
5.828059296178226 6.44228975972739 -0.5002707838328166
2.7120261868493984 -5.528918599211807 79.97561603327969
3.71332712395 -5.56229868693 63.4924121211
9.282439513232388 0.26068787436770263 -64.72066559210764
2.4600772411666103 -4.771145935230676 46.17610317355349
2.164586925798372 -7.4215206338974875 6.071290922654572
6.279792742428177 -0.263159909703883 7.697935712323848
7.203382666652502 -0.631549631764865 -0.5710526927759016
1.534340541569331 6.287933735631105 -60.906271345432565
-7.904717359798745 4.741778684276364 10.289119376332353
-2.408540416006989 7.809264850777173 76.42093140134882
-0.3956894558208732 7.124026471863873 67.5128180944404
4.96099243331 -4.17435915414 -97.8360169784
4.5244949521555 4.326392434275389 -30.823355630546335
2.5264121780601374 0.6288970963064073 -53.379640236424116
3.6705564632513177 1.3785509273778906 -23.13670728251591
-4.3493592669488645 0.6107570298549898 -35.31672104028853
2.7423392754667644 -6.941256045029509 -21.729882666182398
-5.429754905995327 -1.957950549622704 15.995621678346579
-0.6902810500378805 -6.179460679431982 0.7740868350648932
0.7028197002575178 6.9938144156667255 72.48703635052549
0.6008551049425856 -1.8759476777147275 -88.30726956117462
-4.462790055537778 -3.4575536897480013 88.36932805246343
-2.527363601765369 -2.9802121955185843 -48.889424380580664
-0.21323331914248933 0.4348825158492182 -57.943529596651956
5.781290093282026 4.616616134438719 80.62704735645744
-7.522940669090554 4.152999763881241 49.921285015423265
-6.16950180604337 -0.5156469140802548 96.14435719603792
-3.748358250163904 5.515880580092081 -67.31463749472938
3.162134262535906 -5.739455070728777 -0.033912227335491874
-3.286317520891724 6.616073181200641 49.36687241555207
0.7553309193012924 3.2332481373455817 -15.07259026867701
5.974301500308535 -2.82995728771055 9.50068475682582
3.2865239197056004 -3.181311065832685 -91.53314832926364
-6.241180567049321 1.7925766281884292 -58.839012298413884
5.895528080165233 0.5270398427359853 89.78935229347368
6.441554147913963 4.276112830226836 -25.99862256984348
-8.366111917523138 -0.2335460660188564 48.65626093425375
3.6100308092222404 -0.3761839889128064 48.12655731880426
-5.620373602259868 -0.4020363695400069 30.06019785890594
1.9939011390366481 -6.09555888780967 -72.54980376016479
1.968988236985781 7.7557727864283175 -72.28823646711248
5.1312368062543054 -2.7589506599095412 -8.052506342060099
-4.935685448361587 4.142556243193588 -97.42801125835628
-4.305321544934759 3.86410399195558 -65.72699338600357
-7.511886404823222 -0.21533513714314045 -34.95217259879438
3.320925703893858 -1.975138020432448 58.92619191449767
-1.923047245182688 3.5881260003473474 -33.90745978435978
-6.474986002855916 -0.5271345764070926 60.19595020808007
-1.9318300029846913 -6.350413169404275 -17.2152025325818
-7.511799608150448 -2.3494328816418353 13.58495770461342
1.719960723238747 -0.3630624696889635 -40.94698706293772
-3.2224251044823387 -6.082066935062391 13.894397460201622
-4.715753899500504 3.837777978583465 21.32114542480776
2.9089568017142744 5.331416169872689 4.56423820868015
-2.806467877138489 -4.151360314305415 -86.25005740272172
6.081439136352426 0.0011557384511558938 -79.92508942915272
8.434197218145037 1.4733396615129306 25.21793875666047
-0.020182246936928605 -6.425915190151393 99.8129175480661
-6.642052941139154 -2.595803797374113 99.84906452504187
-2.3705910847438414 3.0206454435062042 -9.598315814383922
-4.684533542852691 8.617712450400886 -16.169632455747212
-8.095079127347502 2.403989738049985 -99.86600854008368
4.212471459149951 7.332630284415368 81.11033419313543
-7.924908199432017 3.5612143551570794 -37.9237684952582
-0.9063473699716577 -4.82466807020744 -39.67352350902052
-6.239838493522551 2.3974767702752873 -82.27556976844085
-6.116805579718472 5.3726838811604 7.286149070418513
4.554530483191483 0.5815669491809163 26.294616718458652
-7.328654609621768 3.2542666327021608 2.738793388132364
-7.522826081920802 3.412130905023896 85.17439192887058
0.9226669084297898 4.757400808677037 13.518324877524188
-1.4437997764023949 -0.972359007168761 24.150149473859113
4.76126888918 -4.83754205902 -5.37019558584
-3.657214791217564 -3.233671123759178 31.584340111970274
0.830364231664224 -6.705788875967966 -31.644243176283208
-0.1461086153618737 0.26628527627636817 -52.28165618079141
-6.5918927334236495 0.19504034635096662 -48.66282848514858
5.378957015383671 0.4784081895738598 -33.45207252630364
-1.7233161021709087 -8.335400363369475 47.05035581409525
5.62554545029376 -2.8255317063402443 45.145397987350435
-4.896120254651258 -4.498543206612406 -53.46321863996152
-6.140546352862598 2.076632875327258 28.426796940181923
4.276181626200764 -3.8867514990321506 54.13193158659057
-1.3826066367742413 -3.3250471778507005 0.6664525918029824
-1.5401553418595424 -6.282374923183259 -20.80531394013376
2.67359078543355 5.009950665502567 83.34433429673933
-5.660141925168832 7.672127319711545 60.088872402185345
-6.826435070111747 3.323779855944733 79.61353637616456
-7.488509941840895 1.9737770186828911 89.37097007039893
-4.131138782029021 6.555043738700565 81.10545735064852
-1.3923200537559317 -7.334366106155903 -57.833033888187636
6.695069408911689 -0.6812676561837747 -37.30003566940494
-0.6722823479393943 6.383139675908348 -50.99228536754577
-3.709049308099283 -2.145423832334325 95.22240263001335
-3.6175799972332756 -7.957583855889732 78.31572335029998
-5.3704304498273805 -5.400751407428998 88.52089143167186
-5.489882003525147 6.185653575793573 -31.621129371904445
-3.93512297066 -5.68345102175 8.46098841341
1.20261680028 -2.03315660333 1.48564226103
-2.121046293946838 5.960745874412256 87.21282293025223
5.220353264183752 5.820494399449428 -87.6017387851576
-4.748427767131085 -5.097017014494397 -67.76759482945009
3.846911780711252 0.383112860664478 -84.67048664899914
-0.7055314377087091 -7.8581590715977985 81.5143453957497
-5.016277461586058 -3.887413274145861 90.87560877669578
-3.320119607863739 0.7927021579488778 -79.98329015958925
5.339305359239493 -1.7415599142984186 -30.427266140876668
3.151066285781108 2.218447673354587 -49.79187173306365
-6.3116509474133755 2.3175017510859877 -93.58983237182996
3.6757038581873327 -3.281842700880336 -66.41342371094989
-2.8493055793721966 -7.147241241904582 -37.56728757058463
0.9581724411323557 -1.8882542168408447 -33.039157230859054
-4.7913869391564505 -0.9723798624571811 56.75037375030649
-1.6352851167301756 3.2249955923815836 -2.831488551005753
6.95283783289 -0.414181459237 -23.5136034377
-0.023900287308499968 7.01775085842929 -24.924721662923318
-2.5012695183196842 -2.3882749133699672 -98.16798414875058
3.132658839082623 1.5275266134361343 -0.7345838619751045
-0.8265383160808978 0.15765187256603697 43.372661104276474
-4.9583611428671315 6.237605008356546 -48.955155287353705
-7.079445058108651 -0.232559170001013 67.633085553131
-2.458372562438284 -6.386372237093971 49.042231335338705
-0.10990991956899798 5.410436194226168 58.71995877773543
6.790658494308845 1.293730902852938 -84.081999137198
-4.38877775025 3.24802001309 -94.2761722215
-5.444742405711503 3.9417870625905254 -92.08179210874243
-0.3308362258837681 5.935827732427904 -55.44124744931183
5.657134319005307 3.7905450197192256 22.41928768195718
5.2637165508162465 4.065521097582527 -95.11898241465498
-4.497161548749184 0.9352012931825288 94.04449181624258
-5.656586478923386 2.1606594282163973 -74.75128071288572
6.910984111447979 -0.416737981796073 3.986199436491929
2.544907723676369 -6.997717740122562 44.519728221573025
6.000123950153146 3.9599505311156094 -44.82142412265943
-5.22985047187275 -6.477381670912721 80.15119390237695
0.019638229004910968 -2.930509559839116 4.188597183298162
3.6050440355541995 -3.01967924087994 -32.168352662341746
5.330608535974327 5.490316701027253 -40.84525704987323
5.365698282967691 1.7244319419566656 -19.779987589890194
7.5946651081521175 -0.5641841062491709 -56.69815543505239
-7.147283672178408 -4.074175800624581 20.62680584138772
-2.0246325655432837 6.375202257617098 29.42217058385903
-1.2470604265238225 4.03258186482708 21.3663523782856
4.284225254556761 -0.14493131363986597 5.438685105434879
-3.066879645968896 5.8993379222387645 -62.30998766113179
5.7125079919131645 -2.723210358298875 70.55608616051772
-6.462921103061398 0.7515761346160105 -8.844838987069075
3.281372347904045 -5.7433872697948845 -49.1346453798487
-7.34098792678 1.2290075283 15.309340152
-1.3158696679305628 1.4998077971089554 -43.94785529141327
3.146192193145756 4.322606191805177 37.19608609616051
-1.2880844802858782 -8.148232180514634 54.55979165574579
-4.92006347545725 -2.8306278062559733 23.573239303432313
1.6714693188861123 -0.4260122880698734 70.55796494512192
-0.4865302110395446 -3.9676273244882645 -87.7160539053312
0.5964168935638738 0.4243896410544405 10.902952606010455
1.8173720991790443 -4.697250635302396 41.753631655320845
2.4835095153362214 -8.658251271865074 49.932481008357236
-6.86900928111534 -4.298589295361702 -50.30418696021377
7.502117819479509 5.042481769852476 16.446551458233557
-6.788941425680264 -1.4573252235553618 41.40792428991941
