-3.412001995263024 0.978621648363308 -27.563164202426883
0.9107399414363488 2.392427902688411 -86.95567258151081
-4.489737185627619 -3.94664119566343 98.07123531455203
-0.05109739119092689 5.093812933613145 -4.4315389143317985
2.3950745927659693 -4.982051257182254 26.04650118050383
6.228616595046715 1.9249391149459212 49.14180488321065
2.8134329143338084 -5.499080723251714 50.71809193386201
0.6420537604167958 -4.432503961607819 -93.6825190692676
6.751905082864679 -0.3171380593577043 44.470924794795756
6.721878809118216 3.4399150575450204 84.85318436485095
-4.517991427487421 4.8477858330534245 -11.314435860888027
-2.715879948525819 3.3236334845230173 -38.35622846957241
2.500070911503144 -3.356328621987132 -28.157885479438168
0.8811051936488463 2.2831939761659164 78.8023543344897
3.7394087295715153 6.864919089581274 71.81323721638488
-5.147538659683046 6.997160527622252 92.67342760153917
7.255975838329304 0.9823456539914805 41.59875261383697
-5.357384680867788 4.482910275516615 13.56843609165305
-3.9688632682982763 -8.346315188881531 70.52054312294663
6.214465589424335 -2.163668523990167 -70.24236934990323
-3.6475066589610607 5.738031707593512 74.04048820457756
-8.293046326628811 1.4871084699282 -90.87296862814999
2.624650444372833 -3.3207448758726836 77.32911359599947
7.707869629137915 0.8067847056223347 -99.38112057860641
-3.8329919239603463 -6.731666848977244 19.612864744953267
-0.9086609552322171 0.8630780308334369 -70.54857408583158
-1.5176835053283204 6.385482331084652 79.70139034401214
-2.089087263961102 -0.7598490147910724 3.083078969131328
4.270796794825744 2.161576252558155 9.85920859615782
2.14567778189791 7.397181518827967 0.9200696686343344
-2.2342245934989418 4.080831907661 -53.134955553673464
-0.11711434431735218 0.4376293292339391 -98.86560574116352
-1.638195804129388 4.246654533763601 -92.56059109824469
3.057514917068091 2.151112662118399 -88.74278649074812
0.1481392348545802 -1.3146035444220083 35.98328688718108
-2.8063527461420117 5.440758433885194 45.946834601497926
2.585909747378623 4.477918511121318 -53.15648452452823
-1.1321528018366371 0.9054953211531006 -32.96354279422189
-3.4762355306273967 -2.9588333736930634 -25.633759382601323
2.1177831934401845 -5.039190270880443 -24.291693786595182
-0.12867155964627625 6.88421178990982 -35.638207055943916
-4.538338239638932 5.218420970079376 -51.224377800897436
-5.01252503265825 -1.402340113756292 38.992011523772504
-7.907937145348748 -3.0319444629253023 -31.11138225795504
2.6519009102155593 -2.3699812004458543 74.40067512732305
-5.960536080378397 -3.138413484569116 30.065536603534287
7.225144972389145 -0.4486290994669152 -54.24079278970576
-5.923695600474117 2.203949086058635 -55.99415570979113
6.103649393266861 3.271890029706697 -61.60896890225109
-3.457682419721467 5.227309039028276 26.903233764494487
5.597621421239513 -4.066310989126209 -74.7652491409044
-3.6920129114795666 5.459662597300732 -45.67233005047468
-3.904325588041829 -2.1614789685980007 -14.745953280956417
-3.0613034448213314 6.033653430480101 -70.23932799857782
-1.2486234855876381 7.880033253196526 84.77636676589303
-6.0954274264252195 2.2140340960296068 66.05714047970757
4.254748728359045 0.29385756376330185 -42.0962240294577
-2.884965669056108 -6.212079117884505 -88.05712200582892
-0.2863088193388688 -2.919347658531202 63.21555944264292
3.8217712223371105 6.59920379137027 79.56421084661359
7.346106771809017 0.4529227575334023 -95.82194543926491
2.659070744428438 -6.999679254962798 -39.85428442907738
1.7876076532850924 -2.296583324511153 -18.571698467720967
6.213505423167716 1.6347237496682072 -30.684621837884517
-4.232499418722812 4.441225102667016 -5.167635075604792
5.4240397623997145 -2.8183372870625796 -59.99173020500886
0.29930926550670134 6.48168229501744 -65.64992184529194
3.0325956696093703 3.3581507060380926 -92.56585946405512
-0.13807544153640552 5.882406610812011 -87.18942545762386
-5.2151654259265925 -4.07203113369084 5.216222156836084
-1.4824515611104192 -3.2809908720498497 56.04008258655579
1.3365905566257028 -6.167691877841151 -36.40529138057806
-2.8198261554380717 3.526234600127975 18.82821457960702
-2.9424786949612933 -5.981102233629118 -33.442976160406594
-6.51176062067574 1.6483415923400715 41.856542863050734
-2.8207114154471213 -5.55756628732782 -63.264502018917725
-5.392849728763438 3.4359305445424613 53.91735831642287
-2.245089308119307 6.752411262786054 24.59416406609794
-2.867057834915858 -3.46683529101564 -2.267213938859326
4.9884407638324 -1.3009156444518437 40.81501237217005
1.5614072116502973 -4.769674103002117 8.371065751823394
2.559189602732695 -5.835751402004053 -15.157856954442009
-1.3063320003282848 7.261503171303307 90.29930517448986
-3.3648421050302897 5.471150236471203 61.56505402109657
-6.478810395286196 -0.5389434345572616 -77.53367586545598
5.821250287818712 3.2505034279006066 75.91392259248657
5.627852261801983 2.7976626594114102 45.997943621096205
0.9690705023811282 -5.407889350969703 16.17679612297163
4.152310331201126 -6.5274066404444175 -96.83686414231458
6.417928171090274 2.4322331738123393 67.82947732406848
3.470927874475355 -3.4522831180318563 57.84097438094537
-0.44734312573413193 3.800870587334553 -79.70888304213652
-6.73004583215869 -2.4902937619411487 14.879977377481055
5.6725459102945095 -3.168291251817864 -64.5857910996338
-5.753678036680844 2.065402749359932 50.568546384319625
-3.425327533063389 -4.893784297554349 -22.60700883825808
-2.164693145107729 -4.3823677732364645 -83.35406288014674
-0.09493815808713141 6.339917326400649 -18.819466401191715
4.594268667291265 -6.552363454729819 38.12581648487294
5.784664287789568 2.5950171243590914 2.424955662010679
-3.119139258943761 3.9203805879310387 83.42520442728976
7.242567883237379 4.6804038303831685 4.01297928661741
-0.3659090434014824 3.46187941105813 -63.50865163913939
-3.7937786493789623 -5.371879479611468 17.65435085033296
-6.743469969325172 -2.4489141069262166 37.86225864974765
6.734129059149264 -3.6426577052131517 41.19705624358872
-0.3608513896211828 6.655261384052775 16.749146313919592
-4.694370540485056 -5.528314544492433 -95.29592516188673
0.7014799626151694 -1.554738585090763 -66.16861008919281
1.7308915522527983 -6.102139559875917 53.51736306087326
-0.18555923245122882 -0.541632844109436 -5.454573553106927
2.5211241232016963 4.58724941308853 9.923030122801556
1.248647084714636 4.052719075493574 71.58480692752788
-1.5749144158681823 5.881846204443787 93.10423394964121
1.2115044120006915 -6.534238137738088 -53.78402340932874
5.759538809317717 3.1906750613485766 92.39579263407401
6.083516857536041 -4.5526865051005165 -62.51552004075786
-4.85031540056304 -5.439878232266442 43.55253780777099
-2.6813743823975513 6.276121460593362 -37.813391423899674
-0.5970354588288136 3.7442383083810578 -84.02398516713276
-1.5107218928594572 -3.1419954309574862 16.137129661018378
-3.5964630025769724 -1.8476792633680232 -5.209739437291934
-5.6750816406043505 3.4346671182616 91.90310549325156
-1.60672349414983 0.4071297527697559 -75.62081853904495
-5.363443428252511 4.219043222967445 -77.26174991549475
-0.8989181055388102 6.684993322315142 52.003840263755265
-5.426859808371695 3.237772044112624 30.841229590811977
6.204034058983114 -3.1360644641534234 52.77111137560921
7.795920927653453 1.390898936557615 6.807464940552873
-6.523481232487921 -0.6352869835291743 -28.027192523118604
3.80227333818247 4.666943730938655 13.746221520107905
-6.269592963425061 2.9510706488307346 25.93061143035573
2.983385379694592 -5.637257699382791 87.83040041224679
-4.721146080805403 -2.8534379840352972 44.511203536629715
-0.15706715384361178 -0.8832970718391632 28.32866027619909
-2.673192224187353 -4.668421811971439 -65.84414402139856
-6.703948794800626 6.313062677948949 48.67859802718384
1.905081712789147 5.356100993424533 -31.217953255009977
-4.187773383674518 -3.119741903303533 74.69502639257152
-7.7160773196302666 0.03798677312753815 -50.96748873440599
5.807947517390085 -2.688015473384133 -33.21508852831993
-2.295932524755705 1.210152200262157 55.20794637224454
-2.7399454158698804 5.971021320113325 -77.72192703760523
-5.339701410164789 -5.117499703183925 -75.97139156379845
4.349671483142124 4.704724796165325 -63.96908724696397
-4.641149272645635 -2.0886317753304136 49.55025417827323
6.048395454521281 3.800433978489284 18.576796504286214
-6.778988815410399 -0.7870881317377225 -60.189143810625055
-1.1130936163657505 2.034524876483946 -60.039701778430945
-4.840338469874077 5.715635336935673 -94.02665521018703
5.154264863632962 5.321842575725115 90.1735769849298
-3.364920828383159 -1.4562483742828858 12.46425061700474
2.29819569270816 6.2665244575829195 38.168225408146924
-3.158643427792019 6.218546140475169 -3.5012462473010397
0.2653754409720639 5.946831770399813 99.82503118625331
4.742252669579445 2.9542114689581473 -2.7623324348657974
1.5069609695423258 0.09224008805238013 -61.64516214351932
2.459791619673668 -8.571393914198293 4.432201333403457
2.931413047057397 -0.8348058718573587 12.309665498385892
-4.990944467212825 5.817513855983299 23.408167658755918
-8.143767300591275 -3.007467699721989 -53.75780979606397
-7.575332452299418 0.7059060475379044 85.1993513050568
-4.2974494290182506 5.848852240413292 38.35618341204161
0.8668941650271298 6.8114921994485025 42.88415025376697
4.357515796996693 -1.9268514623215132 62.30444993030971
-0.9966512017378342 6.044344176690648 -1.6764609431467612
-6.017485317264952 -0.574305085280746 35.282201932244654
-1.7449561122266617 -0.9181179124793936 31.447014800441337
-5.689813431847469 -1.0961043180904761 53.446217611596296
-1.873687863686643 -6.057062067007324 78.79188812442281
3.5651143616100547 -2.4240434704075335 -24.214923452906227
0.5254066447844891 1.4639216406825346 -54.96461815696314
4.872090022978458 -6.823384264167252 -9.301454336314924
-5.380710687438698 -4.87836612000108 -63.541338851868616
-1.845616205430126 -6.358111591267192 -94.94798401209734
0.9208738635984186 -7.808221142912876 -95.44178844452948
-0.6491719231687283 -2.6152477856933607 38.962639792432206
-4.718081419992492 -2.3821873013939086 -20.002313083306152
-5.7386567544808385 -4.0888287097965925 -4.288063495038007
-5.655995727825748 2.9358619505264705 -30.114691464090292
4.582259385491534 -4.767433550391215 57.1941648815582
-0.5995648419793932 7.799602054974401 -39.42612273073338
-5.7495107779422945 -4.51432529461873 62.230364489355075
3.1436375987571417 -4.154879180495001 -79.86780230699294
-5.213492961088384 5.459629430145307 81.70276303758725
-1.1383179921103301 6.085182066824394 83.09924113330423
-3.5109961669470997 2.558718610224379 89.73846683873282
-6.97438864187595 -4.065859079949757 69.74349781199247
-7.489276045773457 -1.1592189993707038 -31.99689961049671
4.151174502979203 7.465698105017731 -65.77220262440537
2.615493425570767 3.8537688593327446 62.14497512208773
2.004907880639243 6.087069191640711 -27.44042416579292
-1.7589931396816414 -6.5362029625229985 54.961622109733504
0.7627673295371956 -6.325349327309929 -67.18654244262763
4.1356609001568945 1.3056070825242116 41.77296588477285
-3.8774973774262587 -0.07176766495327312 -71.2499204814835
-0.3921959403591941 5.570113885297717 35.171537032779895
-7.145674440946111 -2.662204293919994 66.84527991047402
4.142611423220691 6.4745975161900775 74.86978472057615
1.7141202654771968 6.372969274247035 46.261435192451714
-2.7654970727463604 -1.5678657360150003 -86.99973140243144
0.3550563828738775 6.5714168656641085 -77.002841237434
1.1432998705726973 -3.646853465028162 -82.90696217059113
1.4968305922737684 -4.959119200982919 -89.5888312197631
-6.787052871771964 2.5069674572230696 18.34052064586633
0.9171011527155626 -1.8213488472136175 56.899236820156986
2.9048203791032305 6.428853711534895 7.101590930530132
-6.375545008805795 -2.810524005046275 -84.8268295387059
-4.8737019256670555 7.128998044760755 -82.30573100550703
-1.072281633897439 -4.455141688842451 65.9094935520579
0.9495655931830593 2.3497933563072126 53.05720079828547
6.247294557220394 -1.0461629758563573 21.37137992674962
-1.416681970492248 -6.678577793523258 67.7196446329906
-0.18800578310238947 4.87101126440501 -59.07659760450556
1.1306737728664515 -2.313574380213395 47.993933819232204
-6.851016008019038 -2.8502225030177444 -2.398581873522049
-7.3144749566408676 0.0004540718485741557 46.81612066735163
-2.837942769325855 3.5224715658418306 23.809116696559325
-4.144164228660592 -0.8588451244031835 99.8818211395885
-3.5621060092323495 -1.118635271673145 -82.85444378444126
-4.726195902574794 -6.715070005967299 87.19366187800105
5.265445555520534 5.814291688782475 97.58880931371309
1.0434442402251163 6.991664988521229 8.073484635221266
1.2553848701370658 5.876422149028449 80.74416265483323
8.52371557070756 -0.3715295753615402 55.09306461539426
6.2812343281460965 -1.7892195661368382 88.50212475239628
5.531031601399958 -3.056654328457263 5.0940765794230645
2.80094860903402 -8.462235867276483 48.96346466289874
-3.497550193235848 -2.774848717678297 -31.28046308665669
3.0788079702922913 4.705847679330312 -42.74236763387945
-5.156795913992279 -4.713909842687369 -18.046388808038376
5.234999475825866 4.00958673311567 95.2654305669873
-1.6140565154301216 -6.539692650954414 -38.96730265592905
-2.6058884457411353 2.6441946531800893 9.932543057546214
-3.160459255952776 5.669960322324948 -42.91563687429307
0.8356455372063512 6.638539160742961 61.57691638735523
-4.477080349321196 -3.39132502461064 60.96145438545414
-3.535269721172172 1.2317968711929115 -63.77048654478068
4.320326140474731 -0.5302068191610563 95.22174652617444
-8.022670424508464 0.8186484690550655 -31.059203804365165
-7.6376987818820865 0.5808263245830078 -82.3082540216335
0.6829358514053668 -5.191263205267078 60.525273448884434
-1.1548814386753021 -6.207303535268734 -91.49590540459671
-2.212047540921821 2.915759995005981 33.67233382672896
-2.3982172672590614 -4.827468834096223 51.38209187966817
6.2468660636137745 -2.5554214133864583 66.22580243522435
1.654906643278414 -4.073521654001241 -68.94055943955354
-0.14538709564694022 3.3958170463504262 84.86127632451159
6.6804045545953805 1.4644186615383972 -15.817711978019833
0.1899178941306 -6.680033170197374 -63.71754212449418
0.8542963653965534 -1.3888443133790678 -30.06024039396005
-1.406432048820711 6.782650434244692 -9.27094628074598
-1.0988784928299862 2.3352910276435255 -18.655708469153303
7.166791184788833 6.095544806580218 85.75965737242687
2.577438682371146 -5.85533898966329 13.505915898955708
-1.6703060612838596 -2.2723826870461625 -45.98285518214981
2.042429350758414 6.4661550176138025 -80.38129860440682
3.373099201725209 -3.676523546507634 2.468385733276777
3.267798625916109 -5.280759280999924 83.64438238367444
-5.918259856608829 -1.0111662092893967 64.87221776276277
0.1351483109147012 -6.3180058047880125 90.46663732739603
6.871576919231549 -3.586308591495665 -18.28193102670899
-3.204512358732834 -5.690905038023192 -50.038658703203616
-4.697897340907381 -5.4844557550159765 -84.95050613703393
0.3534204931355535 2.3603296780647973 63.42973742720093
5.666042419499342 3.5633307258354354 99.62553226700551
-7.510442522492767 -5.066299044820627 -5.726897981580247
-4.111394547638362 1.6038601061909703 -90.54806128708088
2.371020533899077 2.9894841274334416 -71.55392531768958
-6.328940521526803 -3.971017819680237 64.15530850014478
9.146590156983025 0.2091950598514919 -24.142159197462945
-7.119830300824086 -2.194578717173863 97.06718277735104
-3.269232166884731 -6.484934430898734 -70.909087959914
-6.293847454670909 -2.4467471044702456 82.50924144145003
-2.6002756002778686 7.756453918033721 -0.7781887930229772
3.467751739458944 -3.2512163575201383 -95.14068357133723
-3.026901166009742 5.585361204399632 54.34129782609895
1.8669367738294937 -1.5184454428240017 9.393287321540749
-2.7772257440984225 1.7186692572784312 64.95414037166103
-2.113809551642722 1.1139443933284658 88.63975432824434
3.6553107185180687 -5.678909393664291 93.75042864749983
0.39568434293224597 -6.547910910693497 -43.85366987903863
5.050537532870036 -3.571757076565601 74.49503032431048
4.513608321490361 5.154513806611325 99.82314498080041
3.730464741046457 -1.4451641119116263 55.66322769002558
-8.229010928052931 0.7844358195699659 -11.951980199272072
-6.279379619778723 2.613271114216966 -35.91695093104223
2.0089564457329625 -1.763150208886167 -36.18625154008765
-3.2959939526467528 3.5091048572171744 96.03867760002485
5.911034296618827 -1.318408653160038 92.52580065956298
-4.408626661582377 -7.248036291580702 0.09882234017658784
5.341330005471396 -3.7083464109970508 29.422312298627496
-0.22759957734950326 0.9441476393899887 5.583057933032156
1.417934595205046 -2.1854578331402066 22.95407361327477
-7.274274686737405 -1.3348831782344415 69.5136761872985
6.546572011925516 -2.9134569565027313 96.92530664783158
-4.766393127937462 -4.78700416002194 10.32203473640821
6.982147626884642 -1.7425339462745875 74.79464633902246
5.0642867706699235 -3.47115182832536 -40.255475739432704
0.9515195500840541 -1.2889867779186912 -26.50882933327111
2.4345197886036747 6.002031999907601 16.050903941845142
-5.299426199051756 -6.099739643650761 -26.51130513523987
0.3929584678476716 -6.825218654609401 -82.97198202109044
-3.0374097851490447 -3.2705439451534146 -91.04016533212241
0.18170394135065293 8.11113426307613 6.900937544804246
-1.925216573750745 0.02370099446648677 71.48763130252105
3.990685113488002 -3.4708450385959217 38.84618145873613
-5.136060280202944 -0.699635842815257 77.9340406886646
-3.8353751092445165 -5.178169459392305 65.7179639410577
2.2053825751495135 -7.580845585240152 -93.05810043732689
4.444238254857503 -6.267595116367378 -42.97777337699181
-0.7904530357260782 0.7567071804488169 -13.529532728402648
3.1565808685477945 4.186102429611256 -11.945282010996637
2.741162475791799 -6.946499224974957 -10.816312531728553
-1.4521155393555611 -3.0318725117637424 81.03212597572724
5.031832502729138 -3.5611514088997627 -16.6669110712937
1.1915489350906106 7.248196417479306 -58.51000090416473
0.3127112110039701 -7.935768329095875 28.43788922399672
0.6167877547714901 1.2692818019638386 -82.78654809037016
-5.60109163225083 -2.4644171651419375 71.48029336276123
1.682158291689002 -6.562298871164566 97.03935140957537
3.1233413565640475 -0.4045155686035652 -58.64483861443588
-2.2797449820353695 5.921511983898875 -73.83674049558442
3.9935912575518113 0.47121580501749805 -28.918446260716593
5.046370596187798 4.20904511082524 72.89393162567104
4.240600000138743 -5.880672324753634 -88.59173792649386
-0.5963276148843235 -4.364282894853026 -59.57457933116284
6.4704726918023665 -4.761079216496667 62.598360668931896
6.050885211207029 -4.165693504606769 -55.7353769730871
-2.289184068460029 -3.9911943648513715 70.39272277605761
-3.6111637544633877 -2.587429306526805 -63.036674667211685
-4.234016957186517 -5.262058724760581 37.60521974083
-2.3087781816331145 -7.0177031922983675 -55.24179850286215
-2.6034160360019714 0.8098399059126927 -48.61715767348855
3.0639672246763485 -5.440202589482152 34.209142270835095
3.7305626918692343 -5.903230359212632 48.44974700322321
-0.5457476695570864 1.3627876807289088 17.91367126033583
3.665171933359729 -2.8599034620098234 -88.77411255673354
5.793864705111797 3.9334667869624016 -0.24032823667212755
4.9478054335095365 -4.249007462506363 80.03626166856536
1.8476081368628343 -6.30035810104557 65.62871363856783
7.761309993587921 0.3355316075675891 -64.13634271364708
2.307564487558521 -3.6187250060030323 45.905229094202646
0.5921613257799543 -6.654829671475272 6.307762650918121
6.472459702784785 -0.7521478432753302 7.936127556834147
6.13308516526349 -0.5715703206832297 0.09657298461098932
1.0674539052596894 5.992815630224029 -61.143367294385925
-6.331277162498892 3.7974284724587117 9.257702496353279
-2.0696352256130224 7.186081893191933 76.36395280031357
-0.19213299380255733 7.106511287035393 67.64043013283171
5.049936654813952 -4.3105989360681365 -98.37181298680635
4.761706705538373 4.493962541884034 -30.468089787190333
3.192589965129656 -1.665012217891419 -48.64675519603455
1.1786049464783614 2.221236372628682 -23.925501799442568
-4.316853946250642 0.6411100178171979 -34.97586211141322
2.4807990036903123 -6.48193385585407 -21.655734340047516
-3.8012955513908486 -2.227416978524139 16.4450755797181
-0.7543180514642368 -6.259106022971054 0.8833501988509065
-0.43611466037647134 6.621231280290618 71.98382620311344
1.416959521414746 -0.8800695228992921 -95.73809572353565
-3.4687635921836493 -3.62379643595151 87.93825944775276
-1.529007975204076 -3.0104857129915863 -49.60593964846167
-0.2188527784979668 0.4349096432502122 -57.94185957569307
5.361864166456429 4.278091388027808 80.29312743264478
-6.819551689464499 3.9894205163200076 49.698565099772445
-6.2638147151461565 0.7548479957622322 96.98301010811004
-3.8828885098150496 5.662631557321121 -67.1270068728946
2.919956822213034 -5.9552523803738975 0.016203009032225046
-3.5597846812430047 5.99806128089706 49.10044062214508
0.49397098099960945 3.560912755567836 -15.927749222608506
5.574845842426764 -3.0328694963208664 9.633147886613907
3.8533866395662653 0.02577118954512647 -94.27325037856605
-6.096202301054608 2.1522373499088343 -59.30529450738796
6.543483962755986 0.7274422920181665 89.5853464247719
5.144323803796307 3.809935402102701 -25.103243363636675
-8.208270571009379 -1.208604544569184 50.02455847108262
3.9330231655059196 -0.03166063028801136 50.54665308280345
-5.601885681725656 -0.20665468006326393 30.97387728571987
3.064666346264975 -5.830900374582061 -72.07293842982044
0.6270417506011898 6.648785633314339 -71.52810537748319
5.135919753067495 -1.3679915766277262 -6.854624208029493
-4.851346477269666 4.876329009638196 -96.79804082700163
-2.906428287630275 3.5439991797433548 -65.23299970044165
-7.511886404823222 -0.21533513714314045 -34.95217259879438
3.597121006619262 -2.822516359967241 59.47189291435955
-2.290479690606042 4.86524591248581 -33.98541397440112
-5.915551358686041 2.3126441435884826 61.719914017021516
-1.526267790570731 -6.602359118398288 -17.61394752579466
-7.6457778191961125 -0.19903187228471597 12.714439668503728
-0.1598418089648137 0.10278426473158259 -40.64372549967256
-4.315513169973506 -5.064401285347919 13.743315479729642
-5.336938338879118 4.041216916647112 20.955320550719417
3.062862053367882 5.241297115225657 4.158374300620793
-5.403481749246002 -4.270018622102141 -88.08594513983199
6.194298960809929 -1.4427579884828576 -80.21100858362136
8.300253513630354 0.48145132698096843 25.046348064804395
-0.7527315569303059 -6.532977988879639 -99.00331055395382
-6.528882074876933 -2.758614381425027 99.69525154295586
-3.260404358435823 1.417917230723891 -9.263387699691066
-2.574661513141386 7.599480772156358 -16.207815258078924
-7.328510437520797 1.5143753811180534 -99.52220486265053
4.040348095951122 7.411176035317378 81.29161036795104
-5.600312822865944 2.561146736536429 -40.51313955267442
-0.8320790245965674 -3.7120059291678302 -40.46594646835879
-5.301860077083913 1.1269318540831708 -83.22016912782738
-2.88518868959169 5.6599419483035085 9.393930189324914
6.28553915732816 1.2836436222527536 28.073139037114423
-7.13701393100812 3.488466359939251 1.903966869979386
-5.165409674426915 3.8037293497952884 88.12801282101944
-0.2441129851639754 6.560552872256341 12.583257258880305
-3.0414213140212625 -4.627302241134877 26.593700400194738
5.217593125859438 -4.34840471619983 -6.270397991403672
-2.6350152063697125 -5.613730700391933 32.13959966198768
0.1482602235395149 -6.7823005142793376 -31.583664390619543
-1.0797277169782267 -1.724494622918959 -54.36839054327698
-6.584698745449358 -0.6952545419780412 -46.38204349992494
4.365863457228455 0.8203703787265972 -33.46542012355816
-2.994169727670407 -7.298573019979331 46.741729000722074
5.62554545029376 -2.8255317063402443 45.145397987350435
-4.8455482000981895 -4.626828671347126 -54.147439206798495
-6.140546352862598 2.076632875327258 28.426796940181923
3.7786359826781704 -3.4396628612237565 53.479917095374205
-2.6432206760499546 -3.1431956976009188 1.167970349221976
-1.4897177215773698 -6.23149343856303 -20.73773720675793
3.23751740548979 5.178225860753515 83.68970852449537
-6.1084016307058455 7.232265754154882 60.59026809494129
-6.741917951196706 3.3278687264766043 79.67322976824309
-6.995184528981498 1.9075207256887707 89.44391605739213
-4.263022407076325 5.858361360678461 79.31142114339471
-1.3067704714619164 -6.941557728556475 -57.60001806150562
6.5511450739383426 -0.8398515768732058 -37.33084981515945
-0.6730013247661444 6.617586401435089 -51.017978243774834
-5.602045823435619 -2.110495562901008 93.155422376269
-2.3003312514424477 -7.638166610260435 77.13769685139334
-2.869102023108176 -2.483815063751798 92.75405633145205
-4.641187499445564 5.03635319611006 -32.4362680471437
-1.5917878183523226 -6.50355200441696 8.476201850246053
0.5039692869645503 -2.2898336338926066 1.213448663499217
-0.6157919191119259 6.824189582626783 87.44436492781233
3.8090540571763705 4.944649918616256 -88.53838561305868
-4.686299037026234 -5.119635558984285 -67.89344044338432
1.8804782112206078 -1.402923969310807 -85.7574163828338
-0.47861527876226984 -7.303688853857892 81.07624461276355
-4.7475903341507255 -5.190539769576491 91.57523583631814
-3.2853165147895176 0.5346404070846339 -79.79123213471176
5.308532737927023 -1.5016231659342538 -30.463340694678458
1.5955599322901914 0.9240318468693275 -49.974779712405216
-6.320203677619332 2.2390875367288614 -94.55571262593612
3.767188854054271 -3.1197233423865653 -66.0659895398722
-4.239831165740407 -5.646417315901054 -36.40095095048552
1.2824243148996883 -1.2470191098713497 -33.12567926190457
-5.593326765307124 0.6720624560037536 55.78744995979338
-3.3843297242306445 2.1033647603178895 -2.5499984483252245
6.652828784846796 -0.5808527669927219 -22.408503160698213
-1.2747995625066613 6.891618983911289 -23.844935368486972
-4.4341418974980185 -2.71145035677132 -96.45713449448071
2.3211509189297193 2.0659149505991223 -0.04625759817723307
-1.4578264484671983 0.5096527709610612 40.261225840940476
-2.268118972554445 6.554817567892166 -48.436322727796
-6.809440945767993 -0.15369250922657907 67.58348669245812
-2.4788897056565853 -6.062379692366969 49.029453772555236
-0.29936348572151605 5.032094318154069 58.4419052861645
5.936120496663341 1.2536578066570043 -84.16904807675107
-3.8736186251445863 2.4762138094262216 -93.92037426767081
-5.592034692133806 4.072209402120561 -91.8895999650801
-1.425147444370305 6.445850020618021 -54.90268743500118
5.657134319005307 3.7905450197192256 22.41928768195718
5.156607103222324 4.162324611756101 -95.15191427750561
-4.222542017095745 1.0224772207066992 93.35874494999469
-5.658009167153921 2.487248938358806 -74.43812580677113
6.757279761382091 -0.49921632314649744 4.121269387040294
2.545890061347655 -6.921282157602783 44.447345372220305
4.125273167032715 3.7245952604064034 -46.802171831870965
-5.256605786296242 -6.178976218057315 80.1241545997987
-1.4001966602803595 -3.3022798243576443 4.575682105860738
3.038057213541327 -4.916233219886509 -31.140910806140397
3.9888154993296903 5.301817569903974 -39.72444440064231
5.219572085064555 1.359872447516778 -19.80065765347579
6.089129957085115 -0.21931437097175788 -56.22289857525409
-7.147283672178408 -4.074175800624581 20.62680584138772
-1.8435100287660418 6.271873287797789 29.55074968111211
-1.2405805763157107 4.026860554047073 21.36539711634833
3.413828945484897 -0.8520500313895493 5.307176433263761
-1.7300310565425954 6.417893134026068 -61.83282139502948
5.916055032473721 -2.436208965987346 69.97577130379538
-6.466046973772034 0.7109497641545857 -8.82809850927108
3.0602408658694658 -5.839446330451409 -48.380178317494654
-7.296059731736263 0.858952939041391 15.217021678580403
-1.773537540680952 2.592122670085302 -43.62821313342457
0.8517026903865164 1.6280747910250761 36.6677847905495
-0.3681386775058282 -7.895627533803475 53.08509324612261
-5.480305414670556 -3.0983865528253127 23.217738449925285
1.3050300457549606 0.19196574711647107 73.21016082790335
-1.2017736054468977 -3.9722769631803363 -86.95085558744069
0.1405627210318679 0.26776296585039755 11.217342688059864
1.764915061123494 -3.8781474546017947 41.76771184666339
1.448055229976306 -6.7901591689534575 50.40979844641876
-5.677639921626094 -4.381988607314768 -48.206309688643465
7.300992974463704 4.955597301156576 16.286936782469585
-6.788941425680264 -1.4573252235553618 41.40792428991941
