-3.2268099372896972 1.387949917143955 -34.297175574053114
4.234367322654938 2.3952567945744176 -87.988125942964
-4.988130478837293 -4.090773134765386 97.187305773649
1.3179488563740462 5.986133717307899 -6.328146763640737
5.3732338285411965 -4.0962593075650755 26.456057077875595
5.667757668572187 -2.646361240568613 49.9088920952167
3.649419307315957 -5.368832730239634 51.5995231784613
0.06842793529056113 -2.0554686006588465 -93.36287280372463
6.6766970402574355 0.3506616451225635 45.86020782287545
1.8259637042443269 2.545276536235095 89.05399940615902
-6.4075076199555685 0.3914463049861244 -9.031744307179132
-3.9925512761083537 1.7843655942286787 -37.47171153249624
4.395293162270813 -4.779752579584028 -28.05739902095994
3.699590318183691 2.452459719519451 86.09851447887573
3.14198388957149 5.821969241775544 71.93258625616218
-3.6461410321169327 3.4336321825979264 94.66330603512606
6.640027647403697 0.954613550855721 40.63314700116461
-4.972080232753165 4.0982560506526795 15.65680264595164
-3.585023275422829 -5.524998147970674 71.10787783526536
5.3516807116294 -1.9840050136299345 -71.43117629590468
-3.8707717407815863 5.420158871604847 71.87645618171292
-0.3923667393936846 0.8688002280064766 -96.3158573986331
6.361604112043232 -2.2395223588154294 78.88469492462316
6.470125491634978 1.315227395513504 99.8814609532296
-0.08162684507948093 -6.160088849849756 22.34141122274985
-2.521599589538736 -6.335946872646608 -74.28860308069278
-0.636863123918598 6.65026966110286 79.47966733128638
-1.8701601142622344 2.3711523146114795 1.5116019931114346
5.09302996771475 3.0040419502657274 8.441155715820283
5.090247628921935 4.145899699107406 0.2169396994294246
2.2920622196534683 5.342430929788175 -55.35382146549759
-2.065200857647961 -2.786613513203325 97.63035932424992
-3.245944367805626 5.746692192468082 -90.94133353279696
3.027746585502898 -0.3957297010045315 -88.20181410874511
0.15128299907197484 6.5119630597981555 26.52490054834312
-3.6463134061710107 5.584234726195309 42.34257369230523
4.729804971034171 2.4710239900074997 -53.96296351406713
-1.2263498187720587 0.07578111444587415 -30.811490383921278
-5.795650607336643 -2.3845175243963377 -21.784220390139527
5.1292851802718875 -4.060763333754352 -24.878337151567084
1.7140483672423246 6.367916124722328 -38.9690728597786
-3.0545969776074 5.742919960565507 -50.163410132151746
2.995530270287344 -2.931390173108247 36.4028127775573
-5.04787821889927 -4.373387665678726 -32.04808445578947
-0.5053086060945401 -3.408428772048502 73.44668102942063
-5.66730356251955 -3.511456144559147 28.09134951044319
6.5788097300216455 1.82662314428428 -51.50883675635073
-6.382609369297216 1.941362493481813 -54.75902603483909
6.736684722134671 0.7341683945065852 -61.29174723225452
-3.9507783697992265 0.7195394157000281 31.888698568095148
6.569176919910073 0.0820428491247227 -73.75398566614064
-3.7876141092566327 5.416659292692147 -46.048378485385236
-2.3598134140338844 -5.911966943833196 -11.690639647528569
-4.968813812486718 4.535693766677089 -70.96003141612469
-2.143933420465694 5.947106006630814 85.46430181231851
-5.712308524772174 3.4611127767488155 66.35680751075452
1.4275981759512215 -0.36965783044208267 -38.74108328439946
-2.245115454303524 -4.881924738008731 -86.5983814511824
1.0904727570203654 -2.8014003035781356 58.79270469449767
1.7203128804693653 3.8340567050449383 78.20542511045501
3.7257560590016245 -0.5879863136206884 -94.76817961309818
-0.06970293411775702 -6.699991975514084 -43.1967343306219
2.8503349942179774 -2.7952044819997925 -22.298898533853034
6.46565992796552 0.41899075483294645 -33.959672893882995
0.3278612294955679 5.037923887175193 -13.953085816888382
5.808274379971811 -3.0984560534024324 -59.114861402729076
1.4992332997017193 6.666858289735247 -66.3758161441706
3.3121889972033394 2.60169620233714 -91.51489014099234
3.876931762039575 4.6541254516804385 -81.98692259334783
-3.9303631606750655 -5.190718705024017 6.8294513231826715
-5.994324512093574 -1.5990070369185903 56.02670591797008
2.957123971839444 -5.632854352217945 -36.376755964651
0.8717205106383814 -0.24218719294800875 19.371400372434632
-1.536766758937132 -5.5770005098986495 -32.666798351838644
-6.25045416713192 2.1685010306016657 41.25753136171027
0.42682518809312175 -0.4792829588445424 -64.22231805558573
-5.965596736481763 2.7778724000167996 54.2144021841484
-3.2092060076877553 3.0708871293156603 21.958835516228238
-0.5029078928218347 -6.277189025349607 -1.650754036012975
4.376890005629986 0.4887068726156017 43.37711890352817
-3.195138378638638 -1.0895752833414196 11.162024582748025
4.734047673486022 -3.973204367845078 -11.660796531202088
-0.7527136603261773 3.6140468767703746 87.41216686953844
-3.2625176254446084 5.743270551555004 66.7037035310522
-6.428071585341063 -1.7178435438233153 -77.22079600399564
5.136220150630921 4.091540201097606 76.7991275970639
4.906933225978202 4.454082164414386 46.09657110824016
-0.505965631300644 -6.872625281507446 13.751108143700433
3.262228378334111 -5.712172134590576 -96.78362523181943
6.356078490370965 2.4829019169422275 65.34617835320931
3.903212049161743 -5.051276025721862 57.96319218156546
-0.24291806259037108 2.7200859695448307 -81.03303056234871
-6.320094648817452 -2.109268348798908 13.448973999933003
5.8321578487070065 -3.000907016063993 -66.3137744315362
-6.430461350728217 -0.7218638784239286 52.902551599587824
-2.7130806133154697 -5.678740851713811 -24.43755444710177
-3.357382631851517 -0.8912556314497176 -84.33222333179751
-4.256045330980693 4.684677523080909 -14.849124717673686
-2.767583474358151 -5.924039409155514 37.50150764157628
6.6507185869938334 1.8275561928435828 0.961782333649521
0.05472657736475883 2.770867532172734 83.68006219614416
6.32431509173363 1.4208320770402676 3.8536644509467872
0.7042779162022181 -0.31769888083965947 -67.59423996428796
-2.7520711841837966 -5.66593278256601 16.822383304202084
-6.759844971538275 0.004404694853451463 38.54571440587024
6.37464492738275 -2.0457969114169225 39.615064396383474
-1.638609507751997 6.00837502124612 19.624715736984687
-4.722587478324279 -4.4749253932322715 -94.63945085969281
2.373125546168637 -2.9396588278068405 -68.64871083583755
2.5923653127216753 -6.1543889179950195 55.1477349267988
2.798305410351487 2.6750040197121985 -2.1478817621599497
-1.3309462156976504 3.0586080200936645 10.21626849564368
2.8329236752825286 -2.4547396300547315 71.76910618901918
1.203227939066958 6.2513121308715585 93.96644524577741
3.1702836903555722 -5.975716446975097 -53.77908140314976
5.707784673375679 3.0969510451139413 92.46763584199873
4.37783552211296 -4.713888558528667 -62.15633295465259
-1.7803640614802083 -4.756494462515305 43.24989877648956
-4.635242170719817 4.60167053851673 -37.984828742473184
-3.531304320923782 5.499552888872615 -85.46284750946505
5.502323431299068 -3.4942330601183356 13.206639917606934
-2.324789470012304 -0.4835161311375836 3.3704620786770456
-6.199576668968102 1.023635118917331 93.74361696067942
6.446225231045788 -0.19671960735799893 -77.1213243973717
-6.341955687885821 1.6240753934706778 -78.3211539706745
-1.8520813406779115 6.237195360259365 49.18800522806712
-5.008252622318085 3.825364836173931 30.24557991350781
5.9355785176575 -3.4187005353876794 53.121840348561804
6.575697177772948 -0.7641541986649781 7.299077159894042
-6.575553279635953 -0.7669755538474399 -27.231973915816347
4.096371993922274 4.252784683557537 12.337563265107685
-5.81516541692435 0.0032038724086436866 23.458000616981238
5.257767913221577 -3.751851269501569 87.04811058793588
-1.0867536105894573 -1.8281160421401068 46.69766286124256
5.423222563046734 3.7827656203211766 27.447035955228536
-2.1844747370750057 -6.581095053614104 -66.23607863828053
-4.243610016231445 5.2701026915104725 46.980753917994306
1.8720822707756428 6.072301736230545 -30.247582901324673
-1.2649602917259348 -6.223600885704449 73.61393590517238
-5.870872647799101 1.52943078478804 -50.79407582364061
6.035117813399819 -3.193284435343707 -37.961609190298276
-3.4982807094949697 5.1382042008881506 54.097676805736235
-1.7008908810007237 6.4458837001771085 -79.96065895196973
-4.383934647403208 -5.1764902077043145 -77.6568948910071
5.717360554614261 3.08993051055329 -64.22745364791447
-5.662296607087059 -3.4650236785500765 50.95103036679429
5.0595519691107 3.422419832316224 18.78923129554493
-6.389968925403532 -1.7716121680756922 -65.22348850088387
0.06585431580022122 3.5043499920766257 -59.932596390213455
-4.295059079235087 4.686237517793286 -94.05681633249846
3.8378458492814613 5.346247001226991 91.71802673751526
-5.814995220565924 0.6472730663127193 11.517103600951229
4.204071082391828 5.44897047226294 37.36580608779136
-3.292122894609759 6.013437642588017 -3.73085103727131
0.3585219850488913 4.549740390450364 -97.08329378698265
5.727277248123701 2.7151303565974523 -3.7146662716784435
4.207359655327596 1.2348052373745575 -66.75383652765012
1.389167315921294 -5.743113749548819 3.186704283581663
6.277566628760476 0.7133680963101672 11.596058013579594
-6.054399501319954 3.248875850246087 22.396968216091864
-5.430216605511595 -3.6880511964129807 -57.4580320680001
-4.428215125625534 -4.236180573346491 84.62049445275605
-4.42041982511263 3.8296554956570743 39.28218883797757
2.006502300689543 6.324071868053419 43.04362880258435
6.275264475012175 -2.135434796028422 63.62456580825301
-0.14353740259139092 6.610563622114542 0.642699751574926
-6.326192432827968 -0.9018403374190991 33.633495502240415
-2.184590446210599 -2.1226064695779203 25.64458834818451
1.0209165659033759 -0.9418006220107445 49.34766967360588
-2.3678556116891025 -6.418172972202301 79.680162804479
2.915531621188372 -1.8380814912398333 -25.67785082214785
0.5144659473777051 2.9281854611697913 -52.90466348763317
4.636276173653831 -3.610492570868789 -8.108241310526697
-4.968818884713546 -4.753280839742554 -63.560881999102506
-1.9689416655690368 -5.804460039305318 -97.82846672223255
0.531449102449453 -6.753674790164016 -95.78413778682139
-2.305309018727248 -1.7376422008264338 40.307640900177525
-2.083879170160457 0.1766445990084434 -15.167670626255832
-4.9285747032083975 -4.316073021660998 -7.745502338730995
-5.681826930491854 3.323927220527402 -27.737547649673306
5.814410188870371 -2.7920613982275397 58.5866390740433
1.0535951193333053 3.162605749158484 -42.61075261430921
-6.673057690208812 -0.7753260670699852 60.14463978731942
2.680295827007867 -5.946458642655748 -78.91043298461021
-4.452474520358529 4.814137508563687 83.87987719935946
-2.03928795918075 6.377329171183083 82.21112551392544
-5.5946715339671815 2.9653133583316165 90.7143970637417
-5.565088983953638 -3.3568695881491557 70.26295871812214
-5.74637794399854 -1.8362769231662133 -33.42761046867073
4.905123793000685 4.010802667977275 -60.27143684151926
2.2880330390924084 6.299129990928831 60.44767638687016
3.3816177213738254 5.652736904230086 -26.034630513392184
-2.4334188110890587 -6.27972740711983 55.207610182637175
1.1222870664447067 -6.606198016805019 -67.15376200229575
5.642537880791552 3.2956718455734504 42.56027630812018
-5.924670747294951 -0.6464345241237792 -71.29612746794147
2.0647470346828465 6.191780772706335 32.91311093669978
-6.1385387260093065 -2.033794777312706 67.27821125883632
2.24322110777775 5.934162796544472 74.84274123726277
0.493905683297217 5.907483373415576 46.210478345385724
-6.605196513654888 1.28561314910087 -88.49494830060384
1.9343864155731252 4.863457116564831 -73.92704282337937
0.36723771518553505 -4.4512974234043865 -83.32691850763779
0.42069734213797183 -4.233415434216951 -88.59980344314026
-6.297536264577062 1.345526686260841 19.079401493829618
2.775017439205467 0.2512307873534985 57.32529109025654
1.5581457589070715 5.747024345517995 6.122138698780951
-6.476676281302938 -1.8339346200895545 -85.21685284740553
-4.551183179719734 4.77666202461482 -78.52934669120833
-0.9034857540874911 0.6517542446592808 63.24045428916176
-0.7382225969137266 1.8393644000967977 54.087468607455406
6.556112993515037 -0.8447351687360378 19.234827406241635
-1.469693388868837 -5.802714082477841 68.74015980438598
1.9847862222037351 1.741182874200644 -61.34543884583615
1.886256715486873 0.31943203196281794 52.160087557979644
-5.889882486319682 -2.2295815465374598 -5.667069221315174
-6.048363403618282 2.450545018383898 45.86033700648551
1.1387957239679234 0.6971870463019469 26.510813695037683
-0.03917642948796082 1.0590704352786298 -93.04307830938083
-4.012580668689337 -4.8221033290223065 -81.4265079544611
-2.605998484319825 -5.976464025973446 83.27246089051879
6.253309167664795 1.5756791583110519 95.5454206936417
3.106773243161437 5.993787611684274 9.024296582484215
1.2791115585664554 5.805372432189504 81.49817111446336
5.836413717513371 -0.18124581405731213 57.070595553760036
6.194118579435266 -0.9328101158375489 88.43194306011348
4.514485336825517 -4.8893755308081905 5.214481064139287
-0.06140257807882199 -3.784611039374131 50.4792154759581
0.7408531105590999 -3.617279187865473 -29.994664405116488
3.0232276728975314 5.991393968924761 -44.02382495775763
-5.457810830105955 -3.135711140858558 -18.633593029576232
4.6717011381767986 4.646345881130293 94.8045782256988
0.9151861311696373 -6.660432842902882 -38.988191851505064
-5.420617413019925 2.118049407589441 6.220942623218056
-0.0027247527797440996 6.727968232262792 -42.26426301611447
0.3629679928949335 4.781112652308968 65.28814488851543
-1.4200775056705983 -6.362706396808929 61.66262453679465
-6.19024232610108 -1.7308081317151975 -68.3203223665914
4.3217607777709794 0.5411783322942378 91.97293103131402
-6.0544908386713026 -0.4239160946910785 -30.943910207694437
-6.102078296488164 -1.2178786833103794 -80.9968813765756
-2.5100267768153324 -6.172157640775047 58.69348011258053
-3.291637731480818 -5.775787925581927 -91.0388187966502
-5.158099599489901 4.452775592186569 34.15296420483333
-2.6391492025582988 -4.04649555322811 52.79114573170775
6.699911274420302 -0.15074239642748588 67.83735950557623
3.5129660238355007 -0.777533438029633 -77.60770251948799
1.9554170654242 -1.8705970297756747 87.39149234000669
4.911295890526872 3.9660704436207492 -16.196231809104493
-0.2736508701733472 -6.449207965078982 -62.97958827669324
-1.2081223707910094 5.733403856727476 -30.47931464963324
-2.6916246975212292 6.226338900231924 -9.58316283154162
-3.7541649798254024 5.442328694835486 -23.628118075497905
5.802309123281074 3.685543786681648 88.83349965516666
2.5470820469512376 -5.8635987953845286 11.750441780357853
-5.907967006080268 -3.0703566426761806 -42.65533623527521
0.8960150394739513 6.580036147583112 -78.55359723731735
4.44269623066495 -4.564237663354425 1.0825542683316682
3.994184588681813 -5.413982635377621 84.91998674354062
-6.496328556605323 1.3972350338868968 63.16888084238654
-0.08664981841033653 -6.546506493145617 88.96375692727969
6.252629884280722 -1.3639219420393989 -18.14871092477039
-3.703672268263211 -5.328585998541372 -50.82540684353817
-4.698315902170697 -3.9698151549110134 -85.30256577612502
4.435809057032902 -0.050091873233373024 65.53961853963392
3.121622303631462 2.353828210875885 96.05789235731199
-6.409197796057718 -1.4636585340748776 -11.657171603340203
-1.697749587208332 -2.7526062151433774 -89.44280852582706
-4.641335228236394 -4.544051290383361 -74.8194922023218
-5.39400212024665 -4.279792911481228 61.45042227837444
6.733378930154814 0.20657946351300543 -23.51963077844362
-6.02206526685726 1.76825370947028 96.82930161285573
-1.0157779758170093 -5.964064499606325 -70.72212588427708
-5.9187843494920545 -2.5041345753227136 79.3815233037707
-2.9621177990209047 5.360566000452997 4.6223760717654265
6.232573986428374 -2.511370425939635 -97.44205818522066
-0.19242615051718215 6.660306907118598 51.69269984767514
2.8403497418491086 -0.9786025638548448 9.634866690702687
2.6446848486068064 6.236613495100366 69.0566761563746
-0.774937955562881 0.7668941757744429 88.97095414925204
3.2015930175018816 -4.823088518210846 94.44585702711375
2.8754955881487807 -2.112122496687631 -42.98970494462421
3.587116184434055 -4.152345987053815 74.01389956562171
5.194711876916508 4.531937345347739 -99.86153955772254
3.0654457735469967 -3.341022874839565 54.62049136323067
-6.476570927490969 1.457010365572274 -12.566730612929504
-5.401472324759432 4.087718491291505 -34.894356752184166
0.5129738730722894 -2.9035466044817024 -39.94903829250856
-4.663530057128805 4.562905483543529 97.2424760022387
5.910021673830458 -2.1936570364806807 91.7077314104279
-3.3422069718905076 -5.545785520731338 -4.716206927024756
3.787499748424026 -5.084437725538601 32.29767413320381
-0.8990399219490459 3.7179093407457504 5.593253943104567
0.3943991436231711 -3.7848493438563056 24.504290210291337
-2.9243936618712527 -2.136294510951819 68.46790064758173
6.332774615570182 -2.517693661924258 99.04657018214138
-4.196859363264741 -5.240678186709818 10.98443706827824
6.565052168607392 1.7248085484160427 75.16667013403965
5.472697269843714 3.23991202527706 -42.513254008068024
-3.706809905605225 -0.37365818027240105 -28.693412300255634
-0.9701124136258813 2.311279869801058 15.198302401086329
-5.288034440791554 -4.047127161629022 -28.692996280693425
3.0728735927903 -5.702609841404338 -82.03884002843415
-4.069759228839406 0.04814184336706745 -87.40733617406487
-1.2081811878108915 5.96468161066254 8.683517410297991
1.4196462164237305 -0.5859423708382969 67.5838682184986
6.411221461489862 -2.1339686035356236 35.233460855897356
-4.915116339171838 1.2309611318188036 74.30768791215367
-3.322802510299858 -5.467312128789297 65.50846808170071
3.06714878917051 -5.823564070059511 -93.85595080185246
4.603165225455385 -5.084321872087835 -45.54729528514503
1.082102692362735 -1.2807121128886299 -14.245480246999696
2.870070784292739 5.637172073724507 -9.362556818005553
-1.2888938802300445 -5.931615370623427 -8.217568540882613
4.317488332344493 0.767949133290969 77.36279865070229
0.9723776124735637 -6.034475487609528 -17.396729993638388
1.4498713373228642 6.066686734417892 -58.21390336770666
2.17508145336312 -5.636435863032278 28.990130762559776
6.546529293685767 -0.4073385452335906 -84.25938785585427
-6.301194168338258 -2.4172504715995715 74.71547687057975
-1.3395391699244537 -6.682171452765323 95.90265743740359
2.89836604950185 2.5563471860490408 -56.856142350227046
-1.7417469274258544 5.397376027811051 -76.65901287372847
4.651515864372278 0.3155974886008084 -26.55448802363029
6.260298994416976 1.1504014287131257 70.6044575124311
3.4751508584149393 -5.344301176812922 -89.66446049212841
-3.1010845341817546 -5.582149559601483 -57.81182645458688
3.998912213924599 -5.203913834221258 65.02718117135477
4.80103882630306 -4.390302018591138 -56.3098009583894
2.685219665641668 0.759091775984348 72.9821610971306
-3.738249546127368 -5.278600028736912 -60.62940031585288
-4.444216073855616 -4.594592509499292 40.544188671746895
-1.8889892639988233 -6.579805880453169 -55.143121182365306
-6.319174067201224 1.6860476237859365 -46.50608463696364
-1.1651959293288074 -6.595629760158054 33.427697898398776
3.551364856416321 -4.891480426291804 48.72438591928294
-3.4206747992191384 -1.2682689755761427 21.545040925593153
5.137477158834835 -3.7417711119626986 -92.20786667853889
2.566621988115008 5.789963698651011 -1.8033820910105722
3.2370341409110965 -5.716598823183493 81.60567514410455
0.13720686568545226 -6.629431671770152 65.02449143243389
6.4754855627786965 -0.1693270389522438 -69.23659491086175
2.645074256705188 -3.1713801432972435 43.222329459621335
0.8700061037558513 -6.643816370745421 6.837886531161172
5.40003240260669 -2.592689987775616 9.83853594613975
6.459583734387765 -0.6124879740726283 -0.21695168749050045
1.563398758628908 4.979353469230274 -62.92233063963478
-3.4768994579583516 5.121768271542999 11.761646073042156
-1.535442195750621 5.202060659644909 76.17022440035855
-1.8400594517599616 6.329675898006763 69.36550433179423
3.441009568035434 -5.547937242623683 98.50671680861298
5.14968757507444 4.474017657265308 -28.719702958257603
6.213592351803737 -1.6034455751395162 -51.54808945938348
2.4918826948561663 1.4802680093949099 -23.42227228987186
-1.197745845543839 -2.8053639953581486 -35.92316111804049
3.697908347051964 -5.794722620371391 -20.633533841387106
-4.7319570427848205 -2.7204886547638862 16.615274818254573
3.9052217603873687 -5.216534656807871 -2.7283601240062962
-0.048905405488293925 6.343564552218301 72.63211968403041
0.9946384969531152 -3.853896574494291 -97.4844647532713
-3.258929427424733 -3.713250654343984 88.32661437309623
-0.7363676090547476 -2.612404204390113 -52.47400760630201
0.4258341865893889 -1.4021847116013693 -56.52748216690614
6.653554312141298 0.7017991216250205 85.67084383896878
-3.977158558781147 4.846523819161318 50.93972737129295
-4.227707142366904 1.6723604339903388 99.09480318992888
-2.4407377678410875 5.472140491124075 -66.46045100740969
5.72062978830999 -1.8870338884590763 -2.697095266859897
-2.899702584684709 2.6624394589587728 45.52727861756063
0.6161534747288068 2.8123007552982786 -17.910539997701456
3.8104797735349214 -5.502541258068976 9.157429629278427
6.4934251582930145 2.611427071629461 -91.9933225793734
-4.478297370381303 1.2070587861155007 -58.370567348552974
6.727293896400821 1.1110905237152426 90.33855732071233
4.017123904774908 5.1904050322342155 -22.86704108488667
-5.9170339457035785 1.9613742319210334 51.203436586369854
6.688464533984093 0.4994237492742696 49.24351697280241
-6.399938991110251 0.9134733194382346 29.915687952050856
4.401155054529166 -4.745746021256049 -70.52447064311896
-1.4382014451416985 5.778096367642059 -69.54619038645147
-0.11501285749133276 -6.643013003873145 -13.884574680730529
0.006911708271833961 6.59299835869791 -91.82743634679237
0.5252572115752104 1.52420293420293 -69.86691768723675
-6.608976528131201 0.06845456055790648 -35.95838129581606
4.480143794662807 -4.7999004092379 61.942366498785645
-2.262805931505038 5.036684176752127 -35.25213604363434
-4.11412046339468 4.874877787235567 59.33114131620278
-2.469869964485867 -6.0339197560617 -16.96421323877164
-5.847885863539702 -2.691390739405288 9.562074311677698
-5.443536885037352 -3.696742428603479 -39.46320069780563
-3.731248847144339 -4.187485373876546 13.665414670213286
-4.8298574914354955 4.937561643884438 19.932719454576485
1.593467354261513 5.953810140941746 3.2643834118064468
-6.741553150907801 -1.4451728420816243 -90.40553015683813
6.554765503495259 -1.6005183307935544 -79.98551337032613
6.407682915872579 1.4257987319241199 22.83721819368784
0.2391988501853941 -6.619604055200111 -99.67283911114144
-6.287888023446126 -2.152702704303729 99.09238619529866
-4.269060372557886 -1.0900061926527613 -7.819092090722184
0.24833812404162794 6.7685046568923894 -11.690081626470509
-6.664687903984104 1.6810262361217752 -98.7914786841659
5.13404526076348 4.312418345268436 79.55994951263956
-6.268996912493514 1.277912140284807 -39.55587281560186
-1.1641682587082467 0.2794240558288199 -37.18814259196162
-6.648675922201877 1.651789557258662 -85.02319487692434
-4.265403420707385 5.356052841902863 8.625306682029859
6.778364044550201 0.6326056397048836 27.282258722071266
-6.3540528978952935 2.559562514117809 1.159742242234243
-5.955551014593305 2.2261504087653625 87.08447884587497
0.7888588372626713 6.614312704793608 13.471399768403003
-3.4906616547255345 -5.633506326487427 27.508650454807302
-0.46350654457468143 -6.705162646273587 -4.8142685461205605
-4.5039391407715685 -4.95969601248399 32.23595093985453
-2.513473492357447 -6.252268347494419 -29.22375177259191
-3.2519619024741493 -1.0578511490357132 -56.15121927180046
-6.165850994766987 -2.1979413100042935 -46.24759390575009
2.40348644095093 3.5154756525549797 -34.513486268836324
-1.4232409035207818 -5.632169114522249 46.358155797579265
5.698959411418072 -2.8188769216986582 44.103046185096794
-3.046507441899046 -0.4100426140679347 -50.686895047003205
-5.496761192054941 2.1872084470849344 26.951027454209065
-1.3953938215533754 -1.4488016611704801 54.376365635854334
-1.6598906843897323 -6.336615593245953 4.144030049986807
-0.25640503696694117 -6.533655492213279 -22.043326990417135
4.346423095465989 5.16603640600364 84.72553488702125
-1.2303698587701977 6.2269963903523875 62.323980520094445
-6.726552830189659 0.42603970691204307 78.78821872744206
-5.240629212864613 2.0721135056659357 81.40558412380793
-5.042139477771262 4.410000133224239 78.28146706559394
2.1600820395277314 -5.932054864478904 -56.95712706019539
6.624060126844088 0.13958207616848817 -36.87967832033373
-0.857353706088501 6.577032027501424 -51.96131579214686
-6.693819918547803 0.15944312747475453 90.51437736134994
0.5812876439857977 -5.26929368785336 80.25929690913502
-4.139954989420687 -4.469436519883017 91.39601020434044
-4.072482474114736 5.376877624553942 -31.34417950583592
-2.064535342688682 -5.505370585392223 9.146718534211635
3.489529330587253 -2.1333024347365512 2.587585278123216
3.0275665077442295 6.05289392609988 87.91941377721746
3.151092232826611 5.440074749043194 -91.39154369308531
-4.656617952171451 -3.9904046345641326 -69.01062177939093
-0.9476292319663041 -2.5655489944155185 -85.61223297690262
-0.5528697987709521 -2.2330171162635164 82.62689026566474
0.13324486244953188 -6.569497182686809 93.54551791741002
-5.892408043996434 2.9465584767927324 -82.72724932186105
6.331002003623223 -1.9597718042565022 -28.753491375233743
3.530254297528332 2.0499922607613414 -45.207265927748516
-6.590770990075055 -1.4159943709118632 -97.67550214295221
3.255699506782156 -5.875855986333375 -65.16730228860905
-5.316316200458669 -3.9533390712867393 -35.52474574650847
5.5909738359164995 1.8269668113531503 -30.87119039904139
-6.245247070993162 1.36284941051192 57.13810239166718
-3.862473249697671 0.9181409308656011 -1.2989561827282654
6.209640919672821 1.249485011330547 -20.476115681154173
-0.2960097954510168 6.768310743288902 -26.664638600285013
-4.213371166808609 -3.905577709105979 -99.62894748990465
-0.6150269062560938 -0.238640535757208 -3.5261604767021217
1.4024471714262523 0.7248979105051755 42.740831606898524
1.3779633222227918 6.190918607712492 -47.90312862446164
-5.951073285125749 2.544849529471227 70.53942248365166
-3.508527500568308 -5.768185995614122 49.03135357814706
-1.9598558202503664 5.910277638434589 57.63025466852069
2.0597770716662573 6.4243806479860925 -88.30758180651249
-4.463741990304079 -1.3425176324403854 -93.0004344768823
-4.694342469804427 4.638908152166744 -88.38656077718609
-2.2773971448127353 5.465696879069701 -57.964608998891975
4.7883753035173 4.761133079020066 23.08818156363983
6.1585660783481 1.9709952364500907 -96.36925968882869
1.7309952673055369 -0.8168850164968373 92.41907941154908
-6.655809575919951 -1.701472669351628 -74.241164530914
6.249223897780278 -2.407653934313199 3.3572219658524696
3.1356458482072864 -5.812085013359045 45.605548775106946
4.011998244659703 4.951465609964209 -48.52726765464019
-3.6854174255559022 -4.593231454411628 75.30090438562337
1.178904382410276 -2.8358370871779046 5.3420428134871605
4.747686165766993 -4.443903870704815 -31.97257299697801
5.197057091994527 4.344445446161274 -39.83752281583961
3.6138100104628377 3.9881208484884385 -19.625009803161518
6.703398217108565 0.02495277640915501 -55.82046529767339
-5.891081314077888 -3.017728905926172 21.40066265055548
-1.2537892498703387 5.503733703174942 31.526714386123768
3.56062080350007 3.1203221390134592 29.585959464132475
2.020984305358442 0.20215112448556039 5.129752025766589
-2.6038327036846907 6.046745927322772 -63.263888544111715
5.134268788790912 -3.752243442251192 69.3067613761106
-6.306158365639856 0.6682445650845771 -4.904248731589549
1.4339801649134196 -4.804365255257293 -49.93284364768026
-6.535791630733291 0.9305931834479146 15.334028106889459
-4.132508610772281 -5.307886733572284 -45.594574717328825
-1.3286770773841676 3.485370280637625 41.41898594362851
0.05950268602946979 -6.781904064850938 53.39278740240482
-5.402566101026282 -3.6920320614421507 24.310805019708422
4.287490306280275 5.405873714755318 66.33395162251404
3.9305466438934418 -5.221749933904415 -85.8712875582958
-1.1658059202289672 -3.239724455060424 7.560788854136583
2.0814523206515525 -5.821765132432932 40.31355433588599
-0.0660408554499525 -6.702470592066209 50.245109276366826
-5.844996736177767 -2.5482946132760933 -51.806353586131976
5.188484348658866 3.311114436664568 15.935511961873873
-5.845861487216083 -1.9469099359089883 43.321571003887335
