-4.327998910235225 0.686798345449994 -33.89954226407506
2.0463543054627538 2.4687077688384247 -85.66700758478747
-5.115769253518075 -4.133336736480383 95.62424398168007
-0.20590104974768073 6.820567842442539 -4.878103423383141
5.859672699473537 -3.154778975038941 26.479526008224905
4.529007532287996 -0.3061889528861147 52.40470148199689
3.630084282808955 -5.235053783691345 51.67632386213223
0.13786696818825428 -3.8399452009406225 -93.26878872976076
6.835503299459192 -0.8364274592412566 45.52950462119819
3.283328813749072 2.785337981520712 88.6370197258043
-6.1625769852628745 0.9733658977207791 -8.43552613305945
-3.5485753541745124 1.6291712442864072 -37.874935894875804
4.153686724820213 -4.6624955656341545 -28.364288350620054
0.12657419677912762 0.48392605371002756 82.95641942309666
3.411917082417608 5.8744779443072 71.86086889361644
-2.887530003769108 4.873992439429697 92.9028933435141
6.350187048033911 1.344494792518617 41.265122084779854
-5.283614176088316 4.483098656568593 14.60684204711891
-3.7072079629396075 -5.520328745775633 71.55677235279678
5.602515702809239 -2.132348086072342 -71.51970426776306
-4.18920272259367 2.194634413046532 74.03512623247897
-4.5454367947014 1.6838122192611111 -94.83011850757069
6.550127475161671 -1.655882787943217 79.62794748327418
6.518386607900021 0.10749999053247651 -99.25398233876739
1.4345449537029573 -6.526288520648415 22.705904013298706
-0.4650653983485722 -4.439570425242444 -72.29729201970508
-0.6446159591459085 6.7488377282256815 79.13138938834065
-1.9611993691769345 2.4484291561724745 0.9565303849929925
5.804747715531233 2.961218602720322 9.017447787368363
4.417764870060217 4.962807000273027 0.9216772720106132
-0.128975547155871 4.246577378608633 -55.32546201918568
-1.335807338878132 -2.137962222709017 -98.50969911597815
-2.8561323358996686 5.659761008122617 -91.19937866634336
2.001598192172262 0.954851660937417 -90.07436897388152
0.12405148637131469 6.161955247595627 27.20227650289019
-4.188507188516815 5.001517052279199 42.90526095073204
5.463676362033839 3.5419704550306874 -54.91097598771592
-1.2632652195176783 -0.2147339458083609 -31.157627510373057
-5.968174829507416 -2.0037065099594757 -23.503314814240433
5.0038995455119855 -4.471867453679549 -24.769739618745625
2.487244000468945 6.169679049391607 -38.73252555276676
-3.9393260284846345 4.73902987996114 -51.329222841941515
2.0128411937682995 -1.3255225418049812 36.97153711106077
-5.066748794347594 -4.486780518817677 -32.149302874224574
0.10430235491804413 -3.862751001736592 74.3850544581151
-5.918514522991005 -3.2867348834451784 28.588233677134646
5.763711841216101 3.6541093673481275 -51.76531758650917
-6.368195530831435 1.2690277968286123 -54.72857771665683
6.556346087292758 -0.03943985843658572 -61.72747811146939
-2.986510612522823 1.9333713048553278 32.964541641273065
5.817857738258137 -2.474560439733906 -74.62817554715629
-3.360568627262814 5.660588018523753 -44.74544141526407
-5.8290003210434085 -3.4137248714197246 -14.345816052566914
-4.920268907050837 4.490566694789694 -69.75311034423409
-1.3854489321239079 6.300885231492708 85.11457645347427
-6.047929939164854 2.6224141351064074 65.51968193484693
1.8852447087724649 0.5514084358959616 -39.60858549943136
-4.086066254162156 -4.734726318908516 -87.3268487347328
2.263374292335596 -2.2525017425358658 61.74587314843069
1.5782209688107933 5.736296881159379 77.23027441343221
5.956235364775574 -0.22985987664440244 -95.38624417160834
0.2516303150782133 -6.3141708889110495 -42.32664697079868
-0.34013707925705666 -4.338321716759101 -19.103324276351817
6.168255470535523 1.542288622247645 -33.806085824081144
-3.1122598833692128 3.7438370939724974 -12.902180192506922
5.834095508200562 -2.824610506395238 -58.87110829762778
0.6661103647294113 6.434277631187615 -65.74718296516544
1.6749214412914146 3.2271110771693308 -92.72682084530847
0.16404432681001802 5.194134215915267 -84.49034653888293
-4.1004782783697085 -4.607852150026928 7.672529454458694
-6.172199989213522 -2.3317907517429126 55.38527734236373
2.3904482457417253 -5.965284385058949 -36.404244467562684
-0.09432998297760208 -0.6787676408041302 18.53766199502192
-2.476939318726205 -5.922901868020722 -35.20799347469055
-6.182504477269062 2.1966630988176545 41.39664976946642
0.1264368851349284 -3.2308823927016523 -62.765176135065346
-5.781376499276956 3.3873515152606744 54.29950241958936
-2.0766575334802386 6.453194970903394 23.464004010930733
-1.2215388079294165 -5.870056919876782 -1.88441660813025
4.634721052391848 0.10515870478816931 43.463667985955794
-1.302962718273762 -3.4710343399834973 11.649510642198255
4.646454919757274 -3.0534364232475477 -11.789148395158467
-1.0271444652793724 3.591631364437422 87.84039819566674
-2.9489625943172717 5.6401829243674015 63.54631706355172
-5.945844288584217 -1.2451461121235206 -77.48524085785162
6.03708424363054 2.874551107790023 78.22144662119783
4.905043087944567 3.933381426045919 45.98865943217128
-1.0420830880015106 -5.895530909578697 13.78741278897948
3.380851978319608 -5.545131831802513 -96.72337706993756
6.35216621073423 1.539747230476608 66.49825335446647
3.9819882088939136 -5.359486456666078 57.8083047347082
-0.8328767767078961 2.53925267422588 -79.14619289992906
-6.42448301104366 -2.212981610342576 13.984395738422725
5.822120969320764 -3.252759786172876 -66.91192967863053
-4.333318726772748 -0.5933471652579029 53.726802689372725
-4.747823438451652 -4.627749750072765 -22.13947592717633
-3.076179822484163 -1.3199165584618018 -83.02466173117531
-2.281646125835312 5.883151170100569 -15.469215197412215
-2.1785027005894295 -6.484992095677116 37.16931802517357
6.028604410694943 1.8610728131451288 0.6877498142706301
-0.3007983962503873 0.41856822153383755 78.80630955681333
5.818426181783032 2.5870737969479736 4.545722833251896
-3.161631322099101 -1.7904288565401705 -64.69659904761123
-1.8559340013108814 -6.197345956912824 17.146200819651327
-6.631366286761156 -0.5603898764036339 37.81144217771237
6.3444401618817885 -1.8643246062739485 39.867985148136036
-1.4213807195368293 4.709495410380504 18.61837961582993
-4.777478207194301 -4.895178601062391 -93.41032475487964
-0.36169852693181803 -1.8159184810460558 -70.62777380892264
2.62505213924495 -5.611702040217657 54.4732908906493
2.881735710998936 2.8271995451220198 -2.7131813519722816
0.8437103030443532 3.5190440948009765 9.277494319645413
1.726683606289987 -1.1445350922114323 71.1125264331098
0.00770181310581608 6.154665540096533 94.12870236997604
1.4450773644874575 -6.284860964763023 -51.946508369872014
5.8778746615478 3.2748999689730707 92.86829744334322
4.245191872991375 -4.815355598644587 -62.18572479184686
-2.5376950963780383 -5.368744598841971 43.57337949826047
-4.191132153809975 5.092615422627827 -37.64043321148612
-4.016360496635709 5.402112235558931 -84.4069698291112
5.347830330328032 -3.6898653253896936 13.230614076182869
-4.494766393333642 -0.6688849269526046 -0.2097226362681175
-6.041223736920888 1.1178285740454206 93.52589313123147
6.8985339126417236 0.5538955820833589 -77.37201692264105
-6.108775781741593 1.6089598165115162 -78.54851946225409
-1.8079481592550566 5.99766042663148 49.89542699435543
-5.262957932008179 3.6277769435172416 31.528994592711562
5.956675007523517 -3.198262179230527 52.804457438869136
6.026745848490622 -0.8722720618467024 7.066435985098485
-6.352424705984017 -0.23489456502748046 -26.62119926689859
4.9873340281949305 4.567097565821205 12.238746849831118
-5.904413969806514 -0.5491567471430385 23.756498776191375
5.277349017730789 -3.7794985195234005 86.99696328565001
-1.1903029146836366 -0.8595702132168972 46.36922178508708
5.2395500310154075 3.437722557487511 28.25377218513361
-2.324463070654238 -6.3920331900735725 -66.33020806235028
-4.275546656957786 5.466458479763989 47.865664445591364
1.1625722262376006 6.684995537200098 -32.04039114992457
-1.4900593305115537 -6.521359284703463 73.6771739040819
-5.919111110784054 1.231723378673498 -51.23897870376111
6.072558913238336 -2.9572097907138475 -36.18715960851023
-4.663923122979996 4.906279767073255 57.00180345664944
-1.7025655907497723 6.436500235460061 -79.95873621192852
-4.607711495149045 -4.636334807202746 -77.88564170672979
4.2391471097130555 4.50530582552827 -63.833825434745016
-4.9697954873287955 -3.630025030947521 51.4106504509463
4.46025834812685 4.6279551689066 18.85542048621105
-6.106467739310558 -2.1520273156688523 -62.93040990682633
-0.6617613713766395 2.7909973335440768 -59.11285871512151
-3.467808379089066 5.39825025001668 -94.35719837691902
3.695991894340127 4.851439162288253 90.74099972054577
-4.983295291452145 1.5562567216156455 13.520040713611822
2.1242552567072854 4.97892499043157 39.29340010983183
-3.017600720634685 5.95190699905749 -3.8786773961538
0.5244704093082162 6.76539168243689 -98.0907999994378
5.67710687607422 2.0826578683668764 -3.9270510822702134
3.0384716694702503 -0.06375841718857256 -64.13326913458094
1.1937899833653562 -6.339340670482733 3.1983685756612203
6.076742366906542 0.6753677939570227 12.316395847211599
-4.727926647687347 3.464642926460739 22.459708840511965
-5.362268288105079 -3.7018588172634272 -57.485329908343296
-6.6802247437100455 -1.114651694609936 82.66197654936327
-4.66080438957131 4.6312201889110804 38.86070509930528
1.7462032280402624 6.195992314772658 42.421235895735414
6.534062939021691 -0.7852320008007214 63.77896858411563
0.4362049570503824 6.480379648711767 1.0269971343793989
-6.048413125721761 -1.1996833426487843 34.38098628384178
-2.8085336643957968 -2.090100823616854 26.835381323895078
-0.4047991744627737 1.3610546112828348 49.23625963152128
-3.501179427878569 -5.784495067887081 79.5231136755949
1.5262241441364137 -4.395802782874279 -24.51580165690436
3.1394137517806957 2.5499219527824293 -50.65001166770338
4.552750935925296 -3.238787553502627 -8.950876440007717
-4.483978184434481 -4.618156167772236 -63.55217423708884
-1.8225279346159458 -5.563970870032582 -95.98275966768773
0.7975941731432116 -6.693036080439152 -96.22533251714522
-1.6252149514315855 -2.720063386516932 38.7425408758253
-1.5081787940297107 -0.9601024517200301 -18.353040965253918
-4.379689065523301 -4.742748453366356 -7.396506938703423
-5.490731407651478 3.3212466016340216 -27.807047799712223
6.006476060807506 -2.827540130227647 58.19288851522294
1.6670399727812466 4.01419034461448 -41.23852452958121
-5.10143750488221 -0.5064992837511462 60.19448910932499
3.369430625443261 -4.954046770852614 -78.31296880597719
-4.61499105383298 4.375972324306885 83.43738750785819
-2.036971813738042 6.40635205909328 82.18124910723313
-3.8839163960710414 2.901292739349936 90.45959255094093
-5.625603493901449 -3.555483594262302 70.42992175124817
-6.104336794037942 -1.459285113731525 -33.33226847389451
4.370075010227725 4.82723665963349 -59.91667428373125
2.2900749279963413 6.424814642964317 60.58072823997576
3.1336539691271015 5.949057921463557 -26.104982535587407
-2.3396183427469572 -6.392944679200056 55.21430954026616
1.2725917537567317 -6.682590935334779 -67.21245351473652
5.010694806020504 4.228581196627062 42.87429947485958
-6.615461414854181 -1.2512840612893523 -70.86237491160243
1.991829358649113 6.402045845775943 34.2959661648713
-6.243976746776086 -0.8628810875750352 67.6532394613046
4.0598841340104626 5.397307221031555 75.64638369742318
0.26561960178696087 6.569522903449172 47.44967703562405
-6.7073620573467005 1.1292990876296474 -88.3894399103276
-0.35939978485372415 5.851166495628112 -75.31590720656989
0.15958117508988023 -4.955249222545511 -82.88532662540212
0.8060850899825931 -3.761023333437168 -89.79300224197713
-6.531291360988024 1.8569134595365138 18.654181666782822
1.9886192768777657 -0.8330016080939701 57.56509477043926
1.2055049349405311 6.1950944127587055 6.717179535593798
-6.341548416152212 -1.6300270900801996 -84.75122434908359
-4.679546053426399 4.817673677564824 -79.90612993452832
1.067247865902479 0.6837662061211423 63.47949329454776
-1.953223725295254 1.8995972778513968 55.290222279458305
6.411694393570139 0.07504568561546682 16.723684296444457
-2.2163264494998773 -6.513109640647585 68.38592724063864
2.5285915407736756 2.1202234113316303 -59.92467078218534
-1.8758648623775533 -1.1997671128474556 51.574636551217324
-5.581057030473658 -1.2859240633337015 -4.276416936066201
-5.777598763077486 2.8533760559238934 46.343558850796335
-1.9904908948095892 2.1677401073283384 25.562189226374535
0.49906831895747455 -0.4656843431539147 -92.57176089628251
-4.598023266069896 -4.016607556431516 -81.25474809088436
-3.1374905930089376 -6.054825630151697 85.67484097607236
6.127061378541889 2.1705356765645862 95.70591102433178
3.888538427512719 5.475621867403712 9.366609070691545
2.029968609850925 5.830891750229922 80.9275777921927
6.466296217961415 0.6046750044050262 58.461659473305836
6.391930617255691 -1.2377723569565406 88.39527439187138
3.6923501911623946 -5.370142092492036 5.033983527484639
-1.4789998056233882 -4.602051313309394 51.30764073829414
1.9314649150722099 -0.8009300403710371 -29.500386979085174
2.730962761028008 6.064117313926475 -44.23452431163657
-5.431904427574083 -3.8223676821897627 -18.556250181716546
3.065171956897118 4.324556577858746 93.83163938211251
0.5998369571499224 -6.8052282136422635 -39.369913441424686
-2.7721314362904383 0.7351111958143903 8.09040691048215
-0.22528550843591982 6.431287383867268 -42.16024305521965
0.7995647598645834 6.345996455647561 66.30147858836916
-1.5608010740559954 -6.572086732527854 62.687100357367356
-6.4654021081900375 -2.1036766257402886 -67.94797542514775
3.564286463867738 0.7895661904483562 92.46316993705165
-6.560179765375592 -0.7770552955798593 -30.277035799595986
-6.595377808779583 -1.6301472777870891 -81.65327970665109
-2.283877868974557 -6.35934432536788 58.3537060951323
-1.203176487928263 -6.509500039196895 -91.22925141855298
-5.046901856828095 4.287003210172075 35.168134852494006
-2.776200747271724 -3.459016234205845 53.73830019224638
6.1181241950492895 -0.5171273593479376 69.06508652060101
2.898515883461765 -2.2909598596550214 -74.3450329183871
-0.1505745938759583 -3.0187585687103073 87.17020308224859
5.00384170295629 4.25813745767411 -17.310477754984483
-0.5887791165867985 -6.438499607458066 -63.93654504416239
-2.3412069958330926 3.306957232451261 -29.99356372255514
-1.7216319762980479 6.164461399193865 -8.88807189717008
-3.6512330525977656 4.529987422043451 -21.9885762170281
5.820021301092971 3.808876243077548 88.82095183080406
2.711993737826357 -5.972509029905445 11.761592219464355
-5.503128929365295 -3.4986827605021564 -43.48208949929728
1.916815763543125 5.422158107625379 -77.13707572058378
4.70832672737608 -4.722595305335608 1.6775071373107742
3.0964143829226596 -5.5230643057872815 85.36922899645141
-6.428308950305154 -0.377173099009688 63.87479897126306
0.929790987881372 -6.797052905049801 88.31516397534504
5.451207835955388 -3.5431534247982164 -18.09308546096403
-3.2944340565800867 -5.4546169214927405 -50.391479822835024
-3.9523165415251165 -5.509978013903487 -84.53249768283588
3.322159295965718 0.5973396305919433 65.4375684072766
3.593916017284658 0.6886385765112559 99.57197933620364
-6.321789827472535 -1.9732967925870746 -11.630944167381976
-0.10733026931468914 -0.7047465227850966 -89.03911979961889
-4.019338038932052 -4.6902729793953855 -73.10230772443308
-5.618837979064878 -3.7165229910945534 61.88966018744869
6.622486721320439 1.112747371028255 -23.373669272786017
-6.351570691792867 1.589671355471683 96.73770594535247
0.6471621336045732 -6.2771208311942335 -70.10938066070267
-5.505331666524042 -3.528203249428853 80.72499269430682
-2.232167494172809 5.884562632293874 3.1842423829594266
6.123607680045158 -3.287193040318976 -96.79591854534281
0.07955194482273509 5.605636707979402 53.06542446764003
2.0143576473356273 -1.6368477258905072 8.789971362272494
0.23124846710375738 2.868546708046428 66.22035961701542
-1.973225942277447 1.0736801318820772 87.00347645595956
1.346560297561674 -3.3362767685901966 92.88273196413384
5.772781227690592 0.30523102173796257 -43.851200910176075
6.132715151898356 -2.7134515338185725 73.73299205925794
5.289197102752749 3.829280581760351 99.66522033913252
3.6837948670755467 -2.30491823637912 54.72804673068779
-6.520869062962601 1.54476874120909 -13.49515228249316
-5.665440788097095 4.0636975396868475 -34.5824427296805
2.519773073808993 -2.1289314798149883 -38.68151878790227
-4.101898494105943 4.730632360209034 97.7815726321877
6.336899637068471 -1.032412804680529 92.04964345476299
-3.3240158343924255 -5.532514621078782 -4.6677927541219395
5.114958307282974 -4.377367913655273 32.446080717729956
-0.9149789472160239 2.8401435285036136 6.296596829575249
0.5131893257322179 -2.810309831119164 22.87977245183378
-3.333822648801426 0.4794206823598437 68.39472667788982
5.424572881899219 -1.565166616509058 97.04446112604272
-4.123388332178462 -5.215183485887506 10.783040929848118
6.718859795998666 1.053251209452993 75.43433906488951
5.5841574407972585 2.9405539225322963 -42.78272328122804
-3.19773794855186 0.8678785491350083 -27.188820895957367
-2.130273815862589 3.7938055961621577 13.608771683275684
-5.187819399860562 -4.133892299721421 -28.600660217941495
3.1845024046027306 -6.008287674714454 -83.16927928943119
-2.755369597377539 -1.1232401867554833 -86.60727369922361
-1.217984304596344 6.731213377153474 8.464827452952004
2.9355765120280672 2.554469485361112 69.02693933310248
5.412271092583456 -2.33195311932784 35.609865738339316
-6.634261666442004 0.7836025517974625 75.36678984321136
-3.9313276168092495 -5.573229972548641 66.25248407602068
3.06714878917051 -5.823564070059511 -93.85595080185246
4.379657875060852 -4.177816378828824 -45.73692570759139
0.5445210408617098 -1.9166971959152148 -15.494086099276943
3.0645762865712607 5.653914049526791 -9.273224051533608
-0.7573490772696452 -6.276794854027843 -8.140005163390686
3.6836966196932464 -0.3070929388530319 75.30161202060185
2.61954935830221 -5.968244854424828 -16.132202110291118
2.000542021701341 6.16203859133676 -57.92874427539086
3.179138884570233 -5.778415561291533 30.727777434446164
1.9458789852026386 2.0365138564307097 -82.40267704761968
-5.827883810458378 -3.119428107576436 75.56394843710403
-2.6508768279859654 -6.375887056702309 96.15801555578031
4.190014785999105 0.260998278929443 -58.15121894662849
-2.3636481699960004 4.631032223462954 -77.24898375744021
1.4986329934406823 3.2714479957148996 -28.825964661081397
4.39140395914002 3.204000659431399 73.55354497414638
4.255653964749894 -5.333464564970074 -88.73376365747558
-3.1667919904425466 -5.910668608053515 -57.711756332709015
3.9207256332205254 -4.950045407626056 65.3734654388361
4.449865393513074 -4.898887968375831 -56.145793074978855
-0.7683551707995586 -2.0808314428850525 71.99218909571493
-3.9305762866150697 -5.3692539150087315 -60.77144832684236
-4.106406214830596 -4.398936557335479 38.369346466944144
-1.8152960025412235 -6.414020499365795 -54.998651304329684
-6.196135948930744 2.0660510338134634 -46.58533551836741
-0.531615107748767 -6.557196587496452 34.85846255420741
4.469759795668924 -4.9513001145662745 48.24896074132415
-3.3780204990985347 0.597718062518017 21.555633727721105
5.2617353336856105 -3.845267598746247 -91.54375837842811
2.2877191091732243 5.826400165077887 -1.5196982216992454
3.971643963996738 -5.592742683585143 81.88509463933153
0.8695284303930955 -6.55585670811007 64.99150936363942
6.580877359668318 -0.44326973642498674 -69.18153703895887
2.9677164574357997 -3.041404397080166 46.08479013878562
0.06042447681752314 -5.927406160028565 6.039410963260668
6.4565363511034715 -2.142184315363676 10.105206547297868
5.747877886418887 -0.9575909177246649 0.7008668130511957
0.12762753333237292 5.641094738326323 -62.26434145162701
-4.359343666745257 4.254473818888641 11.732120633136018
-2.151378759548354 6.306536140815805 76.14958851637509
-1.9306316901318419 6.092836848527994 69.60002560777491
2.7723741964296797 -5.893701635585986 -99.86339075758973
5.406953665124358 4.10364620809949 -28.642076517099362
3.6344548077281966 -2.307682770320731 -51.7668237595301
2.72999731950799 1.2678577305484917 -23.048678821061927
-1.6120526682908851 -1.1182907209334525 -34.18991375298093
3.4078368779102486 -5.7881047799382594 -20.814930581223678
-5.156444973901266 -4.021010636564431 18.045820625606815
1.2093784083738952 -5.937616891129388 0.27553985298850814
-0.28458921883354205 6.043803969787813 71.7327632154935
2.9373565738531817 -2.753069850178886 -96.78334972076966
-2.333777622961968 -4.560153588654992 89.10334612550008
0.4444169236824396 -1.542828709114105 -50.57522314601222
-0.38720982612082083 1.3518706598644137 -56.06128398336623
6.673819438299108 0.7619169529725045 85.97261728298346
-4.42795794484433 4.174397058716047 51.60785029838346
-3.2114798428100593 1.2286997710821939 99.48133722607004
-2.7032830362884632 5.815733117858769 -66.05395873375984
3.946334281630743 -2.5210226280693977 -1.7604827797099156
-1.1469085491950919 4.01099285003361 46.44923210458106
0.3892220669021212 0.9131156600375219 -20.783683664385144
4.160960318870353 -4.102420976454006 7.731667034179151
4.052061401961283 -0.2768393129911863 -92.94886641576866
-6.558136622626609 1.4925308279890201 -58.325477910876046
6.637981000936478 1.3414403096936431 90.22609073013284
4.5755338935378544 3.8053559517860185 -24.110475261080193
-5.688690991489388 1.9099966796228491 49.8837575001533
6.611270621154755 -0.008525440203623724 50.07696262913412
-6.546710693794092 0.570389082596535 29.788278327229907
4.269266163882655 -4.820537001016625 -70.71146443410657
-1.4554869468976395 5.763983105324209 -70.0375846832744
0.7755768108557053 -6.213598168267901 -10.682417250036627
-0.11980224752250547 6.597944314257033 -94.03131991414392
-0.30936851141879496 2.4116457489130374 -66.9129877897365
-6.572618053122624 -0.053695651088614654 -36.02177165027316
3.5991674467725208 -4.818024060716562 62.04353084667406
-1.5812291089808368 4.3124914231033795 -35.05974882257204
-6.027661015351244 2.4199843896546995 60.27331243738174
-1.0058390951031906 -6.205470862419899 -17.1344501608964
-6.2365825806104676 -2.5923724988780545 9.894488121601189
-3.4630272026784814 -3.1039179471730964 -38.43386463029659
-3.5244550825644847 -3.8705994720666177 14.49075801547759
-5.277224798413191 4.324350012913896 19.592975611759236
1.1518791728053108 4.126625480764352 3.8443163647958163
-6.24753709458433 -1.9286082685164048 -89.94525301335231
6.412495247499458 -0.20230884660610143 -80.76216426435623
6.236797894695025 1.3180066273003976 22.918677997022456
-0.977911572035146 -6.4073529806048315 99.811614834569
-6.409044919914174 -1.6913211337480196 99.32756868882218
-3.794325892714768 -2.0875475051066803 -9.581966173439103
-1.3339271906920724 6.748461871470925 -12.099098154574305
-6.328740053795685 1.8461793000178934 -98.1337246155833
4.941068465914147 4.283376222634217 80.39622832862094
-6.3858373699642685 1.3560001386897798 -39.544025201674486
0.010648495352881732 -0.01070104439468468 -37.29735758973425
-6.346659812903137 2.170099120568014 -85.33482735977609
-3.927657053045891 5.405845861940385 8.609201200073345
6.389855016440401 -0.09110655615052309 27.423999609391373
-5.177784175570456 2.5866676041518364 0.7750927823737163
-3.793231306597835 5.734112557813205 88.23460037781986
-0.38024022209541253 6.741871871990308 11.617375921032055
-2.9874980712754176 -5.916409198393576 27.070570541859592
0.18594681741438268 -6.824305924359008 -4.218932299769848
-3.7083207217791756 -4.847102483823419 30.885245836366845
-2.546231952226489 -5.304306147644167 -29.215688518745388
-3.9498626117707936 -1.026047124012123 -55.8024429457839
-6.024336995673805 -2.5951835965725927 -46.540564663431006
3.1863009902721156 0.1270815943486699 -35.50523872632967
-1.8186794539744366 -5.7569637696011675 46.42356769962499
5.071004264870167 -4.455147524609572 43.888541117554766
-2.759576945195775 -2.39101093029172 -50.806094562388175
-6.253862352258456 2.677174786130322 27.41577302947372
-0.02359030455538351 -2.307625262273623 56.00620828223313
-1.7734594185422015 -6.46096632623937 3.4942694464346085
-2.0864949275008127 -6.319920324577518 -21.117399956188443
3.710618700808668 5.572534334628796 84.07134089453858
-0.8702760325956375 6.388933015176455 60.77541992880523
-6.361722195407516 2.2565619284886953 78.97886710382105
-5.217614787252036 0.4949380336266058 85.00502652713715
-4.429692596585971 4.945586255802978 80.40740092204068
0.0743158628636868 -6.13298743536955 -58.0634369721527
6.858656107998459 0.807227271758843 -37.47455016655849
0.3616044094732805 6.53372144503243 -53.14620442496549
-6.610413514113089 -0.38358108195467455 90.43592890607925
0.14522243156225648 -4.322182672160269 79.0733925869892
-4.302716629975026 -4.535256936499715 91.45263221433346
-4.291769847791827 4.7911398418037825 -31.783215910654597
-1.904466391087398 -6.131568193345636 8.75766957310181
3.040002275832442 -2.366327819095205 2.712428412637535
1.689831536033736 6.0760821828059495 86.6267270584773
3.052988994932958 5.722845334208752 -89.58565378855388
-3.7126482297866454 -2.5299457212291157 -70.94927926673034
0.6770149511298484 -0.46822778503318574 -85.79183830136735
-0.9804185420303579 -3.0412196042644384 83.47558712265221
0.6349013244307931 -6.787381156609672 92.63621052869273
-4.91090406582603 0.8434173037190673 -82.4535452210609
6.331002003623223 -1.9597718042565022 -28.753491375233743
2.316413594425028 1.1399927475988894 -46.820468726806126
-6.191645622861077 -1.4799126841485337 -97.60397664135502
3.2453277715806172 -5.646359058099214 -64.73059574359569
-5.0701194415326984 -4.414021418579608 -35.89280424865572
5.287558792954667 0.3536944124197648 -30.820995518773632
-4.759452347220894 1.1378060704994937 57.035024433532506
-5.935694387774501 1.6365874416351915 -2.1358434127084394
6.643242729366589 1.3764940771017855 -19.405253414988206
-0.4547296348954619 6.871685494590094 -26.2634084056384
-4.13229025674751 -4.969949682837839 -98.49329950565499
-1.7972053837122823 0.3792609689216337 -1.1873465967594152
1.6410456397398305 0.6901033282977871 42.75611561865905
-0.24042543660522903 5.64582255028531 -49.245345174270305
-6.243074787853325 1.8117737872411397 69.74629818281286
-3.399243328768254 -5.914736049938353 49.31273397918123
-1.964148469575337 6.1564604825252145 57.8061414409391
3.2588300960338135 5.184467633755007 -86.35417799350198
-3.123783608171647 -2.3173428723789464 -93.33702058054641
-5.526205223099529 3.920846771439541 -89.56452848293088
-2.00152422937292 6.191135112153628 -57.1229686004195
4.111888556373877 4.697730245069485 21.98865528711207
5.4326615614920035 2.6341300906380694 -95.89270338388702
0.8154658042510177 0.1228195590736309 91.03937209651315
-6.559066496276515 -1.5446920374490756 -74.67116511082607
5.93682169632966 -2.943511326407058 4.895575291033738
3.28723241167984 -5.938854945922748 45.71429192710353
4.343953189365349 5.078894317018972 -48.79563759062799
-2.713662967067466 -4.233522124232873 76.04797684832883
1.0630293181134853 -3.3685516379142735 4.837963639013336
4.223188695997106 -4.393477338020047 -34.211447730794966
5.265130649170273 4.47157695655464 -39.682577423271994
4.008637961008625 3.196708035237687 -20.55203673059451
6.554709231969707 -0.10919432039922855 -55.971901052265764
-5.450700350225336 -2.6415239633971046 20.75403967497248
-1.6023003403334604 4.970916394733899 31.772109563164502
1.1236854596407069 3.0215055765906866 30.924095701287747
3.1364842449755503 -1.1986918614647668 5.4952189562173315
-3.020901645370036 5.056729700730806 -61.18496918285509
4.9159790314929115 -4.497011778142603 68.71301268904921
-6.585851336322319 1.3604464305660584 -5.468567706520372
2.4939607270469146 -5.455341631202855 -48.63971740736755
-6.540316634686629 0.420542944869081 15.863250739285604
-2.869011901805202 -5.507126166923568 -44.5517712552133
-1.3295306985339206 3.3027918408058516 41.713639435821825
0.1896350441859884 -6.775239423942335 52.91026837585379
-5.3508496046429785 -3.562027956478474 24.62227625714831
5.132589865854 4.402899990501152 67.9882859478002
0.3213631911533835 -4.197337599197031 -86.02366734448118
-1.3104610127805887 -3.2244493733786594 7.27974130192043
0.6347758687352502 -4.287754307458547 40.28065521598678
0.21568946176871923 -6.765716192541281 49.6412393134208
-6.1142599992377 -1.7812160359179507 -51.6815999589996
5.233319653574709 4.190526142790815 16.11276526215206
-6.3391361356399205 0.3937383600301386 44.3276294460334
