-5.017581363872823 0.3329027254651445 -26.213715638836483
1.5442265172505296 2.191585327489733 -86.4749513048616
-3.5228295195495924 -4.877903494786266 98.38118778344851
-1.1687372096009083 5.408296752922612 -5.008527866081145
2.457322350789954 -4.8990568186849295 26.202352218099758
6.400273584909716 2.092481190109255 48.76125003486521
3.0137488261395946 -7.90191763899936 51.77646011136822
0.6946940550492866 -4.294935087799436 -93.86694618756032
6.13297498514627 0.07906345060084777 44.26594678507755
7.57625600511 4.28258967222 84.2197335168
-3.821437042792026 5.219746689717447 -11.19586584506542
-1.4840144602512415 2.521408377249497 -39.28674642485019
1.7968353436627251 -3.5864757122526174 -27.866180727610008
1.8662923110676097 1.0848255144575254 80.59216906440317
3.7781241124905893 6.878088809768481 71.84210628848899
-5.427728870602533 7.536842479559219 93.19638713238388
7.198956634848983 1.0235723215148296 42.63804809453846
-5.235194139351292 4.680504616371194 14.140463960861627
-4.034255581453465 -8.461036506438385 70.47851338548783
6.214465589424335 -2.163668523990167 -70.24236934990323
-3.6475066589610607 5.738031707593512 74.04048820457756
-8.293046326628811 1.4871084699282 -90.87296862814999
5.610158042869045 -3.132696584964554 76.32211421576858
8.185834967448276 0.14813349069625248 -99.96997029065115
-4.241592815880612 -7.841340927733304 20.077585634248905
-2.011380959005184 2.600173059659893 -68.37693268217464
-0.8023255666348077 7.745970418674927 78.73511068230272
-2.1499007778671566 -0.5005629893386344 3.649142257652649
2.5545224624481935 1.5370610036115944 9.400072153764393
2.303624952250703 7.974564513607057 1.1267395224895558
-2.2342245934989418 4.080831907661 -53.134955553673464
-0.7855787338951999 0.18520059312363713 -99.31282233178116
-1.6042898526738425 2.912970080284465 -92.52803582692117
3.057514917068091 2.151112662118399 -88.74278649074812
0.5588516090646601 -1.976896365949047 34.89165329994439
-2.180226029686654 5.042789660482374 46.337845799213824
2.445209570231636 3.6997700554907422 -53.41225112397796
-0.48356359102373275 0.41717222888395145 -35.67515733058588
-2.873872398491224 -3.8528908110351576 -25.154874957618294
2.110969226825528 -5.927938527567779 -24.689987997914624
-0.05400586582352376 6.8219242511059965 -35.62426215616923
-4.492670094263242 5.538556439930348 -51.318471189742645
-5.261583105418322 -1.9891324884415935 39.77377809453661
-7.907937145348748 -3.0319444629253023 -31.11138225795504
2.5627895688217004 -2.478373282246597 74.38282714181253
-6.3126966514279115 -3.175786371600408 29.974946974580817
7.129875680380259 -0.2867471993002154 -54.58289959970585
-5.65228173614968 2.4166632017675487 -55.59449359700304
6.103649393266861 3.271890029706697 -61.60896890225109
-4.6956571350122225 5.5375913021659535 27.920952126801676
5.495718737191568 -2.532864554314841 -73.93799452833359
-4.153780307657429 5.870393723584717 -45.71743058943013
-2.406933557168259 -2.3409792372143 -13.793059708364462
-2.0321256481498615 6.926126895715189 -69.90408093730119
-0.8501879148003676 7.980605608219102 84.7359397409246
-3.5789513944982505 3.728905384963638 66.14464726030135
4.3317754711318415 0.2426088432427982 -42.3509814718694
-2.746060555646576 -6.364266665352676 -88.19100063913451
-0.25529204408007766 -3.8234033261820697 62.83365680319673
4.287213958506203 6.998819288409684 79.48767670262937
7.928237826721909 1.4904531975381818 -97.39828469232447
4.943539204997415 -6.444262614456951 -39.389366297926685
2.0493196513718224 -0.8793496113759212 -18.028206913351145
6.235605429988542 2.1485448688388686 -30.847895188714457
-4.831162117774194 7.312626067400325 -4.430365110557147
5.6552511700221055 -2.7773249857058935 -60.096099933387464
0.5660610108442077 6.730334438358457 -65.1314816297997
1.3972789679653483 2.4498799923449903 -91.61554259547684
2.358542264873201 5.22102357854435 -87.4368078245706
-4.609620141162591 -4.45164410991147 5.149162994504339
-1.084417473870528 -1.5792276890429764 54.99559641818589
0.43432981885552085 -4.852546851542349 -36.9572738889945
-3.1588211355121083 3.1872588606177543 18.730669453594246
-2.8171509190412967 -5.88021615561144 -32.836630413471006
-6.827849676608863 0.8026842254807387 42.58835055514065
-2.993598489455463 -6.102053226157836 -63.63639242670021
-4.357349186836508 2.133786654294271 54.65209662863389
-2.5152734699481107 5.9955251586342335 23.734643256366656
-1.8095750391838727 -2.3168707283394805 -1.861619932611465
4.4016102199427225 -3.762678648921174 40.31782311375943
-0.3959823821887058 -5.390210637326526 7.006636278081129
2.51938979683943 -5.976378116538066 -15.050331463696995
-1.3063320003282848 7.261503171303307 90.29930517448986
-2.51528606283 7.95708396421 58.1833792781
-5.754007956093709 -1.1393021328622506 -75.52783787876248
6.143584465172666 2.808155274022864 76.89520359026716
5.757516056544726 2.6840980839911093 45.92551954125005
1.8435238755417003 -6.718401238671742 17.03180563749171
4.546601594055925 -7.182785974972814 -97.116057211041
6.770859841635305 3.5878430120525384 66.46669700785205
3.896550720027296 -1.8908663175003104 58.336263550952076
-0.9495133083099506 2.9909772706038282 -79.2659530304104
-7.962358197236613 -3.9889804949442516 12.802194697185481
6.56118662318 -5.15747875 -64.0455117137
-5.753678036680844 2.065402749359932 50.568546384319625
-3.7674731768404657 -2.357374662730419 -21.77537101920066
-2.235268188648434 -3.197563268422296 -83.99755240521274
-0.41627638779719806 7.336415796859212 -19.91952301862995
4.828098389082394 -6.742233341812296 38.124921476164545
5.82734674060368 2.850692421305228 2.5617651688948917
-1.6559309350895082 4.042478357887364 81.49940651252965
6.082277201935807 6.55400780873114 3.5132097961718296
0.14586306176387528 4.098756713454075 -62.59534884012082
-4.556856123731323 -5.76375796830933 17.21794356307024
-6.600114553684204 -3.8976020387673738 37.27959323029661
6.832905062008288 -3.5496033323490646 41.05793920516851
-0.4307722040552896 6.603494753821152 16.772275855291827
-4.694370540485056 -5.528314544492433 -95.29592516188673
-0.3864196626942502 -1.907407060196301 -66.20695248317496
1.681604792116707 -6.251139250881251 53.70574175620785
-1.0603597126568474 2.336297992982684 -5.800528698118922
6.408620077398984 6.055719385715144 11.25282247557781
1.0921122900306188 3.8832863922268412 71.46485285179944
-1.5749144158681823 5.881846204443787 93.10423394964121
1.7963640133439438 -6.676301655401878 -53.30001101254481
3.6263706279497097 4.491806611937233 89.74365241020541
6.500707298505013 -4.696422515416137 -61.97731384646333
-4.964618830515673 -5.454999162821308 43.48720239466868
-4.524257075263524 6.200807896931017 -37.12125281957371
-1.0082924221512068 4.305812361874546 -82.58636248664314
-2.202338796746319 -3.48649521037999 15.894045701854468
-3.8318949174074435 -2.0359080182110714 -5.27823899146841
-5.796415567829649 2.9178667828088 90.92201505042294
-2.3188854875406353 0.9288552590330361 -76.23764392140697
-5.355954765741746 4.252393186559741 -77.27825588971015
-1.6381398095476698 6.451185908586786 52.19998180152403
-5.463201672226842 3.232889774941327 30.822450089913218
6.204034058983114 -3.1360644641534234 52.77111137560921
7.892052925565754 1.047008129310199 6.284329326055301
-6.891970861016727 0.14943375945810344 -28.757586331904836
4.4151997615754475 5.223630511708369 14.40221075345002
-6.269592963425061 2.9510706488307346 25.93061143035573
2.8555198400193547 -5.666083282514172 87.65665434615136
-4.770850992186079 -2.941590382668155 44.323628077109774
-1.3616310553071325 -0.14277526937856866 28.313854113192928
-2.673192224187353 -4.668421811971439 -65.84414402139856
-6.703948794800626 6.313062677948949 48.67859802718384
0.7141122592640847 6.257628011452639 -30.851739391999303
-4.675988173019571 -2.404531646657916 74.75649439823863
-8.772155958988991 0.6849360857400388 -50.63653441457455
5.749022298075903 -2.6049780095624007 -33.30199232129374
-1.9349223179572885 1.1363612932965104 54.280368520010256
-2.766939248871565 5.805169902260134 -77.7545129850681
-4.4340460980047816 -6.268287332452549 -76.25061320507866
4.645928925887785 4.587328157539511 -64.098903957669
-4.610384317184396 -2.584140578559604 48.808653991244164
5.682820761199267 4.65838029383586 17.614546184804592
-6.556342090201305 -0.7811691239115486 -60.68873567134983
-0.832666133399045 2.2153071667487723 -60.00965075165618
-4.840338469874077 5.715635336935673 -94.02665521018703
5.109094555920843 7.688270800051391 90.6416418269041
-2.7105146515862013 0.9932050512594622 16.034552006573843
2.3429280621411426 7.676649447224144 37.29910155265929
-3.6523472435514184 6.267853564731809 -3.4621456719329506
1.2178866895726197 4.399030475707407 -99.15314834154749
4.873770189791847 3.1304990295200645 -2.7073289379571546
1.3499385982435181 0.3602113279558928 -62.61493238230294
2.946425468009791 -8.6610490041083 4.15926868319207
2.936451494886669 -0.9168379874650764 11.942559944199942
-5.250531579135538 5.920405643284543 24.741109059990936
-8.378814840279938 -3.083507206624851 -53.94187961181211
-7.575332452299418 0.7059060475379044 85.1993513050568
-4.2974494290182506 5.848852240413292 38.35618341204161
1.555199184526904 7.514683367641981 43.666617129616554
5.152526850807665 -2.280755816361408 61.3666427873812
-1.1954088304437938 6.430167146217754 -1.3911539599885427
-6.017485317264952 -0.574305085280746 35.282201932244654
-1.548642578645778 -1.066849933631056 31.525150465650093
-3.8731388570132275 -0.14987843636040193 50.94171097258951
-1.873687863686643 -6.057062067007324 78.79188812442281
4.223537994741092 -2.018776441343127 -25.0229735128772
0.35794678434120436 1.6679794115734476 -55.50939626518306
5.173277928326052 -7.147490618839198 -8.659738498998026
-5.55486963878241 -5.154897758033679 -63.634520236173564
-1.804965826188494 -6.697273792659521 -95.24405824269571
0.9208738635984186 -7.808221142912876 -95.44178844452948
-0.8009422246566398 -2.7736887397309897 39.34417334250629
-6.737604615715645 -2.98541523746028 -20.001295984518396
-5.912256171853907 -4.2467895119933825 -4.635093968181055
-5.70446746646675 3.3618988422529106 -31.309175922571693
4.795744099112481 -4.443952335220455 57.56610729194509
-0.5038369481162743 8.029635310994523 -39.514593236977554
-5.7495107779422945 -4.51432529461873 62.230364489355075
3.0340723940306242 -3.782527165400014 -80.0358977014993
-5.775989978844191 5.231890941851929 81.95436894543926
-0.7834433568155288 6.05584665281982 83.5010605616479
-3.5109961669470997 2.558718610224379 89.73846683873282
-7.628218401627585 -3.9129352987890798 70.01925689110075
-7.676879287450908 -1.544820784038723 -32.11160818867408
4.151174502979203 7.465698105017731 -65.77220262440537
3.874072522710759 3.849759960604573 66.65259751983648
2.036502324557706 6.502544023975698 -26.4612717692335
-1.8498145453726693 -6.627307625238899 54.91056810781322
-0.3507959834875599 -5.8808584993767115 -66.82999922687624
4.341527679356191 1.3127446784866712 41.86953426574235
-4.175945612966726 -1.0097399956947792 -71.10868168675626
-1.0387893572743139 5.526422110824907 35.12002165700515
-7.22882735232191 -2.9851046219955224 67.56653653397335
4.142611423220691 6.4745975161900775 74.86978472057615
0.0012273399004383012 7.038417264981466 47.05843911865912
-2.9819744127395484 -1.0079166044206556 -85.68111861851975
0.6759143515186683 6.596310247693042 -77.24119628482421
1.7005025796373907 -3.6083045881431586 -82.59031089896847
1.8932921261012017 -5.52020750020169 -90.44181601431981
-6.901671098820303 2.6642473888738962 18.13380403160054
0.975218643716467 -1.6237491412508447 56.86482136043766
2.0085418268866726 5.834027289492618 7.403903939719811
-7.04435115578441 -3.0821082940349296 -84.13965659646519
-4.680702103680197 8.07128217581674 -82.46885860067542
-0.8318684758898962 -4.818166571220021 65.82446867345742
1.2296890498702227 2.9458779362774425 54.42226137382295
6.960108622692933 -3.131385394577118 20.682139382126167
-0.6509541573537521 -7.572415026333813 67.27552072460071
-0.45445653273038655 5.739060615674799 -58.34224167187364
1.114586284247269 -0.4059343882041655 45.38190636553647
-7.165646365344608 -2.8970093855902697 -2.5018720153358123
-7.948333947725295 1.2913005393589518 47.07891042377992
-3.585032221751956 3.5215121785372685 24.73020745199092
-4.350522877050243 -1.0790665893754912 99.30959063405498
-3.3300700899255933 -1.2611734458618729 -83.25519354894696
-5.042515089096927 -6.7728123588000155 87.09351661293806
4.213568911936418 6.8347824795521115 97.07561610846716
1.0519732650597802 7.823397551415067 7.724214710307756
1.8724276256231263 5.8812726202240775 80.60514697879583
8.536019687890578 -0.29780490724604824 55.10343251504463
6.9073137948779495 -2.0846412495222224 88.14145931156673
5.617547005411299 -3.064340903105476 4.8969426969103385
2.6947154342666253 -8.583109935574257 48.96450398444441
-5.092991208779998 -2.6452590981817186 -30.606461261279527
4.470740117980656 5.101674057360567 -43.08736905298695
-6.95482909224117 -3.322927105334954 -17.809874932215536
5.234999475825866 4.00958673311567 95.2654305669873
-1.6140565154301216 -6.539692650954414 -38.96730265592905
-2.4538277722881885 1.4007354536996162 9.775383310529405
-3.1767262324782326 5.675162753006462 -42.89210739898052
0.5227833639251172 6.848205600991657 61.56425878605523
-3.7857511784837734 -4.903765389410203 62.08876085967683
0.5139828022170271 2.408878069688356 -66.86619551429182
4.6541111674205355 -0.6288106180765567 95.50230551811845
-9.426724467199799 0.2643841721075486 -32.812435870173715
-7.637545987752587 0.5808383866203141 -82.30810263108843
-0.3400083672625117 -5.1920477558534275 59.76629336891889
-1.369371714900367 -6.593170390291533 -91.14170749526065
-1.7410247081889327 2.396911624986803 34.80840794418183
-5.12033207864402 -7.084737480534852 51.580619563987575
6.242586821828014 -0.18889011211009776 65.71822008995417
1.3666307053268725 -2.7035344173381475 -68.93436730243664
-0.20544037662464754 2.682770204011149 83.93960911133797
5.986014922017777 3.2562156360907704 -17.03282775591786
0.1899178941306 -6.680033170197374 -63.71754212449418
0.9265042756593249 -1.5430365787233729 -29.936736269696798
-1.406432048820711 6.782650434244692 -9.27094628074598
-2.44121491933246 -0.15235789980388537 -18.113219811268745
6.990885208828333 6.5009701818066095 86.26409892670338
1.7380455551802316 -5.965752823011012 13.07587831803681
1.5753422668174055 0.16627828353416524 -44.654275657546975
2.2738180029089565 6.555329737003437 -80.08527607481759
2.9674349984213966 -4.237063512874672 2.6513406959684342
2.797482954052958 -5.356700706069293 84.23877954130629
-6.059456048143147 -1.8863041048968883 65.13540875950713
-0.2366597485861638 -5.104975983349245 89.70354156372134
7.206355723156703 -4.312751925397353 -20.242350454848683
-3.8022416636584504 -6.444529023691879 -50.23539864745636
-5.284861996438254 -5.992427530218876 -85.12102726533314
-0.9650795104423504 4.663176550470804 66.8229536099147
5.659014849367717 3.552975924536114 99.95279528535576
-8.320658126008988 -4.425164947348782 -4.2361228675140365
-4.536281363552139 1.9575362645359484 -90.82688871467373
3.253556989759331 2.9827694850377457 -72.1882606886842
-6.328940521526803 -3.971017819680237 64.15530850014478
9.12582597215074 0.6555825563506883 -23.432885428300022
-7.119830300824086 -2.194578717173863 97.06718277735104
-2.792539507153447 -6.79582573873394 -71.21376082440035
-6.041203191430418 -2.260214989619802 82.6531748682391
-2.3797655300275555 9.13045331456158 -2.8925300758220915
3.902570099792587 -3.3936231070311975 -94.9821571029055
-3.164036110552311 5.062127505851502 56.44723660572748
0.1431813722287112 -1.831650894888298 8.771265298912974
-3.146821237642048 0.8213107665808278 66.30009058533562
-4.540388718696534 3.9937781361183635 87.77885938594439
3.488257913578036 -5.792388880270462 93.83091581951021
6.784816870490526 -6.638101892933794 -46.858919267623556
7.968197182907636 -1.926300906723308 73.23416633371917
6.1290562201890655 6.51493702436361 99.39949000638957
3.792260504621774 -1.6190000656835255 54.77742816977248
-8.229010928052931 0.7844358195699659 -11.951980199272072
-6.2566598515243435 2.615524405277105 -36.0153517887013
0.8711942229806143 -1.943314284463258 -36.71288311160085
-3.4354757269414318 3.8824079380208474 95.29143148114164
5.4143602629017025 -1.7848320411069825 93.10439795982265
-4.559065337445432 -7.449304163773697 0.1434500024677066
5.754935468093123 -3.623738584696043 31.129683978241246
0.010346638437127242 1.6522377361234093 5.503754747519142
1.1595094018694874 -2.243811833144717 23.038820132752154
-8.401851505509022 -1.2040005379461063 69.35730348501139
6.957140786445489 -2.2298898255325543 95.43638774089413
-3.992896755682022 -5.393688484152651 10.64366928497723
7.195625883550236 -2.050071859710682 74.76065954337659
5.0642867706699235 -3.47115182832536 -40.255475739432704
1.606463563923966 -0.40234462579919705 -25.63149640433046
2.8808375763489047 6.165735184715872 16.026902073280663
-5.661089931637944 -6.328525189666911 -26.49038082497801
1.4275442409709267 -6.024813949880709 -84.14975228346462
-2.550484600335377 -3.7369511190338707 -92.05884322598385
0.6596491785801555 8.330146049892704 6.845275987843756
1.9319628634564872 3.3356562210513285 68.83382061458845
4.677152382776699 -4.015932907796153 36.595863825639086
-2.916403528659979 -2.934400135870528 78.57451770347714
-3.859977388112754 -5.072893776413151 65.46461692144432
2.090507774301617 -8.189391907590037 -94.30282188815431
4.442062056080383 -6.78464108872244 -42.70224108713314
-0.5190907148591545 0.33499423724578037 -13.78014862617039
2.3634658801472446 4.148638329450018 -12.308959820207377
2.741162475791799 -6.946499224974957 -10.816312531728553
-0.0333421879085574 -1.9366859224990862 79.7031994580441
5.318147026633332 -3.5150356009279697 -16.751344282032882
1.1761649586260174 7.407759977381608 -59.15625632929806
-1.8293892242925371 -8.26741417775272 28.55800016567572
0.6167877547714901 1.2692818019638386 -82.78654809037016
-5.371768498905522 -2.163172697009491 70.22955341212824
1.494238651175415 -6.435521036528673 97.2199221672395
3.409500812977158 0.4651235316071498 -59.26223432860664
-2.48887383579999 6.186286394157583 -73.8471483906496
3.212647093261009 0.8552564620915826 -29.144264552737695
5.252583652723851 4.21731689233195 72.71349280451085
4.234609125139021 -5.8933247192005345 -88.60404429839812
-0.2768321542809629 -4.361536243367289 -61.204354107793215
6.668004736827657 -5.421512149205114 62.35833031827668
7.433214924538591 -2.5607089047874956 -57.18741042804503
-1.4588585204472877 -3.0544986808075283 69.37324209988964
-1.9889427262302168 -2.2325286923304333 -64.47013834989455
-4.092416490973962 -4.567853272806352 38.17379827015877
-2.265561070408041 -7.097236207106463 -55.242564068749225
-1.9831138079312636 1.0565556780430216 -49.84522255008966
4.184488535327408 -5.40477411790731 33.16666999113858
2.748840844486814 -5.857401651460603 50.108521338957765
-0.789823265921209 0.8912571910206777 18.99987970731409
3.1149882399471704 -2.6596805039582616 -87.7047057131673
5.828059296178226 6.44228975972739 -0.5002707838328166
4.301167153622123 -5.051192871848428 79.72796513952655
3.71332712395 -5.56229868693 63.4924121211
9.282439513232388 0.26068787436770263 -64.72066559210764
2.4600772411666103 -4.771145935230676 46.17610317355349
2.164586925798372 -7.4215206338974875 6.071290922654572
6.0278189926746295 -0.4447342535076423 7.832036363820119
6.284352299026986 -0.5474276233411505 -0.004514706513422673
1.5022769910821006 6.256208661810141 -60.911518445247665
-6.434016004517826 3.953100007618568 9.055769859614188
-2.408540416006989 7.809264850777173 76.42093140134882
-0.3956894558208732 7.124026471863873 67.5128180944404
4.96099243331 -4.17435915414 -97.8360169784
4.495330457096291 4.302098902204381 -30.727972289074838
2.866139475985504 0.4052217227281072 -53.56645487759073
3.6705564632513177 1.3785509273778906 -23.13670728251591
-4.226011318620293 0.8487012674692416 -34.92155235104152
2.7423392754667644 -6.941256045029509 -21.729882666182398
-5.429754905995327 -1.957950549622704 15.995621678346579
-0.6902810500378805 -6.179460679431982 0.7740868350648932
0.6785655082085292 7.018269613919003 72.45813647106743
0.6008551049425856 -1.8759476777147275 -88.30726956117462
-3.465018102051263 -4.155312640603686 88.23457141734242
-1.3336538384735164 -2.494770955631609 -49.19984554351441
-0.21323331914248933 0.4348825158492182 -57.943529596651956
5.709696275822005 4.25217958624809 80.38079076114052
-6.835996866556318 4.020083488554028 49.25194298513219
-6.171023406529327 0.45341595706190674 97.06717241048021
-3.748358250163904 5.515880580092081 -67.31463749472938
2.6202722599689396 -5.939183268746777 -0.13730694387734424
-3.969766431617952 5.729330801005327 49.25568682852296
0.7463161846734983 3.8078774348131055 -15.510176086572349
5.974301500308535 -2.82995728771055 9.50068475682582
3.2865239197056004 -3.181311065832685 -91.53314832926364
-6.096202301054608 2.1522373499088343 -59.30529450738796
5.976760185040354 0.5978289683975304 89.79138927219901
6.441554147913963 4.276112830226836 -25.99862256984348
-8.366111917523138 -0.2335460660188564 48.65626093425375
3.6099523585748723 -0.36826666879098957 48.10414568934762
-5.620373602259868 -0.4020363695400069 30.06019785890594
1.9939011390366481 -6.09555888780967 -72.54980376016479
1.968988236985781 7.7557727864283175 -72.28823646711248
5.768690123621092 -2.1731101617672577 -7.97511945456093
-4.499721819957291 4.535147576748673 -96.86797776933705
-4.305321544934759 3.86410399195558 -65.72699338600357
-7.511886404823222 -0.21533513714314045 -34.95217259879438
3.320925703893858 -1.975138020432448 58.92619191449767
-2.0378724760908744 4.7158590493675945 -34.21675945337397
-6.665789230387625 -0.3555730046798765 60.110348931314064
-2.29520163158813 -6.164799722482848 -17.06084437492416
-7.511799608150448 -2.3494328816418353 13.58495770461342
2.0787263515704844 -0.7864097947813401 -40.70617792296009
-3.2224251044823387 -6.082066935062391 13.894397460201622
-4.844587108020773 3.7238068117811687 21.25006123107509
2.9089568017142744 5.331416169872689 4.56423820868015
-5.383876451395512 -4.31794805768921 -87.62815961131649
6.308230062751458 -1.1290027863930443 -79.71529524849187
8.28041971614497 1.5688352821004867 25.27298504810833
-0.020182246936928605 -6.425915190151393 99.8129175480661
-6.683922366942967 -2.5027843542156316 99.85078108045896
-2.8240549479357013 2.2196078945177673 -8.877759452691576
-3.9561205840643243 7.941067470876525 -14.975361334116876
-8.095079127347502 2.403989738049985 -99.86600854008368
4.212471459149951 7.332630284415368 81.11033419313543
-7.930227284947942 3.480228779962297 -37.894405660304585
-0.8655862677866868 -4.8308080481300815 -39.845161638682676
-5.953353682986817 2.1279497829763403 -82.17112407360128
-5.917328203871826 5.581465001479478 7.526268332047617
5.675862259660702 0.8223807100955132 27.460599879952454
-7.328654609621768 3.2542666327021608 2.738793388132364
-7.085875811925355 3.392696367980494 86.79627080161796
0.9282179128701459 4.653411965711147 13.484615699323886
-2.032414361728591 -1.956382172710502 24.479221178553978
4.76126888918 -4.83754205902 -5.37019558584
-3.657214791217564 -3.233671123759178 31.584340111970274
0.28114769013410135 -6.670684702525479 -31.622149605959596
-0.1602578654153441 0.26977434895582436 -52.25161307590467
-5.810189249020673 -0.13441327123802965 -47.25185726775672
5.378957015383671 0.4784081895738598 -33.45207252630364
-1.660826862672645 -8.317272765360583 46.15427116714881
5.62554545029376 -2.8255317063402443 45.145397987350435
-4.896120254651258 -4.498543206612406 -53.46321863996152
-6.140546352862598 2.076632875327258 28.426796940181923
4.276181626200764 -3.8867514990321506 54.13193158659057
-1.76344704365925 -3.512066361443503 0.5693925178301334
-1.5326085798449003 -6.301069575080206 -20.80440084045333
2.67359078543355 5.009950665502567 83.34433429673933
-5.660141925168832 7.672127319711545 60.088872402185345
-6.826435070111747 3.323779855944733 79.61353637616456
-7.488509941840895 1.9737770186828911 89.37097007039893
-4.1064073188181105 6.547051581975411 81.14762237672282
-1.2877653768928 -6.945929631815325 -57.529463437560416
6.695069408911689 -0.6812676561837747 -37.30003566940494
-0.6722823479393943 6.383139675908348 -50.99228536754577
-4.409945866609481 -1.687051530005134 95.38369038292046
-3.6175799972332756 -7.957583855889732 78.31572335029998
-5.3704304498273805 -5.400751407428998 88.52089143167186
-5.6685146520427105 5.812603913640417 -31.34786810490146
-3.93512297066 -5.68345102175 8.46098841341
1.20261680028 -2.03315660333 1.48564226103
-2.121327100016749 5.964212054230227 87.20826583912707
4.4896807405081685 5.2389305459500966 -88.86549128339993
-4.748427767131085 -5.097017014494397 -67.76759482945009
3.846911780711252 0.383112860664478 -84.67048664899914
-0.7055314377087091 -7.8581590715977985 81.5143453957497
-4.997839304415477 -4.707062070113305 91.32619058986559
-3.3426644309216567 0.7907645418626059 -80.00611286156102
5.339305359239493 -1.7415599142984186 -30.427266140876668
3.151066285781108 2.218447673354587 -49.79187173306365
-6.3116509474133755 2.3175017510859877 -93.58983237182996
3.686011076024829 -3.248119174476913 -65.91585980766257
-1.615947516617132 -7.365452734461341 -36.974793539409525
0.9581724411323557 -1.8882542168408447 -33.039157230859054
-4.7913869391564505 -0.9723798624571811 56.75037375030649
-2.7942881374459336 3.386347360055271 -2.2595005415166174
6.95283783289 -0.414181459237 -23.5136034377
-0.023900287308499968 7.01775085842929 -24.924721662923318
-3.7449581969580534 -3.0067231893371287 -95.86191092763856
3.483767666185846 1.1308853742384832 -0.5946823139812432
-0.6916775949201288 -1.4605177708776031 43.22257426826044
-4.873124979323709 4.338618595029813 -47.455360373306114
-7.079445058108651 -0.232559170001013 67.633085553131
-2.320901617573025 -6.302687811099451 48.810027822828324
-0.030335867823992377 5.7242096536589875 58.88901460726107
6.652807660315316 1.0121634519144829 -84.2852109358297
-3.8736186251445863 2.4762138094262216 -93.92037426767081
-5.444742405711503 3.9417870625905254 -92.08179210874243
-0.3308362258837681 5.935827732427904 -55.44124744931183
5.657134319005307 3.7905450197192256 22.41928768195718
5.2637165508162465 4.065521097582527 -95.11898241465498
-4.162127712425844 1.3896681749587434 93.91650085494844
-5.668084760565067 2.306614641329572 -74.78439121893983
6.910984111447979 -0.416737981796073 3.986199436491929
2.5081466320509582 -6.938420680340862 44.46946994411599
6.000123950153146 3.9599505311156094 -44.82142412265943
-5.256605786296242 -6.178976218057315 80.1241545997987
-0.06193463076804746 -2.684786629746586 4.308245896692686
3.6050440355541995 -3.01967924087994 -32.168352662341746
5.260140617921173 5.544764774400239 -40.63434130092086
5.365698282967691 1.7244319419566656 -19.779987589890194
7.5946651081521175 -0.5641841062491709 -56.69815543505239
-7.147283672178408 -4.074175800624581 20.62680584138772
-2.0246325655432837 6.375202257617098 29.42217058385903
-1.2470604265238225 4.03258186482708 21.3663523782856
4.265572629355866 -0.15509490236442142 5.241915401204425
-3.066879645968896 5.8993379222387645 -62.30998766113179
5.7125079919131645 -2.723210358298875 70.55608616051772
-6.466046973772034 0.7109497641545857 -8.82809850927108
3.281372347904045 -5.7433872697948845 -49.1346453798487
-7.296059731736263 0.858952939041391 15.217021678580403
-2.567938048452561 2.5388659317787754 -43.80207205952615
3.53457277681459 4.110326663960262 37.38335551060587
-1.2880844802858782 -8.148232180514634 54.55979165574579
-4.92006347545725 -2.8306278062559733 23.573239303432313
2.18425653664666 -0.717991911863155 70.6285869861534
-0.4865302110395446 -3.9676273244882645 -87.7160539053312
0.552317720255709 0.5952138400735487 10.972707564288928
1.6382777120579344 -4.454643409035809 41.88923095163424
2.4835095153362214 -8.658251271865074 49.932481008357236
-6.86900928111534 -4.298589295361702 -50.30418696021377
7.442165396565537 5.062424746440639 16.470123489721765
-6.788941425680264 -1.4573252235553618 41.40792428991941
