-5.236227785997204 1.0564426714572421 -30.33061863523516
1.0992214910428608 3.6494682574202195 -86.65573057878518
-4.3883391028327345 -4.678593475327574 97.55225140746843
0.23280956237193037 6.384678172295196 -4.033152119974571
3.202239817015944 -3.090887230552317 23.839157268136933
5.8854622415427205 0.7975620352362832 51.768239941060486
3.9995300297256215 -6.46965312724646 51.075230101887286
0.9294257985857342 -3.636702261765635 -94.85076068270824
6.3843253652314536 0.46570192606976113 46.201592179289975
4.230765620655785 4.778361827594711 87.91752510046743
-4.790735795721316 4.694254777831025 -11.071588639042817
-2.276062677144731 3.6307510887556393 -39.795844921990096
3.32163252037488 -3.950052792442028 -29.028794371946482
1.8110468508474074 -1.0751692740931227 82.87066134988841
2.9624088604792287 5.968318741100287 70.09964066414562
-2.9015975093967485 5.122232907437633 92.215184700864
5.31975241415018 2.176617244415349 39.65045729915719
-5.3795491598797325 3.5827773351833447 14.08964045239354
-4.144736979775774 -7.11089747442189 70.85299504686255
5.893132730623967 -2.188815718731157 -70.51515531940855
-3.347621447971634 3.860498740026096 73.70258653268169
-6.233461795612303 2.5816481348357563 -94.18578325325156
5.645176127541044 -1.7017673636431447 77.47709659834314
7.059984589966617 -0.19015196251181127 -99.0047550560657
-0.9179545356280032 -4.609196929375506 21.347102287423372
-0.2411536274005116 0.46695099628239944 -72.10103671355695
-1.5637918942241322 6.554286659918758 79.62105301626028
-5.377357048657788 -0.7153446034169484 3.4830324236318853
4.7559228235666415 3.039819537233761 7.168431917755192
4.450465546587461 4.944862537127041 1.3459662726102002
-0.30943630402383515 3.764688847324244 -53.415942653884144
-1.879188491295634 -1.1174546712579496 -97.26370704636933
-2.6518162427292093 5.838690045772003 -90.82636523093856
2.318476834545936 1.058362110407174 -89.94912974533428
2.792613216300957 1.7216544560150278 32.402388049407534
-3.2549290149968466 4.963274809886005 45.00663093550016
3.6094885838990223 5.4809654148018065 -54.091025408621675
-0.4896919389081246 1.4180249010503856 -32.656410420451124
-5.943602726894895 -1.9621774094312265 -24.172527411144326
3.349585100754532 -5.344029461133564 -24.512635349907967
0.6245801682204184 6.587724013794199 -35.601667354945064
-4.786028505729314 4.585718603503796 -52.557232039532614
-3.667854799410543 -0.3039942079877219 39.11463698631298
-5.183408252042354 -3.985794591417149 -32.5854382526192
3.188667560508812 -2.4388032479864514 75.21116055955802
-6.025912789612269 -3.5025287716877287 29.134694853005207
6.179993124463039 1.8160834765280993 -54.02187887893436
-6.380257194414122 1.1432856611713764 -55.32402875492918
5.149318855714725 1.0088148603136204 -61.89375102521229
-3.228041603351689 3.812372751509214 27.14428538030764
5.399684690298432 -4.0248449214824875 -74.86214137960066
-3.1522266589202244 5.694285662501144 -45.70548431883886
-5.873819179527529 -2.4482475143193434 -15.787358893276725
-2.7989593682729104 5.701891559187164 -69.78736138122926
-1.128979723974716 6.097023885195433 86.45426276143591
-6.025928467087809 2.769178119494283 65.48631128335622
1.8160765319313146 2.611877795529352 -40.44518699451085
-2.833015484032169 -5.4177728511534795 -88.34775971673625
2.2049016547619513 -3.4189425593936713 64.77873155337005
2.0917172084131535 6.357584585436153 77.57783987817065
6.310014912673573 -0.37861747227560644 -96.37567948467009
1.5434507711065169 -5.7984334126355455 -40.07710302503436
0.8180632882885476 -3.5081170964009716 -20.264851641718113
6.440769966396435 1.3589379247695095 -32.09772567375884
-0.8853823699892318 3.8277368188873377 -7.4365338452983805
6.091664675568968 -2.4442999982646465 -58.73582391391089
-0.4898334921573544 5.402241876734735 -64.65522863239997
3.2802636532183937 4.881107685660708 -93.39808796306183
-0.2542515773773806 6.77828715405916 -85.04899365604804
-5.431928566349765 -3.621632228074124 5.887931090787994
-2.145621063853204 -3.976905433378693 56.72803211382038
2.0043368926714553 -6.138041954051083 -35.95210181843443
-0.3115430497149987 3.606600228897498 18.89214053850568
-2.804494751007658 -6.22417445889612 -33.04810237780849
-6.482429229280177 2.2564301055164813 41.68212952301285
0.45656503238002955 -2.4548582052454444 -61.540320954340466
-6.214892236754386 2.80250944704552 53.70618367581156
-1.8296243797165508 6.149891074624148 23.79909018162733
-2.0285656290951133 -3.5468484390101422 -2.7456606050686023
4.705373004114715 -0.08483680995037352 42.71120507799147
1.7125374807996927 -5.015077958513065 8.232427324392571
4.909012807516382 -4.790713948131867 -14.654737207310673
1.3605229488129562 6.221513126474843 90.74559465814116
-3.1794177432447395 5.510885170136787 61.884276685671104
-6.64748002073872 -0.008789461542332117 -77.36510726506366
5.877252559849612 2.388404908887655 78.34380677479705
4.443076214592935 3.859832418926128 46.361690012926054
0.5138080102375002 -6.617671470767841 16.820299604415347
2.99970149560861 -5.826765485256522 -97.47250852504331
6.6140944409688815 1.3166765644507268 67.05139112569043
3.0760785751523043 -5.8557995961532905 58.145054643023016
1.9106802803276668 3.266073100614516 -79.33234876663569
-6.5917486364744615 -2.465169451951902 14.882926593871524
5.276128302109601 -4.003327750637447 -67.12932801099684
-6.559111920143126 0.19410143574366298 51.97363112744296
-2.851783468572061 -5.015840897249305 -23.826868339734986
-2.931545893764013 -1.766919041844951 -83.53912103269818
-0.9832394793758339 6.715573192588233 -17.257335043219676
0.9984831977085472 -6.556248880213726 39.54614274078139
5.502293974763981 2.1356503479299405 2.209743753659437
-3.305257114805248 1.6057361362635416 84.15859270287987
6.68436884131194 4.144403826684951 3.71605458524225
-0.8230587286629412 3.1832918715730307 -62.626846426667356
-2.557861096060978 -5.239641710284792 18.21494823661975
-6.1238674150130326 -2.6440854325797765 37.88219973434522
6.538706260707378 -1.7883636328731956 40.53847338662284
-0.3776346866216985 6.7892355986896815 19.250066822233205
-4.628091681820098 -5.515739932314553 -95.30556593201668
-0.36472800917768333 -0.5924094162493939 -65.11102346367241
3.6674656258881977 -5.1118582535067905 53.904377725264794
2.078863272125782 2.1334295944406674 -4.076829433634917
1.4743027275911977 3.076587457493825 10.131055524098892
0.35888752897146803 2.7687978770804085 73.35105431052865
0.4919116357653829 6.268486913307377 93.69778058028425
1.0588000840092477 -6.671729401359076 -51.344958104415674
6.119548169892881 3.047679846645688 92.93383045843201
5.827121810232461 -4.183979096365417 -63.21648176772456
-4.125597421285934 -4.837788055180198 43.223220751615365
-3.7034338971188148 5.6506593923486905 -37.00004468560611
-2.115403731686537 3.609147747153488 -82.83674695607222
1.8471982374767415 -2.2828917757431673 14.195211406894963
-4.7116405520601 -3.0054035498759517 0.7413608004142678
-5.750146185107365 3.776554400030788 92.27090758830626
5.963937455898963 -0.7798627239693514 -74.59131385929709
-5.871985450115307 3.3761843190532628 -77.15841804054017
-1.5380680494223105 6.53028037955159 50.44053371528611
-4.946829664031085 4.605138643247495 29.854645750783178
5.863471017710387 -2.8235475622217616 52.62357789159414
6.592113078719473 0.8458427909756779 7.373029301643701
-6.720149748972628 -0.5701144644572019 -26.813231248026828
4.308085041368192 4.511655878267173 11.981110109673597
-6.280692971897165 2.1236396484132776 25.989717948866808
2.5319840386083445 -5.820832652600049 86.81160603808998
-3.399528403577444 -1.9381175280910399 46.15034849607484
2.4890984470288364 1.938807089035166 27.730426281822012
-2.0320664144668346 -6.420096057305084 -65.95285497922778
-5.66783552369834 5.952913367288667 48.04262842120299
0.6916019963799848 5.367257647454063 -32.23013519075263
-1.4251455752194364 -6.3029926956309925 74.40922765511313
-6.741407171538927 0.69595992552476 -52.130093836613284
6.01734826476265 -2.577301553062872 -33.23750187190081
-4.961552225148849 4.475590132801067 56.341871034811014
-1.4312580571616904 6.66211293305965 -78.0852338832855
-5.419501769797782 -4.223868651191439 -75.48804951608109
4.98633889890309 4.098562723222846 -64.1752555057008
-4.712699976223239 -1.942322047841411 49.330195737107566
5.334953426058434 3.784450919567013 18.305905132082646
-6.69255419255955 -1.3697066205511519 -60.27275714642274
-1.6234734505546013 2.190929306122747 -59.64494754944038
-3.68652678747065 5.723528893941601 -94.51586260370074
3.6847406896215498 4.800567921653836 90.98710378870847
-4.527430801855635 -0.1700040638250845 13.866765345661115
2.1664252950710305 6.400266822024863 38.5077394047381
-3.099371371749556 6.108036159591494 -3.362164447195316
1.0929263067951018 6.732545907761138 99.99202112985502
4.9213672623310085 3.709396282077123 -5.917476996597802
0.8939028065564183 0.7183091033602811 -62.31374854196325
1.800847966484631 -6.307101204725142 3.656137352884732
4.065684350017937 0.2658690447367729 12.035078583406658
-4.316000216467668 5.269277778719079 24.835638533810723
-4.791332187007191 -4.842967221007925 -57.92306436827009
-5.821433340645918 -0.024163602779281756 84.84158733234077
-4.41509013764414 4.839683810909925 38.917982746629626
1.5015494843919994 6.366349904849838 42.71973327817454
5.70715224372886 -1.8689112980323535 61.37478427309864
-0.21201752735025933 6.482208084626052 -0.9578072545361591
-6.403977403545144 -0.8919894391180299 35.177804046670225
-1.827593112867893 -0.43034783822280265 29.519016886555153
-1.274855227504886 1.9635153735894146 50.686207093987164
-2.6162758982149414 -3.3696052761422766 79.08186380576713
3.6274137751600497 -2.182859354574005 -23.99864785702357
-1.4272442693731777 0.8750625246856296 -55.71937528607837
3.111602580455815 -5.822226455888221 -9.319337359367841
-4.404582843798624 -5.084446471701562 -64.2826065676115
-2.2399268283133447 -6.505119696300422 -94.57154740445954
0.43353116911483564 -7.023110372994399 -95.39479331932
-0.9246602134100148 -3.0271166548487107 35.9358452868598
-5.172481338745365 -1.5778198820603753 -20.597462146719714
-3.329794443504902 -4.30557761549588 -6.145743713764624
-5.865866894926198 2.98152827336686 -28.245854139819258
6.289274492369601 -2.586557239971948 58.71479868576995
-0.30722882190959855 6.745985156914575 -38.844600701814294
-6.2664492575317094 -1.7547676841805866 60.3032586333147
4.556869959978165 -4.20714814168058 -81.03646109029631
-3.9766892947655585 4.290587725877435 81.89928191403386
-0.5852635767691827 6.339117769478636 83.20024867565381
-3.643200950777311 2.5534386453712306 90.57638728070712
-5.99764697859804 -3.4289736172855942 69.97259807849571
-6.4670164022766565 -0.8508833274275482 -32.566536433039964
1.899106250537224 4.340586927516384 -61.22894718707224
2.1077351974552885 5.317214895416854 62.243946614709955
2.7284898268458253 5.730220093759377 -26.554824087842704
-2.5148367629444177 -6.5758471707334705 55.06209619284078
1.1218083859280379 -6.544365194080515 -67.02072719764669
2.4721892814657918 3.497194793653913 41.49823848523935
-4.600945635179943 0.3977109148846472 -71.20287929746726
0.7424736786100614 4.017315000670505 37.09153651150559
-5.970533478219466 -1.6009059606951919 66.97687907344572
4.793161779152838 5.050517720102098 76.42349343474577
1.9609683450338955 6.1682068802982055 45.97574177218132
-4.340503890428255 -0.8873827165659096 -86.8602359271695
1.2709970823172236 6.42052024885975 -73.96040858685798
-0.20097224103273992 -3.1656740859584414 -83.99828121150291
0.43434134437253263 -4.383441894460174 -91.43423589417023
-6.6280835752334175 0.9118515942611353 18.93611151177959
1.3219420082889484 -3.1872832593573954 58.553769804323096
2.3088936426024094 6.1415343659759944 6.0409238067844075
-6.486394982865391 -2.0343991922987588 -85.21351019918404
-5.278992833435821 5.327055883165646 -81.89079702711348
-0.12063318575395476 -3.1552800485529495 67.30324015975755
0.7947816784606929 0.9964850939340728 52.49516714291971
6.673023198460346 0.9476061750283913 15.971747176755267
-2.203546627450728 -6.407178451155625 68.55707538644009
2.5146137022638464 1.7771594320985846 -59.86784493751021
0.7909532322172816 -2.9357725143334954 49.59911244577834
-5.881309154362426 -2.872772656714182 -2.097675669786921
-6.6392509195229605 0.35307981298108243 47.062692565960674
-1.3032387465943462 3.1704346725939634 24.167657243308405
-0.5404119747064903 0.5989513818377044 -94.683186972729
-5.223534928907334 -3.921992325345369 -80.67264910730674
-3.721982160433817 -6.07098601713531 87.18648427241634
5.736991510703659 2.9986263639114803 96.4238572490453
3.199704836481208 6.357766792641748 8.41902179611054
1.9097840768683474 6.307443644559569 80.63162914909748
6.938181720595092 2.467953680907899 53.71502034022817
6.432654356383942 -1.477481156749757 88.3190039062354
5.151909218123957 -2.9915909860477465 5.234808625035819
-0.27163710232424804 -5.615548207968272 49.98615919622342
0.18689018686172054 -4.24131520373875 -29.66824353343097
0.7356660487617894 4.282100183723764 -43.58726501324113
-4.355449043073574 -5.167298284151246 -17.41713869661134
4.4395265577409635 5.152919497326188 94.2284875459927
-1.745265224405349 -6.316249047461465 -39.29195895158561
-2.7083803293378983 2.5286904999419435 9.80475518882751
-2.9430915301027847 6.039486455585566 -42.13744372691437
-0.44226518309905577 6.586003981288592 63.5567588530234
-3.0396013901792034 -4.689807876159063 61.13849198289266
-3.91547423563584 -0.13208102459476367 -64.52072248484461
2.1524527580327484 1.2389280080323322 93.77058045495654
-6.95974980251407 -0.8171621295464622 -30.325125874781985
-6.999034503354583 -0.13285734188347414 -81.54254554830987
0.5543886773073957 -5.464456565650794 56.89671289300758
-2.2422735120714252 -6.530479244216695 -91.85976806699969
-5.917332887505629 2.9937218064207376 35.14088734878172
-1.4629215119649708 -4.185310965479838 51.99742520577043
2.743773494731272 -0.6679972451371098 67.55222801555631
1.778817118188384 -2.0950985667690367 -68.2218611122897
-0.7729480671200161 -2.5975851745697334 84.28599198762329
6.5610547511150275 2.205790891822152 -16.145865862155702
-0.1916255148148835 -6.687358282989913 -63.71833552807709
0.5088273938066404 -0.04256734862013717 -29.899118321802302
-1.2472351902794812 6.088701558173977 -9.590945771563609
-1.2288968919400733 0.01075489150707809 -17.988449266014207
6.996348010366429 4.267152930159219 88.90596760924011
3.3038782346564783 -5.805925241821789 12.789737448061459
-4.309195673311979 -1.9306191889105244 -42.876319384152445
2.0920094063785433 6.196176755346618 -78.6443493200995
5.426921474066328 -3.661855011126238 2.049102012667242
4.188112791471369 -4.519576782113157 82.81713412939307
-6.912420042311679 -0.07416509522327333 64.27402170957583
0.3808464535874412 -4.864438834768571 88.99513717396394
5.864050380685602 -3.5882588737995835 -18.743286693091274
-1.9374737638744308 -6.424528890634463 -50.7364070195703
-5.138061915220606 -4.5708442875861115 -84.23056131804802
-0.15748512228979927 2.7338370044795224 62.9752832855949
3.4252896098758256 0.4513523256250633 99.10926952993479
-5.945182552613561 -3.064777408212575 -5.906954798384627
-0.9431164913487476 0.9685666075146012 -91.41246953670228
-4.612982240604849 -3.0332808713002732 -73.0707484877728
-6.054946793340336 -3.4496470036807887 64.6064151166646
6.710546308215536 0.346045101432931 -22.09448187084599
-5.80822014626672 -1.502598650887768 95.84779378363476
-2.7369271758421805 -6.2456818734335995 -70.17139734504197
-5.932760167564986 -2.557227208040331 81.73184200006123
-1.7334143414561956 6.393910077526898 3.116823615031723
6.137854315626975 -3.014940455364724 -94.83497014041785
-3.4864088588557527 5.632519742503178 52.7073874991285
2.2893309160397206 -1.5749897684153162 6.746564325292217
-3.149782788935276 2.0719178653154637 67.1510505340566
-2.1010599240751007 1.2049925274067343 87.58032957040358
2.410859716493152 -4.109851767977077 93.90928648991415
1.7378811029988221 -6.474381258653743 -44.737103617386424
5.718627029329082 -3.124714272870633 73.48578463488735
4.592214928967042 3.8432316044208292 99.40713496549087
3.2880410520833125 -2.1149935735839938 56.318492402701395
-6.70339495849753 0.24321037757446895 -12.60684439684635
-6.202398369573523 2.6967605225574154 -35.150565327981994
2.300575983699639 -3.461143845165755 -37.65476909360036
-4.154871992310581 5.000777440604104 94.96790769384315
5.654771783853178 -2.978248283397459 92.32243609864638
-4.249893256892573 -4.887274240988485 -1.2312879979516906
4.993046674734669 -3.6836594970111762 31.831657301412157
-0.1634448484062965 1.2326364116799828 8.000336269921219
1.8106370646662089 -0.6761920339899142 20.299502841315235
-4.173382749854386 -1.348748277648246 70.55786144700518
6.321143481015945 -0.39541473181442155 97.75512851519625
-5.443827468016322 -4.132780485215628 10.22321782538216
5.5688538446163705 -0.41216864765385575 74.54064710089207
6.4363831042605595 -1.91574869931544 -40.777617137152916
-2.3874523910038126 -3.357196280730287 -26.253054096442902
1.1833567660460238 6.26023191153377 16.28092722105919
-5.086432810891079 -3.3939681003821702 -29.15230852536515
1.246370709486803 -5.751197262442372 -83.6686033639203
-2.0174064439607546 -2.1898964237961245 -89.75497728487333
0.5294894734161971 7.137938371486861 9.302331697630704
-0.4613716781219869 -0.5475876850935413 68.95020376826977
5.148710021604072 -0.24419220287584337 37.52709517382498
-6.5043655615358045 0.07383463338456642 77.7553573570736
-3.8900272819895885 -5.59159913863322 65.54682618746382
2.8104185797011145 -6.132013245347918 -93.56119101446939
4.244384391981233 -4.523814863954993 -41.54467154681523
-0.9392655439626687 2.2896456839290042 -12.918305923410571
1.7168413487108678 5.40149701851607 -10.145003471909602
0.6447077974243174 -6.721144624099923 -11.08638979100756
-0.6662143319692457 -2.6329586136819487 81.32909658449974
1.6946752413882868 -3.3352718940915613 -17.554941552983898
1.1912659323598183 6.448042024060319 -58.475339107134744
1.015345842544458 -6.7347245517013805 30.70357019333604
1.8864582667105194 1.277553137350043 -84.48043164845181
-6.815206441423441 -1.5484866138924729 74.56648766262461
1.1582751260554323 -6.491642278037593 96.56965101207503
3.708843526013909 -0.11785714635671012 -57.81591318744056
-3.4798400469583646 5.171714178776968 -76.25649520179785
3.648156684210824 0.0703365288608666 -27.301428124323525
5.280734600497616 4.03328574110743 73.59405397164203
2.883062456996591 -4.2549034259902125 -88.78308660132416
-1.0049587623257252 -3.4057497689203244 -59.04674440336773
5.953811422964613 -3.3676578884672304 64.36224436223996
3.884158983043768 -5.120251049483732 -55.01505365071431
-3.3918066499984794 -4.309496256461971 70.59947677343354
-3.9130013696090455 -4.913474597738791 -60.750375527196944
-4.589710996266147 -4.23112131404214 40.50456741348524
-1.6733701351037733 -6.5441732299098785 -54.73124383918167
-4.479599442856826 5.353322612425325 -49.12521336764061
2.2278278325590013 -5.584352118319566 35.337125134692435
2.8388552362981634 -4.827164457628084 48.1951350782284
-2.63234918459898 1.23187618434641 19.407340067213937
3.398793724736166 -1.6913908448203885 -91.02560943980997
3.0036545024551313 5.041454478281295 -1.4080761273344684
2.443095824517772 -6.272833291927267 80.02901963435262
1.5300860546796997 -6.667926230163145 66.40594427322742
6.137080051644938 1.4737206608294566 -65.47819144203959
2.549988539070045 -4.158310677976397 45.37501488653272
0.20084061941740947 -6.610040665387782 5.861606480813053
5.693002810307818 -2.595393987738535 10.473952545378879
6.566874103063531 -1.2596463465105499 0.7431588084714212
0.6992856711162846 6.956195415151717 -62.2852836168923
-5.842550018697887 3.059327829711023 10.213815105146463
-2.3018885873810464 5.772156092234269 76.56186002866512
-1.3052690079695013 6.430542549346234 67.23709633418868
5.0928800015878615 -4.43184949017969 -98.86997429776217
5.5785886799305935 4.004894803532873 -30.23076159716787
2.146335551084401 1.0248561460017065 -49.57133572371434
2.598010201749426 0.5392117646511674 -24.647740045135023
-3.0639172949518088 -1.3506183838133798 -35.18051879793689
2.6448386459963675 -5.731294034282357 -20.98081293396029
-5.371234476601811 -3.986840536108959 17.506388495312198
-1.479644174655012 -6.584884590836729 0.348286145687781
0.5412123477735115 6.499467962088797 73.2795794360973
1.5255013910289121 -1.364922973723408 -96.42608624941079
-2.488299496172238 -3.679013299363242 88.43178787524822
-0.7124346953238945 -3.3348815529540112 -50.47307491346449
0.06863361912680838 -0.24869112845983132 -58.4440002249075
5.967580244373664 2.77246942435188 82.90460438553188
-4.835816493823638 4.266867260536189 50.18377400067232
-3.830611468073138 0.7060998145589424 98.42226497211239
-4.063134132779097 5.459749578678469 -66.89263557652056
3.80139753911965 -4.205676554001097 -2.037794785131954
-2.243412820015259 2.7087643437582334 47.9218227716549
-0.8660532792082812 3.75164908596866 -17.044703161435518
4.853372504439144 -4.458092483876997 8.165374805671606
3.3018481229225176 0.1399991580399591 -93.50625061312367
-6.525128096863697 1.5362667875227758 -59.36185763566355
6.2946744555824825 1.7130412869690788 90.15542744170415
5.235565136968731 4.131113547195578 -25.139800845599332
-6.8665025880300625 -0.05543121098868467 49.67910281538885
6.104518610042027 -1.4042546242635052 50.01972182620473
-6.211795848971688 1.3009529209980797 30.540686811212765
2.943092406998283 -5.935843011426278 -69.92670261413703
0.08256663064337445 6.6224568068273255 -70.38169333227853
3.075623356136523 -2.6008294574120576 -8.480091184871423
-1.808695700698172 6.648718081296549 -97.95877483050745
-2.076946601885246 2.949228461576719 -67.32948006801642
-6.382929384930354 -0.245112381882472 -35.38382748073789
3.6246286638297605 -5.712326798442239 61.84159989040015
-1.870229138179151 3.7811734389314338 -35.628457128737125
-4.146637054855561 2.1390600811719627 62.01260938118924
-1.4713205215503151 -6.417726061029872 -17.299853794763617
-5.158442515601498 0.04386276202909528 11.028639827875773
-0.49110999933811045 0.5140287852603929 -42.509931462971
-3.211371363819228 -5.939857899830042 14.430135585046761
-4.632125790154388 4.01244997707863 20.05494503912636
2.815671043547676 5.145230648434645 3.686341799758423
-5.192811410196557 -3.8142239939885614 -89.19793156377644
6.310297651735806 -0.7519723898622311 -79.22116237854344
5.700894619314117 0.31161254547794726 24.481327932726252
-1.5690328813270877 -6.14127029065537 99.96840167730613
-6.464277961205926 -2.0613765616716115 -99.49146003776545
-2.8905526342174044 1.6202396992979664 -9.697291098994828
-1.4404441121284965 6.655773391322867 -14.109454136313968
-6.35473460964983 2.2202784395004356 99.01362833451788
5.162176765736003 5.761235928043929 80.51124607910305
-5.188254834107646 4.213561112635783 -40.17088210098006
1.1214983606888091 -1.6916389413667163 -39.64287960678332
-5.114121857140065 0.759446630850817 -84.31492255756488
-4.215333698203656 5.079362722699576 8.014481132677359
6.448563043262301 1.4782650122496936 29.148235043997413
-3.9678292752754865 3.874975370642705 1.6660807953587087
-3.973051158915117 4.751973656601706 85.37123305432137
-0.9557477210845703 5.951061096778496 12.766751247132094
0.3062319488464202 -6.675872449536056 25.21042226990848
2.9467870123839925 -5.5879601333714595 -6.546226210617946
-2.841747616214442 -5.309483293259682 31.956685954430057
-0.2710990875544591 -6.715038792553405 -31.57964003072044
-4.727275341594411 -1.6331494445510175 -54.895740283366784
-6.372708621962354 -1.6168528366848751 -47.33994970257599
5.55897594814547 0.5501752688754432 -34.71413051180872
-2.7363332422333397 -6.309722142377805 46.15440097976106
5.393573265730333 -3.25583141717607 44.1203827382814
-3.158858458076101 -4.234976919061414 -52.92441036186702
-6.397623683778752 0.4879215191302222 27.841030448332496
1.6839814363331078 -3.22161132015187 53.365240605740844
-2.310978479105686 -5.1275936068215735 4.778913041137203
-2.3393352337131708 -5.931038367579805 -20.30896270372893
3.6816933017371807 5.323692806048066 83.76330098538565
-0.39976950477518836 7.298408004888053 60.65985187660632
-6.496977579217951 2.8701913023838412 78.83980192230041
-5.106912046019132 1.8326982792121864 87.19955335070314
-4.3338936105609145 5.0265353589052735 79.12939404879225
-0.6696674849605294 -6.711585200219786 -57.79489299561468
6.263867243783197 -1.5050672088285917 -37.586768065900536
-0.3467226770682577 6.759464048925077 -51.82160006981186
-5.4402654676365225 -1.5003401549726991 92.30406049887698
1.0445854061637987 -5.7368792340687165 77.37152742873451
-3.435801981205462 -3.8519828558933127 94.40044424947014
-4.1940275629446155 5.270055084600793 -32.21061562705094
-1.5782349121134627 -6.323148749728283 8.834464202537209
0.5323183636505817 -3.707964787675193 -0.7808975217561334
0.7684930714611724 6.669124425982852 88.2067535658564
3.9666672169441233 5.335922818952426 -89.15709893973387
-4.548802712529797 -4.823760826406094 -67.73153797485003
-0.7052430376336918 0.0861573139904675 -85.77143900635481
-1.9196429268409787 -6.335789373255846 82.1315382497188
-0.7712532110655818 -6.645979168392882 94.08782503436187
-2.925340097497296 1.0852341734771662 -81.78139254246436
6.127398424903905 -1.9382318733501833 -28.882966808564987
-1.0057630493204486 1.5502213205485027 -49.12153081011868
-6.535221460796498 0.054235730984784125 -95.86781498310606
3.2753010749054803 -5.848601972081217 -64.6108373164671
-4.1746739112163285 -4.536189972686223 -35.55276080551431
2.783881495533313 0.08755371367808099 -32.16034117274013
-5.901568711872139 -1.3750533016294104 56.828241183628364
-5.272645964390416 4.351088680049175 -2.3560324632230323
7.220953531645802 -0.19351654382607064 -19.196631108387518
-0.344446631325074 6.756758853907515 -24.99751112865858
-3.982888498305018 -5.077854924001002 -97.87321013462847
5.443336240487753 1.0569062402742726 -2.5997518278505765
-0.16415652982625611 -0.16953134371060768 40.953947598862264
-0.7120046120613612 5.5273228467842275 -47.765936234535175
-6.344004621508139 1.0481644270342088 68.11760699398216
-2.939224668978605 -5.974699854530858 49.534072808722144
-1.91820792647491 5.922440885995424 58.22756775085362
4.7537002886425705 1.781824393425263 -84.94562787027171
-3.5518587271734714 2.219349876044821 -93.72443752084618
-5.348259164135539 3.619693388686207 -91.58908158545401
-1.4440585334864329 6.43560699781167 -55.22409023106902
4.813599498961818 4.2300591733333865 22.907467757837107
3.282708060521857 4.456005264497329 -96.71716311640313
-4.406282284862794 0.938531810590039 93.14993352470722
-4.661867495864151 -0.24849143452255468 -74.11038603614948
6.786468954934177 -0.6235381283830161 4.0290264703321945
2.545890061347655 -6.921282157602783 44.447345372220305
4.0655836683215805 3.9801071831798236 -49.102090823905584
-4.027706453918197 -5.478298187075683 76.68740680931093
0.7668649660066684 -3.52440678130521 4.80467141909175
3.9947708360162495 -5.385957627583671 -33.65106806035626
3.585467102472411 3.9275315500940353 -37.40323705098674
5.560674627407972 3.247826106064247 -20.055122681507278
6.7777444156707265 -0.3147554375150346 -56.47599552128611
-6.043265540137462 -2.14470290513163 19.73463335825957
-1.441538317242174 5.277644128204546 32.54634849159379
0.7063140021160724 1.724838247816675 22.31357786752533
3.8822685038094416 0.2311348273599339 5.1492953399336345
-2.4377014596068367 5.210564188194444 -60.14947420122915
5.277113400888294 -3.9717590098987805 69.55147413260588
-6.314348676573947 0.18678940526640705 -5.846688594289243
1.6158583866614027 -5.773976875689488 -48.48885154176595
-6.859141826058434 0.4333681367370824 15.51968653180094
-2.72467584878186 1.1959723430020999 -44.773910536144555
-0.24002980488147727 2.9803665308662564 42.16351434357413
0.2680407522813565 -6.888506220676282 54.40058945071427
-3.990366985885166 -5.405356607069082 25.088318751545888
5.025338147770948 3.692996703133576 68.72065449662637
0.31133041826076896 -4.971597757434779 -87.16040464180584
-0.3521498376490245 -1.5530667002900893 9.035571271615337
-0.9338641497214762 -3.3761501443301127 42.87186816744147
2.045863687564701 -6.895667968143217 49.11231012708629
-5.637813733639817 -3.0861215292584983 -50.99860566245661
5.141976565389359 3.5536657795169786 15.256897482028554
-6.265017249130922 -1.319136901459495 41.97747826579889
