-2.247159696725021 1.4352586119709507 -37.765065136341555
2.19282620260895 -0.04863164435220835 -83.41361366449668
-6.156880002783062 -2.7712984192980463 96.49076512744033
2.2490135241201483 5.776274236224369 -5.2670672748038365
4.269870550375812 -4.579774622875243 24.782281313089015
4.225795264787529 -5.038431860741434 47.441025478538215
4.225571778196895 -4.967018206727149 50.54875894226129
-1.1186223408107023 -3.1083809539570884 -93.33030951665677
6.616603732682917 1.28874015639764 46.34657826614378
0.5762136964486289 3.0582550951706415 89.40808240118726
-6.321252270790194 1.8935765749502464 -8.054776232835506
-5.826584137311982 3.214361781374455 -41.442707637625006
5.823525384625095 -3.2495754564404353 -29.081474905184002
5.354493520518336 2.129022073463093 86.6845685728432
2.0092093502718473 5.824158056951648 71.71592788270505
-2.750758791424469 3.911567688465702 95.86999977539662
6.148683011390568 1.766483611291584 37.02840717849335
-4.699329465498819 3.797891237502252 15.522330633383845
-4.878748170604181 -3.945968685716628 72.73547587191354
5.441037709957351 -0.929566550000154 -74.39501229160912
-4.155517054675725 4.576031833313925 73.0114735904216
-2.669582267300788 -2.0114250404134006 -91.1000490370832
6.4407613992437165 -1.0193341769667514 79.36469312635745
5.0152335360669005 0.4888122337616742 99.91767964750747
-0.9771740981927335 -6.421645700052121 23.084997858501602
-0.3177816512098637 -6.044754762029679 -72.81035868971017
-0.5825760405923566 6.154606925134224 79.03802700387962
-1.458210154009668 1.9506139337803108 0.8745762970888696
5.626753274022233 3.331371157390506 9.303567455007313
5.326408897565212 3.405944404108179 -1.1161043942847961
2.82015524998921 6.344625457410189 -55.083631345286186
-0.9217612135886959 -3.864005638202928 94.6219395680239
-1.8693024509006577 6.150982220151373 -90.39721827855656
4.26206585493808 4.279686606935295 -88.5161902833435
-1.3270549635748699 6.624997943476382 28.69381300346967
-2.4124076022238916 6.195756020838591 42.83677344809923
5.239618067393315 4.210347527905319 -53.58818324214225
0.8142249215550783 0.3417199346290792 -30.93033811371852
-6.506049551673425 -0.02561778897290401 -23.32956431422042
4.721421369348309 -4.32841320716257 -24.28953338195296
5.046154571230341 4.324251026699622 -41.641391280009806
-3.580453283478305 5.427632112244457 -49.40305654495618
6.445300979780508 -0.10438545712518466 33.989683810852604
-4.7580549719394085 -4.507760179971232 -31.482562697129982
-2.318322855205204 -2.4225114670229493 73.09381175454443
-5.102430664084658 -2.7749162484078944 27.504279952471666
5.3305498271916605 1.4433129288654871 -51.13607760842426
-6.627597767686557 1.5720062362354954 -54.515985691162214
6.2244896207045946 1.3265523542449569 -63.96214262874876
-1.0254702640593454 2.2955118230476907 30.83414882783905
5.9589748576589265 1.2886982668208933 -71.920558909657
-4.707906735363233 4.3761845590455515 -44.52727759423926
-2.074421891015847 -6.561708735541731 -11.98571257849913
-6.093173899161902 3.073007190952054 -68.44317178254838
-1.3309417208697143 6.286246482283245 86.44297316657074
-5.310266303391796 3.747023015261657 65.5451546594306
4.205316977453438 0.013052420501699302 -41.362951276751176
-2.5300235683181116 -6.262346463517156 -83.96052589714837
-3.1757257469174687 0.5871763749874191 64.8029738409575
-1.1569002706768476 -0.042443618404397476 83.53469809515357
1.6459080739195402 2.2613143552743464 -96.51259163991244
1.363760550583742 -6.683186883317071 -42.32501854351291
3.74596823195856 -1.59503979303195 -21.37648543831501
6.436339448646318 1.8475236233578682 -31.979940734622872
4.128922708443421 -0.996837689436344 -15.220317792033326
5.7156898002517025 -2.8438248035100258 -57.39216660402161
3.3598339189137687 5.798952053722629 -68.23668108810823
1.385654276919699 3.3892634918167253 -93.53510994246298
1.4583914807728557 6.463079360872546 -81.62204811577033
-4.002833102779726 -3.6857598420795346 5.810223652777527
-5.989821353312404 -2.1203800901331067 55.30863079952495
4.867022577546111 -4.66904172326062 -35.8686814217869
4.300291962668238 -4.418901021387857 16.4992422432574
-2.36245776354564 -5.991944079279186 -32.68644543952057
-6.340472055002122 1.3916178102525718 41.145339666022124
-0.4224554055203403 -3.7138384258841444 -65.34222815294336
2.1313048271513435 5.544130000724017 49.53020799584386
2.1066029146682794 1.099475821040191 16.671132791617772
-1.3799211173692039 -6.665297201168891 -1.1250015573938184
5.562952364104928 -0.9073101098172561 43.14141887800273
-4.162608324175303 -0.45637302893243026 8.920487664196212
3.5113094234978384 -5.05817066544235 -13.7272005382533
-2.5470704596305356 2.6546065225372137 86.71415619180476
-4.407036034983256 4.685884020998653 69.10912587316129
-6.126630581755403 -2.586479261545237 -78.48149938456825
5.408867000891461 4.324786276751394 73.33806196782528
3.2306103719793096 3.977643839908316 45.71833232165723
0.06407243138819974 -6.586141847927583 13.03543914349911
4.026310970328301 -5.052737576279153 -96.73809051933874
6.179625585608376 2.6642864584527173 65.40904136361185
4.467434797142153 -4.982573464706557 57.72058315113488
6.294314530487453 2.282337809608056 -83.37862130571507
-5.96380864421586 -1.1389671555484153 11.456623919079748
4.458282109100381 -5.149596905844377 -67.11088405857872
-3.9750624089676894 0.4615880513241406 53.087745628336734
-4.463505344341052 -4.449623750796554 -24.099315654859204
-4.338958418562232 -0.3093125189413805 -83.12030624959897
-4.010845223703384 5.0524033591615085 -14.637437039732045
-1.7405804667444387 -6.218025501241439 35.82457391764782
6.305945782723262 1.589608291188239 1.4065441063855808
0.8878332372904039 3.222391045225336 85.48924810781003
6.275837690269772 2.3244969849357604 4.743352554531975
-3.6312145997719063 0.9046908539178276 -68.08219891312811
-3.035537150154995 -5.638340905513105 13.927263219491994
-6.026695135718515 -2.302181882131085 37.415081903979384
4.307208243180389 -4.993647096459516 40.702655830727416
-2.1484352355534373 6.168223839828551 20.966686061927128
-5.527464664006377 -3.1180923289969846 -91.90243443053348
-0.13932600868566652 -2.016778441248405 -68.73099335908287
2.311139664824641 -5.931655924896506 55.300200387201905
2.5647413343178247 2.1828665124272963 0.3970388788269304
-2.212673670985725 3.028113896561301 9.293414222933313
-0.39407401309542933 -3.2466481930362594 66.58870635923553
0.47391604439210316 6.5301012212574125 95.04401747383618
2.6829236139589794 -6.266525223626419 -52.54041427623053
6.1688413111193245 2.628821600860376 92.88531711545501
4.719258640538723 -4.630631186282308 -62.023003267339185
-2.7797310368523 -6.27066129734189 43.27860986350721
-5.228547246163542 3.688805164903754 -36.17862850277724
-2.472315722923598 5.228000044683069 -85.01878868008951
6.414796130058395 -1.7848037067994085 14.469763340135437
-2.574362633000316 -5.08130805031971 2.8969309260485705
-2.821288317221929 -1.4488681973108024 92.92868890859077
6.3794692903875845 -1.3724601817905706 -77.51217313580764
-5.8419670304185995 0.9278151671954623 -79.0041138162165
-1.666168682032212 6.069018536063117 49.676917759312225
-5.545311472992729 3.7015401143788282 29.012706039688876
5.1134700367292245 1.642585314878448 54.70955746102095
6.652949222379008 0.3065488956156453 8.637443123887717
-6.443838094141227 -1.1569472742547127 -26.390974596515903
4.083491033268377 5.269278460299493 11.584437177324888
-6.475725926366813 0.8832591938892037 23.779115088752818
5.3449181605292635 -3.8575382874872366 86.39676938709539
-2.2638434107395944 -2.0802396248733594 44.18624276310653
4.8253992650263555 4.750087077335406 25.772557967103346
-3.7998939628725243 -5.259543561259703 -66.73153428468535
-4.276084285506761 4.510192325717753 48.05928169174869
1.6348716898092648 6.4883167624542555 -31.078925468837554
-2.120079064442339 -6.457242922705409 74.27434395022043
-6.378297256654277 1.5617349040682404 -51.21209925555469
6.401157229653168 -1.1242981660109002 -37.26794912364805
-2.046831998045344 6.390511699910125 54.59342780370428
-1.4465459913945173 6.435101820650526 -78.59474326367939
-3.1792457335059052 -5.244976384668903 -78.63523573047097
3.3076308237318957 4.8962717015650945 -64.95716547344404
-6.421253559874807 -1.4946578409299462 50.874245213349006
6.610382097520168 -0.03398411892473186 11.697230409736413
-5.813716174139311 2.3616597867837585 -64.50851528290654
-0.20822318195148948 6.035244260691644 -55.42110133346156
-3.8154557830887503 5.494260372911226 -94.59012552826825
2.757304035173508 5.04371136386406 89.55829810552656
-5.967363533920543 2.2564273067790412 11.419223644526213
2.56490765215953 5.494714845110032 36.07631270652296
-5.338703563412115 4.07207927322595 0.8927677512532735
-2.854221995735988 2.63333148134798 -99.95402619434708
6.767821309770541 0.23444008727748503 -2.668818103662281
5.0655596370475156 -1.8432579815966386 -64.42597665219739
2.5191672459560888 -6.080992853513148 3.19656818969767
4.122761590504031 -1.6000893262587297 9.10200571192326
-5.54522034671845 3.6552046135997296 24.0828597144062
-5.816867238168742 -3.2882237855183605 -58.62850584861133
-5.438476464781706 -3.5444945655763136 84.26273275630982
-3.1905354151637604 5.890828169110526 38.953659877965656
3.0691469333744434 2.0806029974519022 40.68869316392037
6.277554096164093 -1.4124654730975617 63.0293954459846
0.08444584944845504 6.670766485428434 -0.36331062631409994
-6.091750656973623 -1.4917026808996696 33.796164498838664
-2.4767119327228935 1.9169568548607865 23.127412737998664
2.1415945853810476 0.06929402032432092 53.124679189970045
-2.682038263849941 -6.023282238565033 80.18453822399972
2.263287095812327 1.664412938178603 -25.945366536450997
-1.0097229608447442 1.9464908838705193 -54.67467165641106
5.617315342882536 -3.841174600716632 -7.683703766456403
-4.253176930745522 -4.930397961384942 -62.21285938092952
-1.9898086073934713 -6.397858589444978 -99.15082081232376
-0.981828054649437 -6.511305396219208 -94.73894244150495
2.9325479137145654 -2.2462877313787906 41.55728601196486
-1.8406876465584163 -1.7792659597389413 -19.53418014862993
-5.283959125645133 -4.219594105042972 -9.352426035608216
-4.170593649497769 3.986411619189635 -29.033970595137653
3.0255494193754116 -2.291182259968091 58.434571164241724
3.9573299163445244 5.538811864393839 -44.03476127786228
-6.784485591513363 0.2956885632996358 60.14955917444938
-0.607721401905983 -6.530622262834444 -76.08319296592248
-5.252086256272979 3.716719714156992 84.00652980736183
-1.9580791865653517 5.68050050188758 83.15217165508459
-5.5130331250951885 3.0944135634784495 90.64428404535326
-6.32281231275034 -0.6400502181084934 71.94484895611164
-3.8768679624737103 -1.1438673587533557 -33.95406254588671
4.280565362084826 4.700829592845169 -61.28745463369777
2.4084655691908416 5.080755933350396 60.5199391049426
3.278232989891991 5.928633599638578 -27.323601906965123
-4.248510809975382 -5.058277836402025 54.51856892075425
-0.027692076574967472 -6.231517346697032 -67.1286518265785
6.183828302045826 2.4881359177066673 43.25045391353266
-1.1174465809957548 6.09250395465828 -75.33844416667048
0.45061589291631793 6.654625470948625 31.115037538237598
-6.302118401655948 -0.10082767418665856 67.2681724002707
0.9240508778660129 5.593676023800727 74.41925805544344
-0.7054213382171011 6.033013214926151 45.66554533263771
-6.010710647205929 1.860675634543105 -87.95976879703386
5.789717558503091 3.2062282171206107 -77.18070655591998
0.0003494105155916749 3.0570784839000087 -83.78710187008754
3.57982632339991 -5.848476359495592 -87.58234528503897
-6.24783543142164 2.4310335400633196 19.692588086223594
1.2843865564299881 -1.9551996642084417 60.728110525640616
3.0558892733856355 5.40191547003299 7.356883315070596
-6.61791035457959 -1.9521222537688274 -86.05876934415595
-5.10046374993954 3.9952914067784797 -79.34401746594062
-5.738358308995139 -2.532519964018792 64.96928347563048
-3.727304691185658 -0.9946309040941901 58.74445397331831
2.426059745136681 -3.8972148868906102 19.1258610987002
-1.404493088213448 -6.472051461279172 68.52957536366675
2.6239247855260297 2.7378213290169415 -63.27678369351684
3.9233426731449925 5.556843723083952 57.3659205302527
-5.723045637827159 -3.5031459670841936 -4.662340778335225
-5.8168516122732115 3.1848665323455747 44.99003081916254
2.5701675881011026 -0.4018172053236413 22.26435850318011
-1.2586368903753693 0.08811493881627586 -93.06358184438025
-4.7730356777549785 -3.9654618275312 -83.44547906782007
-1.6216646830283608 -6.511858066690454 84.31085185024428
6.001327133140734 1.5004875979487065 95.7957244266466
1.8092054839980007 5.824353268392889 9.771786079931532
2.081854160183284 1.0273158149335233 78.88749993928367
6.452300193955236 -1.4686816855188611 59.60282819082212
6.09649894956433 -1.6278043314459612 88.89935330308134
4.6839502687930485 -4.750852054140089 4.744092286811971
0.5771691464180925 -3.1038692715189575 48.524542428986614
-0.9513537624119682 -3.41820430739173 -27.16340865357481
0.4121890622392095 6.758271675975907 -44.868941332174366
-3.0790647290637883 -5.44660634887454 -20.897902560879494
3.8795105520881945 5.018506393468434 93.59194764093958
3.040932520806544 -5.32870254030355 -40.355710004967996
-5.1430132499431895 -2.155163355032167 2.807744272569228
1.90917032671209 6.333880212647269 -41.369995370390605
1.4043647137587643 6.273044435789974 64.44928701018524
0.4607136403679675 -6.396201769764463 62.228379755689495
-6.4931573358467105 0.004339045859352408 -66.91476468938579
2.6457870559346826 -0.3632241315437505 88.65117434438066
-6.671494490483452 -0.1591903418550774 -31.161297653713113
-6.725009816592168 -1.0927914409886466 -81.25643293017272
-0.08302427173474572 -3.082252899719771 55.26903475814025
-0.5882832508486247 -6.586001142853119 -91.38933570904408
-5.130748859952395 4.185400661606633 32.8424335144095
-1.0693016705760212 -4.611450784730189 50.727015849930744
6.716391466026618 -0.86093666330103 65.78290818595134
4.1436799237165625 4.89440083125974 -71.9285952417028
-3.553803209195918 -2.5083989272218394 88.11767082685363
5.886890263992354 3.0254051134520177 -15.856651621811826
0.8520611348001219 -6.3554924799370225 -60.81577606996467
-2.0179638863360436 6.336244550036416 -28.67687938542827
-3.955559366426472 5.257454208184182 -1.5159212405584648
-3.6245949514150273 5.544877692769804 -21.622342284939975
5.391577839316661 3.9214073583826043 88.92549213977756
3.0155326636715225 -5.794592619558719 14.397649329638917
-6.51194517931787 -0.783657431772286 -43.75996478630699
-1.5261172819528936 6.704169056301511 -81.68233123823977
4.998645039550018 -4.310807587603597 0.04327732566849274
3.000738306301812 -5.285660161882518 83.77188913872541
-6.3467223294296815 1.1734520676302034 64.20086425143421
0.6526100592947275 -6.249955191040872 87.35495178543385
6.830017364781319 -0.06481500236055078 -20.142635160627638
-1.6306102747304152 -6.276830544721514 -50.66298259778938
-5.115382475896819 -4.493174879541483 -86.45188333602304
2.017002840768406 0.4849574681113843 65.90075791881907
0.8808200273931499 2.4505229970306286 97.869775100348
-5.8957457474434225 1.1922799324685602 -13.18851409860751
-3.4943234570935457 -4.503119125363346 -89.53985225653244
-3.8917648249573142 -5.085596042100894 -74.93290065221169
-4.963774918655411 -4.297013042712577 58.011237435633944
6.664168086502975 -0.3755948301918341 -23.456308467810686
-5.610312689846894 3.1224458349017863 96.0605124569894
1.2902820914230808 -5.72218433760385 -70.28371874646173
-5.439799391962121 -3.9326984720099407 80.37470036577807
-3.0744766251671405 5.693769509519131 3.1906547611201717
6.064863510590883 -2.367253924335704 -96.14850798540168
0.7259884398462924 6.649995353961377 52.99901549870273
-0.2101576331256495 0.02344866461204584 8.879039647896834
2.8487208556970995 5.3624811050465215 68.43315449510352
-1.6352756287237535 -0.3129264790808827 89.27639883102037
5.626139451806848 -1.3681599942962233 93.50920561708865
6.432066771394056 -2.1903664424981955 -42.53926725899481
-3.126177837737584 -5.946943265526269 70.9949179539904
4.871181836473624 4.2486369901511765 99.32747558148604
2.5272257005963943 -3.189526095189892 53.23798301102922
-5.391816882076679 3.663998724545714 -10.705638699047352
-5.649641685856949 2.2724939883801496 -32.964816462697044
5.672326842325954 1.5869372244897177 -48.09929504208245
0.5775113587063123 6.292833009579454 99.54110612538649
5.213661114812306 -4.141596831897462 91.72075643523854
-3.3336013871782932 -6.081702207892175 -3.721164666025979
1.536765126645028 -6.228404902526362 32.73175887161338
-2.3332530763598878 1.6789065885017227 5.790991692831644
-2.3122004325285896 -3.3956292868823446 24.88378062731829
-2.957607406798334 -3.1800467041461618 69.3571104366459
5.42646411933929 -1.8700807602800378 98.20078505052626
-3.338719052075062 -4.129347812873873 11.388686317394852
6.132440227255604 2.268915860203618 76.13215823016728
6.421486368233601 1.9380213132982336 -42.246914904462365
-3.1636613470195747 -1.2527928148972287 -28.50288042576443
-3.9389204413450574 -1.2617388175609254 17.268623276510212
-5.765176558038574 -3.4460981750606083 -28.345851895218477
4.096041131124977 -4.1727249506055335 -80.84403144164577
1.0166271531698694 -2.547140167026741 -88.45081637566031
-1.2805531369950516 6.7159647464883285 9.47741598896383
-0.3414107398001132 3.4081329257421573 68.52630249577155
5.485304957785384 -2.6331866220874613 32.98121359091124
-6.286893357833088 2.058082372344965 73.76538508324073
-4.088167947553626 -5.178004781463519 67.2142060954381
2.4734991784946905 -6.210631271643083 -94.11633252329621
5.164865692528778 -1.636353936713183 -45.46033019544834
5.872833314039591 -2.785388033153377 -10.925087094909177
4.481898383145557 4.819268465951575 -10.848327984756324
-1.3589224343992672 -6.108520311018864 -8.520176517586478
5.36898522684703 -1.3613884539658796 74.83499203957854
1.2372605783140598 -6.5944246457621745 -18.10888364136851
0.21591767547236929 5.836107762502854 -59.372627857835795
2.0987206070259803 -6.2942846147633675 28.11503457124061
6.449274835270716 -1.5431360679091244 -84.82620559823597
-5.890457745248597 -1.7439890188266842 75.40008676240495
-0.0857990939525703 -6.4612578241273235 96.34678642310317
1.8325329588307462 3.5068081673840648 -56.71516159020031
-3.5169509181992 4.616651993005847 -74.66111364687363
1.2716633892986218 -3.2166076618052757 -30.266904765694427
2.109040407093279 2.0563467563443414 68.7011353728238
2.9096996763203364 -5.792399367042785 -90.65006480378652
-0.6994508494372125 -4.982656708026421 -57.09540727637364
5.510890337504937 -3.434046606739417 65.9676348026696
6.264131388254449 -2.064217735369022 -53.73957290781889
4.139799995748905 -4.700535067645716 74.60056300814458
-0.601573398369454 1.8771981879337332 -63.471580945947565
-4.943076556644224 -3.910538837265481 40.942988776909765
-3.1598701387970363 -5.692571166267923 -55.0475053084154
-2.668918472491249 2.7347355051751414 -45.90119588096393
-1.9351593891921626 -6.3151758998520044 31.69853097698338
0.23351063459633997 -6.878610329574273 42.64033121798865
-2.9953435311710304 -0.9693807684097502 20.022386755894495
6.006236966356193 -2.8343233101067073 -92.46247720398597
3.111659379330061 6.015537092256666 -1.1879671974410744
3.1916322409290463 -5.7887757679872855 80.39178768277033
1.4656723837191652 -6.276390412790274 66.5845637034006
6.559311544651822 0.5439461594078573 -68.5434591002697
3.3905742414819984 -2.1328608624499648 47.44727852761225
1.1268991806050324 -6.547146362993801 6.849931045713229
5.240399818391169 -3.9349934340183776 10.25930924065311
6.269310889196334 -1.6057558902448663 0.10797199939085379
1.0129806289832033 6.671777032480563 -63.96082213409928
-1.7416737933110964 6.380689202662243 14.749088897345475
-2.1786218407531686 6.3973259930781765 74.74374053846668
-0.2626333995105403 6.794651811916774 67.3575547554331
4.4829387358208965 -4.612079884418266 99.16000364119431
2.4873475959806672 3.3736687781964645 -30.268809860353493
3.552927537017143 -1.9881702687472236 -52.13146054383447
2.9088239771627173 1.8841861014402004 -19.941378235775673
-0.9280309659792705 -5.737577565068891 -37.401766708163414
2.973699110603236 -5.631003488524334 -20.482881813346218
-5.441262667168669 -3.958521755407374 18.57967474620188
3.755624388049035 -5.609376749404019 -2.326388890379926
-1.334263551178019 6.476771706985747 71.13743186110959
-3.2431737213854532 -2.8184786338324352 96.8956814326601
-0.3140402863456745 -6.106231442767982 91.55347042847633
3.250806989254082 0.45566200204667157 -55.90206737312062
-4.659584813716191 4.483246328400679 -52.000763697655394
6.745568495357564 0.17103524124096678 84.72914317354407
-3.413392364873387 3.285587313908038 52.165265626613106
-4.100995159413797 0.6156639872527293 98.17441707950925
-4.593998368694986 4.594629396441224 -66.24709674151768
5.8198428104987885 -2.623721032832752 -4.604008792142114
1.1481753263214376 0.18751618272365755 49.72385394244828
-5.751364969051467 3.1480708478289063 -19.506873104992817
2.990457734900366 -5.49101727417775 10.848013190396037
6.574625651698605 0.7967920723387327 -89.25456205497427
-6.023324206027436 0.08789266133737489 -58.62506787615829
6.649443961952956 1.2581925810205283 90.23772679760432
4.546118081416744 4.615401560103792 -24.836823298850877
-6.227534457113963 2.1544523340523836 51.143284781606084
5.750993111080697 -3.0711764500301557 54.6768674785308
-6.672734531997935 0.2686268314414027 30.85824065892529
5.232353667504892 -4.045811690029103 -71.99609872400453
0.3847268606344136 6.83788985102745 -70.46738776610145
0.6351677808323766 -6.6760282955623085 -14.93925121278047
0.6717708694171072 6.5917099211648535 -93.04153503694913
1.991407055659166 3.9825556694854405 -74.47350698604163
-6.468511955617067 -0.6847776534292997 -36.39021518257205
3.9345029453390996 -5.476565017420316 61.963715425729966
-2.327630126435343 6.060382564306464 -35.35478128193513
-3.329022911535322 5.9346286798735965 60.598371135922115
-5.255560956154642 -3.881371727237227 -14.60224361524511
-5.656654642950932 -3.451476639760132 9.483147193222038
-5.384782463156531 -2.2130556500277545 -38.611393715357714
-5.558730959273629 -3.7229324528941854 13.851755523137253
-4.551357027225024 4.156628149285661 21.045838090950323
4.27361853900649 5.185528254585071 4.3444227487772755
-5.811796018559714 -2.027240610367668 -89.11454885448265
6.782088684778008 -0.9059190321193581 -81.7625628317855
4.7110347096302645 -4.170103154550483 20.92281055996929
1.0244690422775165 -6.110269545951522 -98.54614324378544
-6.676302909449215 0.33253305982206266 96.21524049390807
-2.1268300527039785 2.1715322063020976 -8.936644421734652
0.773694972433433 6.474116981255236 -9.459157931912362
-6.102628108879928 2.029926325751644 -98.98251382124707
6.62143319216614 1.4460829646342819 81.36468512737025
-6.855255640345143 0.12238615038343131 -40.78254954671748
0.3006378718181231 -1.4485700419000351 -35.446157750054944
-6.633145484612328 0.7361572392672913 -85.21410261295816
-3.388440514649098 5.776317048585657 6.580091474395089
6.057905953553047 3.043937360599912 29.412304545167828
-5.755644921238933 2.753809110283722 5.289282978415267
-4.198271973042857 5.356430037721238 88.93988136911673
0.14977369090287074 6.541763920455088 17.754523406032842
-2.8846979946939277 -5.178952283428215 29.182893805203936
-0.5419360542986579 -6.612746550122663 -5.142065215962089
-1.7963424009281328 -2.31255037139649 31.21396155015242
-3.6512457376946688 -5.522180573225561 -27.372035080822005
-4.9468928015802245 2.809148626472975 -57.312876588664956
-6.386017429449225 -1.8725740468973662 -47.00407070607693
3.700652795174968 0.5291399251746887 -32.80542720068178
-2.084974567340166 -5.930235366716508 46.395893334478274
5.748838999965267 -3.214176384992185 44.75247154011447
-0.2535352056196343 2.8533573326791775 -51.840258136765655
-6.69738333200005 0.6265876508919954 27.11162039819264
-1.1801444924231745 -1.200142317520097 51.98748178140306
-1.816154624163803 -6.507200797866353 7.064300987455936
1.3244757255957762 -6.540338854226454 -23.32240524789635
4.528602001965912 4.755189487665477 83.95982187959963
-1.5562575090656339 5.994225410122841 63.193754444359286
-6.541807618029259 -0.14728402995681134 78.82683125114828
-6.005219335522117 1.6255925051097657 81.46023611659479
-4.502598819936933 4.99358061447505 79.19380018035217
2.7188032905939425 -5.665832398031231 -58.4823370856453
6.661397455969806 1.3404504405570865 -35.14157158112612
1.5698340865269254 6.576362498365271 -50.98322499243438
-6.438806330788359 -1.4295823503059972 89.60171671809047
0.9062617663128061 -2.7969340787927917 78.46358134157147
-4.309514762014619 -4.873516288157657 89.41225693899236
-3.9696600107320155 5.611433316180716 -32.1294033306436
-1.2396959683388453 -6.583544295092106 10.331720227050013
3.132056764472496 -2.887960075407818 2.391512451313993
2.4316052828788672 6.371414155480535 85.87905379582084
6.230171330363032 2.8708605591213914 -94.43672688400007
-5.181007610368692 -3.992922981589731 -69.24904385735195
0.9076823268387982 -6.187471236577993 -83.83061095558071
0.19370080643707616 -5.431297064879671 81.41159714840391
-3.3858223146851243 -5.93648145369693 92.45169925859513
-2.2633251009608606 0.22768769164159292 -78.04653248837526
5.672322552408639 -1.0220952896692923 -31.116675571337485
2.6598928729971694 4.111511136713228 -47.24123893233833
-6.600408870676843 -1.2116505165605544 -98.11495314384095
2.0521449458680414 -6.323470118640155 -64.94702277474835
-4.45659738512606 -4.88107577315729 -35.93637929916106
4.583372783237259 4.653059596958893 -33.44652169065943
-6.10557955648874 2.4991926562683315 58.16119879512081
-6.387053512164418 1.3489470853327226 0.28026988005857406
5.742165248366175 3.0408166545872537 -28.334608139114245
0.3547438858307063 5.297007393484672 -24.404845348123832
-5.461355769331019 -3.8657752106313756 -99.23289236236039
1.3820082416422534 -2.8839562805404455 -4.280393483363836
-0.8434904005713132 -3.244011818686273 37.17276821668159
-0.9726163528210136 5.672626809084755 -47.59546498856801
-6.17823373632524 2.2313439308098912 70.78554917022196
-5.0285812304318025 -4.3690081030877135 48.31219131188826
-0.769059533667094 6.659652346154213 57.17934635817566
2.940046033457224 6.1119844433355395 -85.5533932821158
-3.310225852276519 -2.2846757233888852 -97.34812190817966
-4.445126958058753 4.685736022876375 -88.2250829657378
-1.6808442176549157 3.472836430958723 -58.91746450725199
6.354632227684942 2.542416860938021 23.202864883940308
5.002831431074127 2.32796219665192 -97.5103546124823
2.3413300433568676 -2.2002742670195383 97.16162091942023
-4.434904257965084 -2.4160906151724433 -71.79374701488155
4.572582725432055 -0.7926822749099066 5.590680648104035
3.054072978073733 -5.741231899032627 44.448757912631834
5.03044481689779 4.0415027078904195 -49.37147401040305
-4.058482076517617 -5.265772287902124 77.30420972150822
-0.8323007156994467 -1.6563741997746133 4.472369372931164
4.2091425468564125 -5.055979699608111 -32.74103357514553
6.304942980685285 1.750300958113274 -38.79618270548868
3.020088856295564 5.759721815197988 -15.530162836320967
5.795103118872869 2.548584121552098 -57.10659345547319
-5.863643236675184 -1.0973449539463649 21.587209017829156
-2.8409254114207 6.059086626721991 31.214301506727644
2.105970065221312 6.148002763092723 28.2309414876547
-2.63099488302452 -2.1844438562883943 0.1196022864741386
-2.266012724509841 6.301571020155545 -63.56358174574144
6.414580278186782 -0.06366315570157588 70.7089516390311
-6.353494926881716 0.9482118404233855 -3.8714829711429424
0.7693280962782458 -3.2823116478858023 -48.469065014610784
-6.599892211033561 -0.5774508043265021 14.586782169150686
-3.211333441362707 -5.220940530686443 -41.83905743025725
-1.881258365895365 0.5544871714299227 37.761876098258185
-0.27461869378716164 -6.566131966820882 53.509318547944964
-5.933635805035541 -2.0186070488549497 24.37292152727068
3.9099296319929753 4.898036485623982 64.87275736961432
4.868721709715448 -4.84557642267543 -84.36819540678465
-1.210637674458916 -2.7400851551163674 8.771549746321064
2.265259482685159 -6.051390804724322 38.531781666896634
0.6431410704340301 -6.806502815353509 49.698891507633206
-5.992594853754778 -2.358706759248504 -50.07288488499647
5.494471114381582 0.7828000320424662 15.435718610784336
-6.757790122524939 -1.6266567807058474 47.77162965296603
