-4.267988115333549 1.2138744292598733 -33.045177679424874
1.805000964307952 2.4975336426537793 -86.12764518070614
-4.737265984300436 -4.45386350513752 98.34495509988197
0.43577774266425884 6.589528863575622 -3.6869105311732717
5.294883578231924 -2.803640564297953 26.373272240529545
4.310951981096438 0.18676212362300834 52.91025410912511
3.481027959494732 -6.139092617387303 51.32594780801001
0.8134833854442295 -4.084805318970266 -94.2981818859827
6.632524769030211 -0.3412618553844373 45.29585905105851
3.5061000186271425 3.4051714964867497 86.50354168956186
-4.698941296683307 4.085389727940537 -10.149942851460791
-1.9122598068335128 3.1748949623674747 -38.27852584107667
3.9260587828776687 -4.326033408022921 -28.43450033237125
3.012508854100431 -1.6317112190862055 80.856044916453
2.7133981545295356 5.727318263188402 71.12543831378878
-2.884862726635093 5.157528438656195 92.41379404876882
6.519293658419321 1.6087806679113796 41.296750611944404
-4.847593905598153 4.411936305373735 14.10070141281273
-2.9100844265235515 -6.357417759966722 71.20749275036293
4.71597640784534 -0.8531802312733874 -71.81514153074833
-4.906282458258384 3.749911221542794 74.6718829135616
-6.095571127059604 2.9873485345360744 -94.35022117549111
6.279291607567197 -1.0263715260523494 78.82487774361081
6.994487175502605 -0.23187592888529832 -99.09149746156852
0.684027924997551 -6.505702685899145 23.356078074866126
-0.48667338209883343 -1.3750997244812155 -72.87625584764083
-0.7932482721364515 6.722213172375175 79.3247618378029
-3.647794033514652 1.041646235167153 3.287055394911073
5.526939522855542 3.1139716507490154 8.449701941988405
4.574320480752998 4.729924640769879 1.1435459887636372
0.5305550372008209 4.580312206479842 -54.52111531475978
-3.152337078084039 -1.0665942679326885 -96.22141842681378
-2.2712864126983847 5.861676031222471 -91.08334856063476
1.709004304563247 2.0009607382942454 -89.14883201870248
1.1743014208639277 5.702862478660447 30.59475860140962
-3.1150102130952066 5.238295701232666 45.763258457754674
4.26755227068061 5.189190986432893 -55.20794798682573
-1.2665615930225727 -0.85259973153558 -31.41781847320851
-6.037818472583363 -1.8425814237452651 -23.88350025432247
4.918376867891988 -4.4720570070972805 -25.67211862542986
1.7407124278301045 5.457943028416327 -35.47336079230331
-3.979241941759324 5.128073449613163 -52.62015825239659
-0.1724639262905464 -0.182004423843795 37.296002179306484
-5.2310257679458 -4.401036446511504 -32.39323540505254
0.5880607804871552 -3.33422647652119 74.97887881024766
-6.136165074782463 -2.943683362532223 29.61554513345125
6.082377745815459 2.3952825728272074 -52.77312906441501
-6.32256507328805 1.1728312837868902 -55.27115714609901
6.318030889017255 2.1606899706831286 -61.737026400306576
-2.5669139045402987 1.515158561269481 27.225828386865928
5.200294665011595 -3.724781603019179 -74.28620441505728
-3.265231162209809 5.664524131256143 -44.595738200656584
-6.397189324787293 -1.4825177761550037 -16.04946274351776
-3.1664730864342365 5.6276293724785935 -69.91683133415319
-2.257112488738841 6.2411259530524115 84.8319534130913
-6.040568843924078 2.7897680551592248 65.40496290016992
2.4903517478289285 1.0336150833462305 -39.90501935927086
-3.8120514757905055 -5.173524610316871 -87.61492638663256
1.9393690196428381 -3.294877774078501 61.95990186139259
2.1498049170503872 6.4092768667942694 77.67241314095445
6.068817298498237 -0.42623144582022554 -96.48366500764267
-0.233764416486472 -6.541292007875747 -42.22513236192707
-1.4883535664839005 -3.663285076803069 -19.649727912961175
6.772045804385325 1.0811088328248784 -32.702882053973795
0.12334013764287344 2.174527978587629 -9.822830869128211
5.569116813838797 -3.5938509782096295 -58.50205341746324
2.455012973812699 6.056353343025693 -66.0839584005703
2.163484050861377 2.7826166597820903 -93.56466338566463
0.7842143749591286 6.374859305168531 -83.64654331538556
-4.925099413695839 -3.826649941610981 7.543056882904656
-6.228023582190693 -1.8856682097388404 56.30470338505569
2.225515392816692 -6.162484172356622 -36.24106594926417
0.41745073574686087 3.48146181097255 17.791939654642572
-2.569011978283121 -5.65217980044691 -33.31083289656087
-6.126813571989328 2.418107029062451 41.5539637059485
-0.668183644670912 -2.994310047045183 -62.3587481700701
-6.108408426352661 2.888734491005495 54.14198211527219
-1.7498543686804255 6.255215395684873 23.199268544379223
0.1940288092470891 -3.3836674038994015 -1.9833219428075755
4.641181904873776 -0.06852919064369543 42.76436078089612
1.2108720599785523 -4.88816502470338 10.464065573808663
4.226581507011693 -4.629913094360506 -14.3428053771679
-0.7253979143321693 4.702672980258823 90.23093834308916
-3.675009975686565 4.72846879994827 63.36941785786827
-6.625663853832789 -0.7131286630521625 -77.58515910600396
5.764937062761516 2.678984517336591 78.12681251704782
5.365317247247328 3.7837127321938016 46.54911331470477
-0.0035064979560419374 -5.263574666695463 14.547817812066366
4.302151481751384 -5.334546152547242 -97.21529938269904
6.575133398353489 1.476298940357769 66.04414542687822
3.480199994100549 -5.363712430643677 57.92177777813496
-2.6318609988223254 1.9877746456478493 -77.84937841276417
-6.344074411986615 -2.12836793127066 14.556123545329777
5.31030667787738 -3.2929539692949135 -67.7069663026927
-4.152345964425212 1.1936297985240072 52.35620339990698
-4.921864232806641 -4.432754376184031 -22.206727558781385
-2.7683448815399188 -1.8796692514154902 -83.27230030057773
-2.4432542774003996 5.414850583521712 -17.437985017252405
-2.273913751494052 -5.708135307396749 40.09802956002074
4.8590756699905375 0.2816126940009745 2.7875669480038896
-1.2132865003851774 3.2579488026134453 80.70232263744349
5.918029306149965 3.174312242790919 3.7431422395490275
-2.7932089166277763 0.6279065025282331 -62.52126703298323
-2.0649883143901913 -6.44274154747196 17.027036478673452
-6.028217064413042 -1.8731730348987632 38.405776855512464
6.598173497551411 -1.4269384368971292 40.32124695116049
-2.662489089362315 4.873718779054174 20.63599471810089
-4.338719706677808 -5.285062341834219 -94.44148337719959
-0.166420860700765 -2.155096320160238 -65.8447928684375
2.8771094581289294 -5.679725364489575 54.52064877124946
2.84031851707425 2.4051074322705017 -3.416693228096279
0.685584209381163 3.066375791917852 8.955711401065841
1.5443061426893236 3.0740783517178465 72.74432781621982
0.7109727101200486 6.311374695451001 93.50641357158385
1.2771467402433039 -6.190414835040229 -51.825024117952495
6.064866449762248 3.1596437845685728 92.82776914934188
4.760727066087494 -4.787272763405166 -62.02504619358217
-5.115972959332659 -4.205512217313739 43.221402250213664
-4.236274976593137 5.176718899262839 -37.265754447472936
-2.50682859439268 4.250025334248894 -84.14282764978174
3.5357443723488027 -1.5935936041621241 13.487116336498055
-4.258172802510179 -1.7247760212232854 0.7573407757713422
-5.910517608590538 2.893967875536248 92.07192757909844
6.641052586689003 0.07230731566389503 -74.92021334989472
-5.938562760557457 2.9703979167334342 -76.96171982042874
-1.8637194747767576 6.511988503197301 50.21172497633135
-5.381209831456835 3.815780690692352 31.17219186047218
6.005197876132112 -2.9964795219534754 52.75224097771238
6.126009088629917 -0.5447608549903136 7.301291903037127
-6.822119025684783 -0.036882421281378946 -26.614182053128957
4.816541816833771 4.219143220478275 12.377530722021413
-5.571591331811043 -0.15811794914037663 24.01140488511742
4.879248507444184 -3.720635868821624 87.01809130423935
-4.188262728551977 -3.6696178772305847 46.73134217630969
3.313786780314657 1.2515183149983597 28.087867342428762
-2.231045505547874 -6.025772068377162 -66.07230302872755
-5.395817578931746 4.944634152375019 48.43648881952854
1.0085053247452507 6.740982392941027 -31.995552268964637
-0.8794103865219804 -6.4851747343659785 73.66823456526824
-6.107092934464128 1.152939959067418 -51.77276773387142
6.070875864693521 -2.737251298587805 -35.611929592337674
-4.670500274883694 4.7122194145136485 57.0218371507813
-0.7562002985858233 6.6111381642477705 -79.32483715493798
-5.109137340248924 -3.3813891756981507 -77.37296131845301
5.2091248464268025 4.306693678460527 -64.70221712381945
-5.016449987687693 -3.4836287889975326 50.52525640967874
4.693118461503645 4.818920755915172 18.505501731716265
-6.023793181030784 -0.8842508861214172 -61.72671038835107
-0.10609618055868505 2.991073524331043 -60.756834669473655
-3.6417370800135567 5.449475517148457 -94.41672279192929
3.6369409751830823 4.8792365958396795 91.0373378579207
-4.704034558414322 1.4314905246841643 13.936387380930707
2.5532717811133057 6.147077296662276 39.0176231172327
-3.7760572098713086 5.597940217629304 -3.2184636788164824
0.9475801452026315 6.432561572581315 -98.85418182822856
6.057941780746518 3.1989029686615527 -3.7148469552313506
2.155861763671181 0.6459318096150224 -62.52077037379372
1.0662415206896392 -6.443284232760135 3.2263778244416517
4.259503227554941 0.6954186526394384 11.869344300638653
-4.817653475380327 3.725841157490227 23.42858541490463
-5.344739150947292 -3.8830178074056794 -57.852851341259054
-6.382892124012679 -0.8397524964608856 82.9025315338708
-4.720142956635786 4.553956573836429 39.372691009273844
1.4800266194620286 6.296008088107578 42.423337379113214
6.423356176211929 -0.009495629545857587 63.53837196868008
0.2912140941276113 6.672217200833598 1.5646719737990997
-6.297368466842551 -0.8485127141407646 34.75853788221062
-2.9539461524680157 -1.7592141688373064 27.02245849454265
-0.7685862234407772 0.34700865671359954 49.596251176578555
-2.872428917313789 -4.716715198506263 79.61877286289612
1.9226983169882386 -2.2341896148630984 -25.44093889463911
0.6159514103990033 2.570927755542377 -51.79993127611111
2.855430188428885 -4.8135295774885245 -11.380894732134017
-4.487066336286046 -4.888289756161376 -63.70780373680655
-1.65279643590247 -5.8101540795994895 -94.7272526788937
0.613386902730894 -6.872568089659354 -96.33354197008134
-2.1564935280496633 -2.9214817903654056 39.00441722283509
-1.6377252066046024 0.6572469717293579 -19.369494091006857
-4.424699624505684 -4.713912313917076 -7.290986828671464
-5.960358984245391 3.1291500855782335 -28.356288281875514
5.920284830992085 -2.9533936291963285 58.56918587579144
-0.24662242018397273 5.884339700706634 -39.798139285587
-6.508317832029645 -0.23586765865677392 60.14088364822522
4.475275201977739 -4.436338240951092 -81.04860275809374
-4.751897066458667 4.05481941171865 82.33174852166376
-0.6311760779282773 6.584374360159474 82.35994135846845
-3.171311708773976 2.854270074623081 89.97099452230479
-5.940188897228729 -3.5203739431065255 69.97464970190715
-6.750000592490147 -1.3233042214189232 -33.12665625054051
3.8079066186595463 4.629749084900447 -60.7739232313342
2.6565671902728742 6.078490701553663 60.6681904279153
2.4766762746960658 6.076921606062499 -26.181033947324504
-2.6649706664980846 -6.317588636755784 55.092909750567614
1.243858832723573 -6.582795952862069 -67.24220359609956
4.59881714094168 4.213554504082527 42.87334773087996
-6.4446584108134966 -0.8644434455858327 -70.58151991559811
1.8027319608185548 5.792045852356393 35.44851588650389
-6.4031218142333115 -1.3548608856523907 67.63794692064116
3.992318375712634 5.573782180989046 75.47555394658264
1.3836177135616101 6.160726598347926 46.07017627016143
-6.002398084843725 -0.09512493509157838 -87.77649767314921
-0.31083839495091525 6.334880200065089 -75.17002096126035
0.20960681421116323 -3.9664796753954854 -82.66348729938375
1.412286527402216 -4.323260118576619 -91.08708481113896
-6.49103897930491 1.9666045266738217 18.63208514034159
2.4227217790114115 -1.7015496516462914 59.096588079151985
2.606762196202868 6.112624217211218 6.481470440266108
-6.4102456458044355 -1.695500112785118 -85.03223035058498
-4.408185496293429 4.590966253891625 -80.68065865717378
-1.7531394540711305 -2.734509420109848 66.54623832791971
1.2854283868852288 2.3616897199182216 55.13989840969619
6.609872739113585 0.598018298559649 16.193430436457263
-1.9244099103313637 -6.380695657556195 68.02537973255683
2.4667950231597984 1.8832015401411148 -59.893534318351
-1.9575285625566246 -1.7943488112743735 51.509240363985654
-5.461497910498763 -2.358209917547504 -2.6556130874903823
-6.48595814657099 2.3310380136108515 45.39706538087813
-1.8509254597131208 3.1408848692417966 24.371181476995822
-0.06259723322582805 0.16502193980258556 -94.43193166674958
-5.306831477326107 -3.9033087344836437 -80.66329300206333
-2.2609649425574956 -6.454241693566845 86.8469806277648
6.144725323591954 2.497837680854666 95.79493816935984
3.754650221884574 5.528249193814348 9.694163722669673
2.1679920007088147 6.2175837944984185 81.0498936683728
5.399153150809584 0.9552892436979632 56.585393551615894
6.840401281661275 -1.2646547683944884 88.77250809210608
3.98523242222055 -5.427385176370123 5.0382726066892065
-0.3360106797014819 -5.165852579986175 49.95032155677744
0.04773520034048247 -3.975749374610566 -28.70776135065384
1.002701584443252 5.744557694481809 -43.63663023459626
-5.105014724496052 -4.644073168343169 -19.031047025525634
3.9023752843124404 4.3254060337162565 95.85108033365401
0.8131156871310004 -6.821842724550593 -39.49399266794292
-2.5129988466345488 2.516316964491592 9.71710465312046
-2.9619393222372534 5.981745267234192 -41.71362002598652
0.7098960961217576 6.600572930573908 66.89480928089263
-2.9220262458151107 -5.018873195052658 62.21102344689168
-5.375840758085875 -0.22768495075950657 -65.88976243148085
4.265740673634655 0.7588620976328282 93.86235564968109
-6.8619742180051775 -0.7368147435360259 -29.90435996177991
-6.52285627813272 -1.4297553595684493 -81.48302020456885
-0.7431327246475796 -6.601664868794186 58.41568299787907
-2.2536154320352413 -6.535014466788658 -91.75682623324694
-4.699746905578316 3.4373535250112925 35.933778135927405
-2.718993925940203 -3.7337890124434576 53.37827437263982
3.78789468623401 -0.4146330326725085 67.77346256222087
2.7662472861041407 -3.2544001713801514 -72.42621656024146
-1.1213503575897785 -1.4983015521814123 86.03757488255506
5.442177988180536 3.86039076246153 -17.05240116067209
-0.11182659263703087 -6.597136427119144 -63.461680760298904
-1.3592552834149791 1.0588281208197396 -29.034249693838845
-2.6408932271782755 6.161056773000842 -9.972742419134393
-3.842579694054539 4.5112290833575255 -22.193354144131256
6.050105941445057 3.5332637482920455 89.29759536366393
2.2155820041742507 -6.229730132506377 12.704202647609254
-5.947566116915089 -3.201839341416592 -43.43706399588322
2.5760549335267946 6.01779730380702 -78.74233004210988
5.369128147650952 -3.576056999470641 2.1255375878607357
2.353362682078427 -3.95145441213874 85.40349862693023
-6.5405924129688655 -0.29667929127268633 63.6453737042482
0.2991761832557296 -6.79281476330351 88.74330466035238
5.808827631686344 -2.8303221141079153 -19.427887182875242
-2.0228107170426184 -6.140554119287286 -49.01656152803251
-4.15062840918318 -5.140797139687912 -84.10012139430026
2.07010331775751 2.4225293909008974 65.0131176634581
3.7317447827520627 0.941521145662183 -99.7106822505895
-6.118205054000194 -2.702881615326657 -6.092075772039956
0.5524850206453353 -1.1057997106252841 -88.58486316708066
-3.9619506882338715 -3.4221712937646287 -73.68561636863589
-5.530045550340376 -3.374047199470469 63.34917585676328
6.843968056455239 -0.8686627277178132 -23.64258884790358
-6.237651001684982 -1.1978661248561961 96.58584387832565
0.8487260283539401 -6.6198359869140315 -70.71719462774655
-5.626845069582701 -3.097832554266616 80.86686756844558
-2.3855450600203603 5.664050902254068 3.5717720516082276
5.4665091557029974 -3.3228424716837717 -95.26102613876141
-2.9413987837761066 4.44945310328338 54.26785993053453
2.302468926452016 -1.8533747943977208 6.921732102936695
-2.9206354282007285 1.8886545171126596 67.6063742910127
-2.2252984520099743 0.5901221507203067 88.01949650814613
2.8847136809974954 -3.836848010213214 95.59845400173438
5.907544971872957 -2.7834840386529622 -44.554149469131495
6.082845213173584 -2.930285407616463 73.97513424895551
4.857321156653369 4.336931575264962 99.69773955182247
3.3647341645354216 -2.609815865141043 54.80389192438707
-6.910653036847627 0.46323800828768424 -13.636821785687362
-4.93081340915446 3.2945635529125346 -35.20750837740755
2.34446161527441 -2.293061154281618 -37.48450910902471
-4.267319875091278 4.448997678963124 94.96293624090615
6.420826510614519 -1.9316338235579107 91.93145552499789
-3.3954077492905452 -5.002062107633446 -4.528424577044845
4.96907932201584 -4.23177874924921 31.757931625570333
-1.5268966095878205 2.8595823223906045 6.210409498235967
2.516624354832683 -1.3387314187219865 20.205154650244754
-4.923920491258201 -0.6738295366047539 71.33194124690826
4.8556266589327235 -0.45407415893868663 97.04866220266594
-4.097889554250388 -4.136553418350543 10.86213539346378
6.4263930326207745 0.7694262597287398 75.54149392435555
6.142169066402494 2.6512665354655365 -42.77166420362836
-1.051477447140985 -1.3665322712245618 -26.933672278457962
0.15802435635754836 6.606664519540051 16.169184788257528
-5.469945092828789 -3.379722363663405 -29.48767439728715
2.4417411526268595 -6.048121558164933 -84.18161647921247
-1.4179600283700136 -2.30968593522454 -86.29585739946495
-0.6535581166745752 6.76143884144264 7.065422941755532
1.4498970745374025 -0.05620171645013278 70.37966304875324
4.781271960354575 -2.100473303024822 36.62791461539194
-6.490369657723681 0.2666066809007129 76.70334278139968
-3.572260189631532 -5.835446950947789 65.37638481509211
3.1540618499701143 -5.7920305451003 -93.716621904317
4.992989538600474 -3.8606042032654955 -41.651388851041894
-1.2664428907906453 -1.0661565377069646 -13.181892706060308
1.7326089812540477 5.513112055277818 -9.152353811172965
-0.7717597188150356 -6.559219572426658 -10.272803876339498
0.9936802470276321 -0.7113168578810489 78.9506290216419
3.1223122648013732 -6.088701363779866 -16.686438618347825
1.9478066634792586 6.115143001998251 -57.89565096033456
2.876159391686744 -5.5440103677548604 29.44889720034904
0.848318474257744 -0.04977783130089744 -82.40054614193892
-6.2445915841821655 -2.421041365904487 74.57916104466182
0.4725561044358333 -6.818269987358187 96.86178427748388
3.6891019046452764 -0.0857189100512104 -57.746049070037756
-3.3435222935291673 5.123512978654201 -75.5887388721924
1.6541592486377181 3.51953449329331 -27.844933175395127
4.671463191944986 3.343101590524831 73.51270057072232
4.223783536059256 -4.77292980783702 -89.22952806386486
-2.010479457343657 -3.89627099591526 -58.278695901859614
5.190311500184747 -3.0486738310373354 65.71147476073102
3.997745612043471 -4.739626333770957 -55.980040633225656
-1.7896586691801601 -3.2766237303057744 70.91121412275649
-4.065768750326288 -5.36684816063219 -60.53507076322053
-4.9931599499776 -4.652828885129431 40.346579868239516
-1.4650048589967357 -6.121037570620954 -54.771353459308
-4.925208572723607 4.621443082130152 -47.84292527229681
-1.3670373989553644 -6.175205123404081 33.75096631447113
3.4839687638241745 -4.430344118682062 49.20100772783649
-0.8510523774562992 1.6335714760144728 20.081324262995892
6.332108096932032 -1.7249271630055503 -90.36538864091447
3.6442408695837765 4.873925839350562 -2.2413258784830274
2.7829516976330697 -6.040114949696088 81.30964413800552
1.347486432923249 -6.7068119473984025 66.63956602925771
6.819586557226459 -0.016986579795777064 -67.42262665725762
2.9500092822000132 -2.3831421636496914 45.87229734986232
0.2731035153202465 -6.532791519293047 5.925018663755834
6.034603652436705 -2.282213903009374 10.673133740431512
6.396852587462396 -0.2732943891144574 -0.271455193728239
0.5816361113803828 6.673159011380174 -62.44282986186048
-5.803514080698371 2.5519546241996762 10.001138524814166
-2.8199166049538666 6.088218902071284 75.59447344536022
-0.9501388194184996 6.55950112553845 69.52928566847659
2.5211058242068316 -5.690288666888993 -99.77126674573663
5.3270881525086 2.5799032070184666 -28.43521192911799
3.383565324768015 -2.6556044304547926 -50.97998934255669
2.917042300789075 1.1537218609219542 -23.862941889728024
-2.183667987558357 -0.32814850850729693 -34.45093775204618
2.531279097784977 -6.113821611120178 -20.462719424029356
-5.3094098184888034 -3.795476045824022 17.95516606812874
2.9546417114821066 -6.182309790636489 0.5810439548427242
0.5472643691508451 6.768318460475044 72.98063586204958
2.9326740972921463 -1.5705162185880341 -96.08501946256912
-1.9860597492647114 -3.3330928288535016 88.97232384025111
-0.20261164653930236 -3.4313066903393863 -50.07280777420987
-0.4047498162134465 0.04376383172774863 -58.47722911472196
5.247269090035834 2.5264223883890766 83.30670719806973
-4.3956359408776775 3.8483213738897892 50.77883714860397
-3.4081984872826334 0.13199194125488334 99.29176197362517
-3.4181804573051666 5.799032863160322 -66.92103489730289
4.876046489236751 -3.5116338655133497 -1.6462191278387712
-0.5362381093696132 4.0724040493057645 48.714979199263546
1.2571947088316386 1.5920302581256558 -19.50170785695647
4.8424313712266445 -4.824428457853763 8.12116413950605
2.9608941679888834 -1.1663552639978843 -93.19005050334655
-6.010084177383793 1.0342722707239398 -58.58024181160525
6.168882444000895 0.9323574205862908 90.19102152214825
4.9073255139836744 4.28110714401519 -24.74555707009801
-6.775035318970615 0.34343330470741074 50.97745118574472
6.44091783961528 -1.9867361375564636 49.29455848468867
-6.530150144499704 0.9475819291922878 30.371560582171778
3.9158445988648793 -5.253192765149073 -69.49296056646924
0.7225779843853697 6.460556055945588 -69.73495934106457
1.3032677763070142 -3.410894025410582 -8.44815481000421
-0.7231202496308703 6.344913669620196 -94.99248659658375
2.084363795549038 1.7244313012875752 -68.59135364832368
-6.751779945019618 0.8585361440908876 -35.26886198771346
4.8433661451854295 -4.174408491661181 61.13868553869683
-0.2537215318709884 3.2607229744952337 -35.54015886136888
-5.5075512147675125 2.127256523422015 62.30200994591799
-0.9747330749714653 -6.255276331468923 -17.390010564870874
-5.759283971209813 -1.132903281508388 10.271031495049595
-1.470803277998495 -1.569349871143272 -40.70286529720199
-3.307002833380566 -4.104463820640021 14.495631720736128
-4.602640879530512 4.292699626290385 18.16508220677399
2.6670534383947153 3.609086058454262 3.435704049606772
-5.981511158056013 -3.0790760380100846 -90.35175952732196
6.673758005040729 -1.2791782655642538 -79.85352932336086
6.655832261396228 1.157725631590093 22.737673000475475
-0.5227181398220504 -6.00091360781492 99.49666307004269
-6.276642558956006 -1.829663321740233 99.44195427427735
-2.438297784789391 -2.6592760675531553 -8.301299015229052
-0.9768700470780965 6.610323078984342 -12.814886231929217
-6.144191728634743 1.4385894036959537 -98.97757142307185
4.5329869082411465 4.19993347241284 80.50958532475369
-6.010316684985709 2.7153824701432168 -39.60986987137799
0.11906812053799937 0.24552290741253935 -37.24773014601636
-6.020841623923634 2.1185041200527257 -85.28070268029066
-4.243946485740587 5.3730149005633745 9.606561168150547
6.529002607716299 0.9077265082374034 27.996409291978356
-4.642446670204832 1.2506912198586457 0.20621707728565358
-3.75109058818372 4.837045025452434 87.43560487521816
-1.3816922900522592 6.190853306059859 11.33868344197187
-2.5880157912984942 -5.776351782405601 27.248307318751205
2.045830344592831 -5.661216095651347 -3.6675566948879874
-3.742280002391537 -4.653544189364897 30.547133854012085
0.27903140883994165 -5.107607415179588 -32.24905515794063
-4.028736875471959 -1.6424923088974048 -56.86023666797617
-5.891334671055573 -2.350476652435514 -47.092533867063516
3.2401217664050512 1.9277342423387225 -36.70245767624385
-1.9149169454897208 -6.140852541268074 46.75784440445261
5.71224545935793 -3.248519436289595 44.18509457864018
-2.33655658791139 -1.8404529380091512 -51.07982887730853
-6.454996659901847 -0.031742761098867346 27.57699631545444
0.46367734880776457 -0.8082390807666588 54.579830392212834
-1.951147642138953 -6.470076691368201 3.8303332569369175
-1.8160845500483511 -6.342038186130841 -20.63043956773305
3.4864608228127465 5.480148974274529 84.0916460484016
-0.54973513833169 7.038162735146666 60.93010032687248
-5.99171896236525 2.810425694645117 78.65606659098194
-5.5045593820589716 2.286196794892912 85.82754996006364
-3.448072491291528 4.689491201233539 79.6198273692906
-0.971910275206593 -6.765437255294536 -60.89485098297919
6.779233611218945 -0.6685453942962957 -37.71426143792043
-1.1128977487167504 6.759654187497486 -50.73748138298147
-5.877645495364955 -0.9007230284342694 90.00378403861656
0.7734273439846496 -4.2055420516079876 77.83836782804958
-3.7513827046038535 -5.177137994451208 91.57614720107547
-5.03380246793563 4.714925941907008 -32.01885275676039
-1.7613933990246786 -6.583930155323553 8.39050203381041
2.638651435461156 -1.9157589012874148 2.406154915359937
1.533203863013164 6.193141607258763 88.00754098469858
2.353722396168009 5.626717741879078 -89.04275536020948
-4.793481725233631 -4.064137692316623 -68.50980469683262
0.8760885597505244 -0.2621502527825338 -85.48846971823252
-1.5898825245419885 -6.551035728948678 83.52468919104015
-1.2313730791906579 -6.636659373008825 93.2110816666766
-4.13629043732242 1.7404652194726442 -82.26449325876244
6.451479666799984 -2.0179060148978327 -29.247070046784604
2.7286087979649865 2.7685396517266967 -46.67280086682995
-6.213669157996352 -0.2792389208433003 -95.21557817433253
2.6336230202463184 -6.33920854162571 -64.73990342936615
-4.368488204842474 -5.1295736086942085 -35.68366080324683
4.758534634257201 3.008182816659216 -31.626411937325663
-4.306486482343524 1.4571528210982547 56.979835740488156
-6.288180185709544 2.5548007797671284 -2.3900287566833005
6.3713767075938055 1.2073606739089615 -18.784786416222154
-0.29811704056946453 6.577851222779236 -25.541980552441803
-3.924191522524847 -3.8884590336429716 -97.5774050405999
1.319692080094442 -0.06412175511499177 -2.6170664866525533
1.9827658008982207 0.7099803332451107 41.29638945486984
-0.9713223472423889 5.450160447513995 -47.74195943304457
-5.688694206464328 2.255173140116131 70.50299753114007
-3.2532212591114624 -5.8427783800672195 48.903417725303086
-2.150539756175798 5.640138631783451 58.51097658651573
4.812993436378333 2.873178936314785 -85.75720857806922
-2.7175372148852586 0.5210817814421032 -92.21354782698144
-5.399967076468098 3.34148629677149 -89.80867281560158
-1.1810105762241587 6.481571770803053 -57.11349975034979
4.761251664613532 4.302021207746622 22.39053130799014
5.519137804535931 3.2612712896368237 -94.53264064410482
-0.1269285172017247 0.12465195679057262 92.69823024583398
-4.79995196823624 0.3261094942693375 -74.02592567585823
6.8593765108752125 -0.9566509844952833 4.098243694373768
1.795359674302143 -6.464072856627175 45.05303316963494
4.206335246913015 4.721772853221789 -49.252688395939984
-4.298556456088362 -5.546726545939059 76.02456002773116
0.2726770598512216 -3.191061157766946 4.802348236934534
4.6402700844842215 -4.643653673237213 -33.72017280984971
4.107818834088587 4.898158630205613 -38.28996773407604
4.068849283522615 2.6218457634902466 -21.41653591684959
6.415956454695082 -0.5605563138875553 -55.66552574932458
-5.695204699779213 -0.9908738766262887 19.15286484722429
-1.8081261863678249 5.632500203202 33.3991996546986
2.8772033105620856 -0.13245746580593765 24.385362519652833
3.5711077890871 -0.14649265885482893 5.38009878686403
-3.646677298765444 5.730447192165146 -60.769665491506416
4.503384230123974 -4.349546621992088 69.00655310632841
-6.234728775774416 0.5792601769018948 -5.578077929458178
2.3194534792618735 -5.461747678395225 -49.02714417743633
-6.857769508268188 0.4226131880688831 15.503450024432222
-2.8532097075297225 -5.689620740785545 -43.890854276012675
-0.6320853812022269 2.8887461613061265 41.51620384273945
0.2819182326795696 -6.560903305310144 52.96810000732101
-4.462442526601945 -3.9572781185321793 24.26634943405898
5.211281033279084 4.53517694016406 67.8110859687596
-0.7010931160795979 -5.218418196097327 -86.49747514325884
-1.0205982928906574 -2.1509725363511887 7.521639326361763
0.7570741685050307 -3.6941383713784774 40.57653402207689
1.8801557121242183 -6.817547140806213 49.16128392101802
-6.004190694409849 -2.233144997850083 -50.857086324052965
5.530428692140993 3.5463117108098974 15.252228243927993
-6.717715524898536 -1.4844882540941138 42.343388728313265
