-4.226417080960403 1.4553235582370416 -31.779277040536073
1.795215166694553 4.363596244454703 -86.77900549598465
-4.372812213021645 -4.713869460030503 97.58104999350202
0.4069993272917427 6.616324532814345 -4.592125022820351
5.338250765505262 -4.372885336425005 24.56943470462829
5.880635189452259 0.7874818166422233 51.77271834858563
3.9995300297256215 -6.46965312724646 51.075230101887286
1.0176912351500311 -3.744126921661982 -94.71999030024244
6.563133623269877 0.7654390898005077 45.646915317480065
4.230765620655785 4.778361827594711 87.91752510046743
-4.66709725060282 4.546675413805978 -11.209499421750737
-1.8764920809654075 3.2568496417080413 -40.848744755053715
3.4426324625932345 -3.756831737800859 -28.935353362197446
2.2891985679357347 -1.50095865675447 83.62027292052743
3.212817174678145 5.380278803791987 70.09169039083606
-2.76259686347786 5.063673240326496 92.462794228208
5.498016401045828 2.3349719531860123 40.77392620339265
-5.102783667269499 3.958207840134943 14.484374233049454
-3.082280242771482 -6.545900732326257 70.98215510856357
6.326484700291766 -1.8116489764613897 -70.53337614798865
-4.365959332616272 4.4051369416561155 73.60476299774294
-6.233461795612303 2.5816481348357563 -94.18578325325156
5.645176127541044 -1.7017673636431447 77.47709659834314
7.059984589966617 -0.19015196251181127 -99.0047550560657
0.7225302615962526 -4.86192486951191 21.478017663602394
0.15888581362172816 1.321946200349474 -73.452266811056
-1.2140889973495814 6.695576940360401 79.487207123786
-3.372127018607371 -0.5737872338561991 3.0628999465136397
4.7559228235666415 3.039819537233761 7.168431917755192
4.450465546587461 4.944862537127041 1.3459662726102002
-0.00956892421513772 3.8650815019862987 -53.64383047440805
-2.323883365920765 -0.668061232523343 -96.99442421150012
-3.031244936346475 5.973749944779107 -91.08448416090182
1.4406256225192273 1.0289741020203707 -88.9830467062909
1.3793336302331716 3.227025874778208 32.197146000906024
-3.1564618628873915 4.9271073185195 45.05067523899408
4.665800434655359 4.9239174110165305 -54.655370331659874
-1.0613250059920114 1.4905441421462615 -32.299806195301784
-5.9438140665131 -1.9676603462379887 -24.171449688409144
4.145362216433266 -5.003592951433433 -26.195678996655246
0.40654275392813966 6.5482560914694785 -35.437389747628
-4.234109354454599 4.952522651737582 -52.34205026426995
-3.671840792941705 -0.30484021026934877 39.11651546633231
-5.183408252042354 -3.985794591417149 -32.5854382526192
3.188667560508812 -2.4388032479864514 75.21116055955802
-5.872713872754504 -3.613712972129284 29.6076023074214
6.142348908533214 2.464952200635287 -53.079162700181996
-6.373321143299994 1.1554248963312659 -55.29710725550952
5.4933734628505215 1.9339421203194291 -61.57141332070716
-3.3851799587335933 1.8176858347318154 27.529049136096567
5.399684690298432 -4.0248449214824875 -74.86214137960066
-3.1522266589202244 5.694285662501144 -45.70548431883886
-6.1746768689000415 -2.343678124634484 -15.974058001884694
-3.1664730864342365 5.6276293724785935 -69.91683133415319
-1.400052518724453 5.683288994955529 86.10849016269434
-6.025928467087809 2.769178119494283 65.48631128335622
1.8961118328413327 2.648129067330402 -40.428504847795026
-3.4484609855502724 -5.699991770287212 -87.52091168766228
2.3229184000896286 -3.400627927971016 64.86061387919925
2.1322902800111603 6.383397981859897 77.67235370206119
6.301237155526195 -0.35533655484873483 -96.35285592051342
1.260166140969903 -5.84204096023048 -39.51127360865698
0.8180632882885476 -3.5081170964009716 -20.264851641718113
6.554999908682948 1.1802515812891583 -31.910806499443456
-1.1008141191686567 3.6381352370198075 -7.562843303865019
5.91201537812625 -2.4733437447084152 -58.823292704789786
-0.01892665247344684 6.129636022460223 -65.32000750049897
2.87482208347652 3.1847518837876048 -93.38475821442532
2.2354706294864592 5.990691011858388 -83.98776536676839
-5.536381519488901 -3.7032236665772804 5.945379304292677
-3.41844800274789 -3.9300689528184813 56.10996930434403
2.1206994662202763 -6.087183244308542 -36.36398084270597
-0.1596707205759153 2.6058319959691922 19.612969101492055
-2.5621812126702337 -5.980216240052605 -33.174574207973414
-6.514359944768571 2.2640175664103945 41.66981094996415
0.41805167283139444 -2.568392930156815 -61.541382468993255
-6.078234995084408 2.6810050699018237 53.89939890184023
-1.7330195556190662 6.073306129737051 23.781085851205958
-1.843397730394901 -3.839883285711813 -2.2519271172307906
4.6103214389464835 -0.0314372746161691 42.71292840402335
1.8151298411113526 -5.137945276305017 8.859636976675324
4.570484767066262 -4.912586606434346 -14.724321571620779
0.5003705275084854 5.035662882130868 90.99584514659564
-3.0885591959956384 5.4143851949987685 62.317672588673446
-6.64748002073872 -0.008789461542332117 -77.36510726506366
6.072107551684526 2.5380391760606846 78.1468547677093
5.279926138477053 3.549958672839924 46.44689840268786
0.5138080102375002 -6.617671470767841 16.820299604415347
3.4372060205525097 -5.830260919988107 -97.21676948056509
6.436770942143135 0.5439942487813028 66.95845086322065
3.3113206441170155 -5.1878517022730755 57.91296680360884
-0.5702006545413343 4.5374670715005445 -79.99636860504975
-6.60331530255232 -2.4341876180998625 14.866762516772704
5.276128302109601 -4.003327750637447 -67.12932801099684
-4.107319262204471 1.4143388117999895 52.14646730673918
-2.73502129251189 -3.577320599941868 -22.595870638691984
-2.9117218739479016 -1.7052099010967625 -83.51299460017148
-0.9832394793758339 6.715573192588233 -17.257335043219676
-0.37065091174987946 -6.533030587004406 39.35583543477267
5.507366176203552 2.1235431109449525 2.214730153216256
-2.6860679127738902 1.573561345676396 83.84472048704752
6.68436884131194 4.144403826684951 3.71605458524225
-1.9854063088489466 1.6884502365767693 -62.768300918589894
-2.5070591840665015 -5.253199088320569 18.32376665272017
-6.1238674150130326 -2.6440854325797765 37.88219973434522
6.598173497551411 -1.4269384368971292 40.32124695116049
-0.3776346866216985 6.7892355986896815 19.250066822233205
-4.628091681820098 -5.515739932314553 -95.30556593201668
-0.24959272196408144 -2.3485915624971367 -66.40340198375819
3.675421840330631 -5.095602276144571 53.90518264816639
1.1832964685442537 2.9975502432181704 -3.8726592695861735
1.7486949023189406 3.1975581395356003 10.070128814154064
-0.31011271163334764 2.891816548248653 73.32631642012088
0.4919116357653829 6.268486913307377 93.69778058028425
1.8061384759085708 -5.843947561758535 -51.68114922554964
6.119548169892881 3.047679846645688 92.93383045843201
4.579529003086127 -4.287000129480611 -62.39463468283131
-4.139225443701556 -4.820571029301864 43.29600218102831
-3.5609404323738922 5.616983023217208 -37.14113279268618
-1.7508183801136057 3.8759941611841913 -83.0877916557465
2.2075216872035672 -2.478611029289844 13.869422072990314
-4.48477609335658 -3.4827906104393356 1.4122851063534754
-5.662174644438167 3.726512575287464 92.25568820625597
5.995434144289097 -0.5484132921727012 -74.48305189708422
-5.871985450115307 3.3761843190532628 -77.15841804054017
-1.6663661717963065 6.672040672569028 50.40299404954538
-4.884506330804134 4.2117748256282175 31.420140261180684
5.941328932444768 -2.743487249202695 52.91706651344423
5.478916324266624 -0.22779190203302918 7.8662758709646265
-6.630675954694189 -0.47686948858195227 -27.03541826192839
4.625347193581733 3.6257143698917895 12.246398761545821
-5.115444839558246 -1.372402181107573 24.374298973045487
2.5363023534904925 -5.823168860128378 86.8124829429257
-3.395533335869756 -1.9789028064502774 45.982668192262594
1.6008398347148198 3.322538839615892 24.437226545215996
-2.0320664144668346 -6.420096057305084 -65.95285497922778
-5.644519049451691 5.974545964914591 48.00589911123193
0.39250541705031244 5.57041631362144 -32.369851931883886
-0.9154733155457211 -6.479767582892132 73.59992842047762
-6.741407171538927 0.69595992552476 -52.130093836613284
5.945174233786922 -2.499734958094349 -33.98741856463699
-4.670500274883694 4.7122194145136485 57.0218371507813
-1.3468191266094345 6.728466888293785 -78.085608433457
-5.574304047964208 -3.973435817058781 -76.7671052053748
4.98633889890309 4.098562723222846 -64.1752555057008
-4.713581253189379 -1.9414800492418824 49.32874884210504
4.619153483541562 4.638346566325185 18.422717306412522
-6.698851756144114 -1.2365971992872262 -60.33446772036836
-1.5618382955443728 2.3606698844183778 -59.82631836948907
-3.68652678747065 5.723528893941601 -94.51586260370074
3.6630934694987145 4.822833954487186 91.01714372650169
-4.5293215778724605 -0.14570010923137805 13.857595003664908
2.338415123725725 6.048222922575297 38.604024491701075
-3.046493992808831 6.070338251149356 -3.2424352011675523
1.1063356543023184 6.4471200142122695 99.45061723563677
4.943887543980851 3.5970953072135745 -5.81300886751067
0.9441737187542915 0.7882096138495467 -62.32657705665844
1.800847966484631 -6.307101204725142 3.656137352884732
4.112083065912018 0.2186720978893198 12.021368978550102
-4.398122613395906 5.163030860043755 24.894000465102685
-4.791332187007191 -4.842967221007925 -57.92306436827009
-6.552609605593351 0.1583045237196576 84.30709531547586
-4.882036844145453 4.292211870057884 38.16402007071267
1.4532828135094504 6.456297146778316 42.7135051949926
5.70715224372886 -1.8689112980323535 61.37478427309864
0.7990891028966156 6.258546373528201 0.9298029234328435
-6.192725461221627 -1.1913365866319812 34.8479918598263
-1.5774608516630577 -1.2598300634924369 28.709691339781
-1.7178488279827164 1.2656576197816054 50.71291047339282
-2.570785932509081 -3.305752117640143 79.0789984495423
3.6274137751600497 -2.182859354574005 -23.99864785702357
-2.2605059022835228 1.509962479328075 -55.84246065984066
3.0815315553350042 -5.051248848299004 -11.210830814051455
-4.246514531177977 -5.1354535734036615 -64.24593745801249
-2.2399268283133447 -6.505119696300422 -94.57154740445954
0.43353116911483564 -7.023110372994399 -95.39479331932
-1.6780816233811058 -4.311101859309088 36.411108592593074
-4.831946632208086 -1.5759904364949542 -20.74038004564836
-2.351555793030604 -5.293054937351955 -5.834051642720912
-5.865866894926198 2.98152827336686 -28.245854139819258
6.289274492369601 -2.586557239971948 58.71479868576995
-0.05566919131386058 5.812731270604685 -39.659783281443886
-6.5536406642644405 -1.6080952615941126 60.74773140424095
3.9565029488962344 -4.642851424851136 -80.09392748725878
-4.324825732445314 4.526475789387347 82.05122817282279
-0.19496392669790896 6.663798100330515 83.36779961040226
-3.404468419942941 2.6891647986677194 90.45251599109676
-5.99764697859804 -3.4289736172855942 69.97259807849571
-6.243403265005928 -1.2362749832561906 -32.78294666605142
2.7034502673253518 4.479046711287325 -61.00056215336273
2.848114305311747 5.94162136923637 61.48375114933674
2.7284898268458253 5.730220093759377 -26.554824087842704
-2.6017895559061013 -6.461160413623107 55.22373379159042
1.1954786340914405 -6.405230703483105 -67.1817927171815
2.6971427755692123 3.5569400729170306 41.644133186763824
-4.284583478340493 2.2568975734552157 -71.07523268450923
0.00811982415153508 4.4848657516405455 37.15744165395629
-5.970533478219466 -1.6009059606951919 66.97687907344572
4.224927882883012 5.239851259512455 75.81987535064313
1.9736237449388108 6.240660825346888 45.94835409143062
-5.037568412295077 -0.40298225660753895 -88.02235192273683
0.5183118543149217 6.581098207755647 -74.82298835003739
-0.3330306302167909 -3.1856157291223095 -83.86766563962733
0.43434134437253263 -4.383441894460174 -91.43423589417023
-6.634506162052914 1.0444216815768235 18.750978733743477
1.3219420082889484 -3.1872832593573954 58.553769804323096
2.3088936426024094 6.1415343659759944 6.0409238067844075
-6.509481220078303 -2.0698898631990295 -85.20853406917165
-4.021703244270771 5.01152499126611 -81.06607389486074
-0.09186814827490188 -3.591148809878412 67.38793929470332
1.2896988472060977 1.3202030621266276 52.67657503230598
6.673023198460346 0.9476061750283913 15.971747176755267
-2.203546627450728 -6.407178451155625 68.55707538644009
2.5532163253501423 1.8091900200360098 -59.8491958156096
-1.9976554361775334 -1.7891455532322844 51.68398049681179
-5.420234504538135 -2.3454222658984945 -2.447207158178454
-6.740046676097081 0.318780908475076 47.041401142279796
-1.3032387465943462 3.1704346725939634 24.167657243308405
-0.6835620892605591 0.6156732491924671 -94.57973950494016
-5.223534928907334 -3.921992325345369 -80.67264910730674
-2.9611151461665397 -6.236751167974412 86.84900210368916
5.954074092523193 2.7018615432603608 96.03327449527691
3.8826873841958656 5.513935387380179 9.845036935816934
1.9097840768683474 6.307443644559569 80.63162914909748
6.586200608579185 1.8816104037550252 55.83534164359105
6.429338951008839 -1.3889648005746706 88.45593081939167
4.80067516141727 -3.002030854486155 5.280508595941149
-0.27163710232424804 -5.615548207968272 49.98615919622342
-0.2614856170622501 -4.044421089548446 -28.028957745057152
-0.08510930448006937 3.7443164301231846 -44.23198585694518
-4.780219361618223 -4.796084439156917 -17.41027715589935
4.4395265577409635 5.152919497326188 94.2284875459927
-1.745265224405349 -6.316249047461465 -39.29195895158561
-2.7083803293378983 2.5286904999419435 9.80475518882751
-2.9430915301027847 6.039486455585566 -42.13744372691437
-0.5487176624080652 6.600973110049627 63.60133579401268
-3.994775013343118 -4.157922837271251 60.90332869477513
-5.690317385316583 -0.4698802055367839 -65.10051787873357
3.0598793923649743 1.896102836715813 93.8892763065064
-6.848689064290074 -0.7442100613552026 -29.90099662040408
-6.219660940099377 -0.6779043397780044 -81.12213040296137
-0.037918921851212484 -5.545033836153594 57.30090364657105
-2.2422735120714252 -6.530479244216695 -91.85976806699969
-5.957395741769817 3.0050198213055643 35.24090281251317
-1.1150143005278081 -4.530438879163332 52.57579416643322
2.814116247897635 -0.35785950938957795 67.41662564745286
2.3576500576024335 -2.1195981586174892 -69.68264850116896
-1.1380299535966736 -1.8237291102783448 85.57762805086283
6.2788890133996755 2.97491934770893 -16.18106984331446
-0.1916255148148835 -6.687358282989913 -63.71833552807709
0.558146527794769 -0.2503376889966279 -29.96971476969639
-1.2986603470614884 6.693682678523569 -9.475544554756272
-1.4866939764661231 2.369017395080279 -20.8562748254275
5.468093180189085 4.033731914863782 89.56991433143035
2.8207117106307296 -5.850745251577756 13.455958610478662
-4.708778851683636 -1.948129717466504 -42.050831484434894
2.150069917959756 6.317736367813667 -78.73499359080415
5.369128147650952 -3.576056999470641 2.1255375878607357
4.79344489625763 -3.7367669137039 83.1201379295671
-6.897170385520837 -0.06728808683950524 64.31593277600598
0.07668634557188472 -5.4582021940362075 88.72652258038048
5.626459760500578 -3.689595109787716 -19.310506170304574
-1.9374737638744308 -6.424528890634463 -50.7364070195703
-5.138061915220606 -4.5708442875861115 -84.23056131804802
0.4788390733827187 2.596321755382003 65.84974934827059
2.8302805610878567 -0.03195410242285357 -99.26747693784161
-5.944907532223761 -3.064670761225228 -5.906705770042589
-0.6909322333228362 1.1072065197995615 -91.33147138335474
-4.774543061846531 -2.979499938722213 -72.47360733384369
-5.8782588346212075 -3.5520627827466797 64.42600541714845
4.629077013284064 -0.7546086723205648 -21.454271625234064
-5.672533855864711 -2.5610687408079422 95.59578108063168
-2.6814853441208797 -6.108827652094685 -70.24103686930675
-6.081023079852632 -2.695301360092485 81.70709140941061
-1.9822784661377735 5.921572369872939 2.7790988102687444
6.137854315626975 -3.014940455364724 -94.83497014041785
-2.618804941123629 6.2528721092411725 53.41941772801886
2.2893309160397206 -1.5749897684153162 6.746564325292217
-2.4457178249815654 2.5237495621753894 67.30087746807219
-2.0945896427211665 1.1271909281047192 87.61594207168937
2.0317781358195957 -4.374179511766538 91.87756583372015
4.003261779260515 -5.162715842044903 -46.0029407071854
5.718627029329082 -3.124714272870633 73.48578463488735
3.4519208697765347 4.167131436565439 -99.73454661215803
3.4745084305577834 -2.1364010270220706 56.25137608625522
-6.443491171499841 0.12563861044014582 -11.524039108540014
-5.17763037647356 2.4804201158885917 -35.68928791329689
3.471917906630308 -3.699391479607776 -37.471867219360014
-3.994484297137007 4.678400238508604 95.35975863714265
5.714674579719025 -3.018804913709052 92.010902288745
-4.233089897212247 -4.926678197621986 -1.251237462068763
4.838059875490597 -3.8989452245368343 31.751238324200557
-0.9602194467941317 1.7559879510642484 7.936027357600125
1.8379420665852817 -0.6850919398816427 20.319769640871627
-4.549498204148272 -1.2695622860631954 70.93208814846136
6.272532021756768 -0.053651937982047516 97.68378102807974
-4.212533722257328 -4.614834256625674 10.330345563773147
5.944570042308001 -0.2720445556415378 74.8455349144473
6.585061832541699 -1.8447177044557466 -40.7926270945339
-2.5049331610730254 -2.3022232524338047 -26.49878540943818
1.5096703085745138 6.34534342370555 16.46387863645027
-5.6242892917792195 -3.5576736865796947 -29.717622797284097
1.9384327381143702 -5.772419439434355 -83.95841272265572
-1.7704876181720457 -2.1887617627439826 -88.38181558478321
0.5899307243727886 7.053912640837555 9.228956108605287
-0.5163036993974431 -0.6672962181559837 68.9617562827659
4.694566986796736 -0.1758474544910959 37.55041203531425
-6.362113529626405 0.39778533815106587 76.94670573489334
-3.8900272819895885 -5.59159913863322 65.54682618746382
2.7056260188504013 -6.115744214127563 -93.52489828921337
5.223956502756565 -4.299065643649251 -39.999099153334804
-2.7603765176234343 2.031176297102746 -12.912823385213645
2.463635548048524 6.076052301560545 -10.672156134179051
0.4998971372650718 -6.503521871025434 -11.128541519756531
-0.6048850291739021 -2.617423916947834 81.33310282673975
1.9600891474722844 -3.540639637743332 -17.322209013407218
1.7445306703538006 6.0542810946721985 -57.970032894394414
1.341429495735109 -6.522847300996191 30.69629976656562
1.5729286620979475 0.37774266942770607 -82.3975588007984
-6.636289624071679 -1.7349839602791413 74.43792293366933
0.48125970773177773 -6.911429674806708 97.11863693299792
3.6955622472513836 -0.19200344511154796 -58.0104997954192
-3.4798400469583646 5.171714178776968 -76.25649520179785
1.960316790404434 3.0035652845226912 -27.765679117388913
4.647322169618554 3.3286042723652836 73.50934420724414
3.008999535884894 -4.255926720183189 -88.81160969983817
-0.04986582942092874 -3.301579421892175 -57.871266441714816
6.209380000074106 -2.6307912139803653 65.40452048657967
3.324816134619689 -5.389704529828339 -54.98369407156894
-3.499017824571126 -4.110428548822179 71.19375336665182
-3.934349342906201 -4.897615108957984 -60.70376003158725
-4.719482044976305 -4.788949322314089 40.12039013598848
-1.440224696708841 -6.558255445141815 -54.56509130687658
-4.423840586753077 4.885447531837886 -48.62299261096373
-0.09933945384817033 -4.965363798480082 32.56219248192636
3.118771901096942 -3.77801461170512 47.82714084733379
-2.6658556964038715 0.7502091062699847 19.810059824117655
5.5724693207987 -1.6101515133980973 -90.2232655640087
3.0963069766439557 4.919984277926269 -1.7928516767899623
2.0500207810672633 -6.169183398290645 80.02405653855209
1.2042996064248437 -6.72598951406773 66.51477027393115
6.137080051644938 1.4737206608294566 -65.47819144203959
2.263308351155596 -4.2534724956979995 45.000680117856284
0.20084061941740947 -6.610040665387782 5.861606480813053
6.082325048007466 -2.954028173791185 10.844065989052782
6.566874103063531 -1.2596463465105499 0.7431588084714212
0.7608851971781099 6.634358344065711 -62.54528059453141
-5.842550018697887 3.059327829711023 10.213815105146463
-2.7580258158023234 5.629224072841613 76.13033364329186
-1.5668415799397848 5.637671230929605 68.017419121819
3.0476111648301734 -6.035438199049509 98.97993083021571
5.738999861548038 2.625238023714861 -28.53828184047293
2.4921937475164735 1.150118707153177 -48.56698503650946
3.251876880146276 1.8940149848122714 -24.388645596055394
-3.3538644574073846 -1.5115210224043338 -34.77223928357319
2.2384052775277077 -5.747957284875738 -20.889787208682698
-5.371234476601811 -3.986840536108959 17.506388495312198
-0.7797826860070614 -6.43036880554135 0.7656100580470152
0.5390609162518587 6.496761635731524 73.18653546702005
2.4710532785709733 -1.063030706836185 -95.8480363160125
-2.5742565704346116 -3.0777449439445523 88.07410692046652
-0.8278399341462503 -3.5311543462979764 -48.99885119837623
0.02164351273539057 -0.19538186976556354 -58.39422014815762
4.736017170150647 2.9272707310560446 83.1680539001713
-4.866220048008402 4.3160568757608555 50.22823991356771
-3.014844978858279 1.1773765236258449 98.69777918556878
-3.5167449213549387 5.656078548196599 -66.92619993627007
3.649970274536591 -4.254154933366385 -2.1861272045616884
-2.243412820015259 2.7087643437582334 47.9218227716549
-0.8388752400901686 3.541096179489155 -17.093208715506336
4.866987954916997 -4.455628830132677 8.031034207340443
3.4896446521329127 0.3071644437005939 -93.59780020262943
-6.539547538551435 1.2726336986801905 -58.88275395305582
6.520646084950964 1.1781043471983996 90.40190420525137
5.287104775907055 4.11033233521436 -25.375970143991157
-6.8665025880300625 -0.05543121098868467 49.67910281538885
6.263763591008296 -1.356987554659936 49.63648039050856
-6.2450418516770965 1.2230346598818154 30.735486920172615
3.2614411072769114 -5.665103235017048 -69.99575374940368
-0.35699939680550896 6.624623696593469 -69.54547449114436
2.6226975466905595 -2.9827513023990893 -7.919241756228313
-0.9926648756221305 5.2889686081951774 -96.46267745750403
-0.5980308275544441 2.190335180935076 -68.4624694044081
-6.384522241643998 -0.18536100384227414 -35.42884318256499
4.1916773060187875 -5.2673600773276705 61.15736787233863
-1.8316066762899659 3.7395856994166206 -35.33787619509774
-4.0817603364006 2.4595706209326784 62.02279953608863
-0.46646746478683 -6.711174543398009 -16.959987446377866
-5.070675185522644 -0.5549698118905784 11.095096210657951
-0.066785885112563 0.08939757906973989 -42.93332900445906
-2.7915289758878323 -5.793742106137361 14.613725057909203
-4.7352650031454155 4.064321992233665 18.5784947216717
3.023460665391004 4.653426704316585 3.637638149874221
-5.636977182316606 -3.795848931281873 -89.756736291516
6.488332731244631 -0.428631380126316 -78.51442032633551
5.816572637688661 0.798839502542589 24.631323738815432
-1.5690328813270877 -6.14127029065537 99.96840167730613
-6.6042976939507705 -1.6439133639172603 -99.93724552755745
-3.0893807702405973 1.3636124970032983 -9.34122979629329
-1.2107555109894634 6.084934080773213 -13.920847869108693
-6.509167947482919 2.036874185774361 99.36404653319025
4.531485201815495 4.183890686932792 80.51113647051444
-5.098228188712777 4.222003251198577 -40.37705679617659
1.3122592231844472 -0.844153880770985 -39.264671064504626
-5.14637298532623 0.8431444440056356 -83.90019520317523
-4.215333698203656 5.079362722699576 8.014481132677359
6.476664660657161 0.9823709510833378 27.896715567639312
-3.0782826602577043 2.7169569706851364 1.310402101373053
-3.914412793999803 4.427924026514266 87.14275830427692
-1.320024447118986 5.788193541344836 11.934145338473614
0.3062319488464202 -6.675872449536056 25.21042226990848
2.9615031475985933 -5.660333920560835 -6.386403809990207
-3.8107178015335648 -4.729965797611435 31.68166150440843
-0.2710990875544591 -6.715038792553405 -31.57964003072044
-4.6273903969209575 -1.4949915344450406 -55.19305309008128
-6.372708621962354 -1.6168528366848751 -47.33994970257599
4.415307539369681 0.5822763461668988 -35.185382502642085
-2.658415508752676 -6.4136011444501015 46.23589798561443
5.986150235567626 -3.247081171978947 43.69945010705155
-2.5953643328359917 -4.319314372680145 -52.39366340493526
-6.579536462636724 0.005240529348723544 27.716184721536575
1.466821598979332 -2.8994348296762635 53.182034132603064
-2.433360518254286 -5.909543815830218 3.603731674784608
-2.3440853885972968 -5.997610278508405 -20.41563205604457
3.7801307501912396 5.509939128035326 83.80753942514924
-0.39976950477518836 7.298408004888053 60.65985187660632
-6.4020569400596905 3.0144272131813468 78.85034764981326
-5.899686482188858 2.0587199197522548 86.71742784982342
-3.925346083253597 4.7850572628201355 79.24883954099025
-0.9689401350566647 -6.40765489126389 -59.80166239492302
6.263867243783197 -1.5050672088285917 -37.586768065900536
-0.2535503973166871 6.946598212355314 -51.68838721577151
-5.120266773751415 -1.559905728771735 92.13623581530963
1.147785025565992 -5.763494733642244 77.32344268213487
-3.64969525688457 -4.674353690255014 94.0596032473121
-4.503377036435635 4.918044501967758 -32.74373715156211
-1.8819419361173082 -6.441093971146674 8.500358723999991
2.4453680187335474 -3.195052067386325 0.6748831443743992
0.780076052730686 6.817722908491876 87.80180828780743
3.8761931616561873 5.479256665563841 -88.72948666755386
-4.492833083038632 -4.842376131485811 -67.5235398042001
-0.49356378466584216 -0.07115092571318402 -85.93136626142547
-1.9184390241099898 -6.335768475326652 82.13233034693422
-0.8448495846455246 -6.383209637816049 94.18518465720628
-2.9203312773861527 1.0378474726111677 -81.77035292392232
6.109900281679859 -2.8816376991493033 -28.52084254147351
-0.686661044514685 1.8497919121046507 -49.044429376077524
-6.549255458719928 0.06269614942872868 -95.88672284770492
3.5142642302787728 -5.928003579676445 -64.48055068444715
-4.1746739112163285 -4.536189972686223 -35.55276080551431
2.5735807580822065 0.26174547506176166 -32.16969159493056
-5.671147271527809 -1.7032229487029182 57.20420794727925
-4.7174722721979565 3.291945471121853 -3.624048337730044
7.042540245411563 0.06484227201353979 -18.825036691872118
-0.555792406784635 6.6411767877035075 -25.092699052355293
-3.427655917138253 -4.260020542867585 -97.73499174630507
4.4960972261577306 -1.1319827259691253 -3.6395781613848217
1.6211286797833324 -0.8997529225018717 40.52429471049272
-1.068176474114975 6.033341772095853 -47.53059068455516
-6.344004621508139 1.0481644270342088 68.11760699398216
-2.939224668978605 -5.974699854530858 49.534072808722144
-1.8890738603832224 5.912296443347313 58.231562133009874
4.869958085193076 3.141739436957522 -84.78459359691321
-3.399926875288828 1.533604421082587 -93.69533754497465
-5.6246550995667635 3.6836244315482585 -91.60051805160789
-1.3471479925412155 6.149708112324598 -56.54685424453619
4.865648236290307 4.5944547142181165 22.069330978970626
4.649176745597404 3.630795900721815 -96.08334522110178
-3.1367116043315884 1.481208759160095 93.28030475207831
-4.754269453419226 -0.4294609944714235 -74.00963344875655
6.8593765108752125 -0.9566509844952833 4.098243694373768
2.545890061347655 -6.921282157602783 44.447345372220305
4.560664751534458 4.529630170498204 -48.82737776035652
-3.987951441571271 -5.272239961862648 76.5075627878954
0.7029558337513098 -3.3448587464924375 4.844679794208963
3.886463159291056 -5.421202658782396 -33.68779876706334
4.153338091790274 4.068133254047057 -36.861589463426505
5.625573569033746 2.5441537469058435 -19.795616783960178
6.7777444156707265 -0.3147554375150346 -56.47599552128611
-5.489980613591335 -2.0369399966879107 19.888118258906832
-1.2111648980722982 5.271606398716451 33.17443493569403
0.7063140021160724 1.724838247816675 22.31357786752533
3.8822685038094416 0.2311348273599339 5.1492953399336345
-2.7878557907255024 5.726248465022767 -59.738567512826855
5.0524829723559606 -4.378222913594263 68.33281204344382
-6.314348676573947 0.18678940526640705 -5.846688594289243
1.4592073338222538 -5.681429683458533 -48.59482483841496
-6.859141826058434 0.4333681367370824 15.51968653180094
-2.6102105047266124 1.8642576837685525 -44.5041105753782
-0.31907157066498726 2.9524689950823255 42.332719892047436
0.38476918793283743 -6.899103376448852 54.505503206639354
-3.5712363499569273 -5.52050748941289 25.58140538110623
5.198314957157573 3.752195616350855 68.51651998189351
0.24395765548641432 -4.966979399009203 -87.33006835582674
-1.920452579324572 -1.5016161733176683 8.543974446815144
-0.057378232038324595 -3.5465547979008996 43.24557118276051
2.045863687564701 -6.895667968143217 49.11231012708629
-5.477544505004545 -3.059481703988665 -51.3552207152254
5.141976565389359 3.5536657795169786 15.256897482028554
-6.553302343240798 -1.361963541803889 42.263167044545426
