-0.8604321045301939 2.3660828013634028 -36.40083803910003
3.1989244083188266 1.6000268704220795 -84.74011430601816
-4.780027978310609 -4.413155956763641 94.70458050868338
0.9364682153256192 6.725213233330124 -4.928980953140334
5.425484372084492 -3.659237699435265 24.515566706447082
2.583747053144261 -5.290106611340421 47.7926597493648
3.941662367333266 -5.36364572318384 51.23593931084337
0.5811830064244874 -2.3373840159922468 -92.47265164594553
6.345803575626952 1.6303607808496952 46.50126446126701
0.8116627209691769 3.751423556361988 88.64066082539699
-6.304875987417135 1.8900096508951059 -8.359157582553383
-5.575619290877362 3.469438067606554 -40.21540872228144
5.6144092336345075 -3.829762690723057 -29.898939678281582
3.258504625061675 1.5180984999257487 86.57345746422736
2.3750490692164763 6.022255397166182 71.8130257753162
-3.1985327516669146 3.083391851507799 95.13833390863992
6.497037502302794 1.5262545150838291 37.37271031781094
-5.399105587374615 4.024678706969728 16.25229631711162
-5.072656804623102 -3.892083158864334 72.65397936318516
5.744827707646532 -1.9407904437410757 -74.12037951666193
-4.765275821592361 4.973644712188809 72.53552779334792
-1.1227273534981352 0.910836604004444 -94.07607689611041
6.345563990535166 -1.5760752460304517 78.96759313942447
3.978883713804745 0.8927625146961637 98.33539669652917
-0.46161837650239335 -6.7144220099295255 23.875422893086142
-0.9537858925204709 -6.431473656788713 -72.69802477400792
-0.6666691900165289 5.88942404713013 79.4398725778379
-1.125817936898272 2.79592264627557 0.6108730100611359
5.81227639916232 3.3676257619726293 9.31986914235989
5.24319120137278 3.9034307727499145 -0.4344431352437095
2.572847500522906 6.165129631671282 -55.30649289684372
-0.2061509415632714 -3.920270142014786 94.90708482428259
-3.101350123323361 6.219464501884072 -90.44717064757474
2.17140358689472 2.4969408948521803 -88.09044853049639
-1.0466367436264634 5.82200294154037 27.374148506652833
-3.1506728100772747 5.347362864167598 43.372216562261066
5.047693716099603 4.362292712680875 -53.63602190063275
-0.21198620676420865 0.10070042424005951 -32.74851178715179
-6.626445293670631 0.37245257494345785 -23.118659736075696
5.026772447390449 -4.349172321529107 -24.513952686051393
2.614132953654641 5.98447632161172 -37.96084748256448
-2.5074229436030353 5.7511398162450815 -49.88472306327953
5.908400418695521 -1.271717893574099 35.12168339344197
-4.466898990934799 -4.2770824916069055 -31.76316351331215
-0.6229281232274503 0.2990420098413886 71.16513811443652
-5.361930895910075 -3.3844332952476663 27.6300672706417
6.1774291531051295 1.5452031199969887 -51.344528439747364
-6.627597767686557 1.5720062362354954 -54.515985691162214
6.6445590927845215 1.1457474775656467 -63.37843521954689
-3.6865543034909107 1.085425857946829 31.268262281811705
6.127692187533682 1.409946782128786 -72.69237930465475
-4.692953563796176 3.7494343215843116 -44.275526749598185
-1.800993158520689 -6.5097668814999095 -11.637017090214359
-6.27352385504356 2.80778970354247 -69.03777491062793
-1.7447082183768443 6.259675331995362 86.18920894247046
-4.934905203673963 3.727922280542586 64.9678631995292
3.4092236719318385 -2.770948269964064 -38.2213923119186
-2.937604205039026 -5.602373637016476 -84.17076575522715
-1.6137061240151664 0.11311739875830773 63.4256836633018
-2.713918724492271 1.4379287524795163 82.85568779701595
3.0696954147258335 0.4525981517165906 -93.86478939009632
1.2523482638385197 -6.706128368834107 -42.66114667043609
2.8689872587625533 -1.389896960369351 -20.744314235370183
6.4868292783466135 0.7206056184859501 -32.261640885673216
3.953308680836045 1.1473949361493818 -14.233377336220395
5.6039902273013364 -3.387142312099736 -57.91703288617208
3.414468951640534 5.777757508623163 -68.24675678932033
2.1073855396389636 3.1228798536805975 -91.88670816532633
2.7664710093592992 6.058865861380136 -80.73772696532536
-3.9119631949828055 -4.022830288864084 6.7571712100421575
-6.2128624501739536 -2.0588607248569186 55.18149877963019
4.874148111124781 -4.647986844679785 -35.47768239707152
4.088740969106808 -3.9770930450464603 17.401827732011096
-2.1051191042975224 -6.090052817459642 -33.03948038277479
-6.359718024681795 1.4096357888831479 41.054364033730685
-0.44038642986908977 -3.692083685289661 -65.92266030780888
-6.039939392780819 3.0941039358890507 53.52562860537801
-1.0459533939345003 2.2654323597130652 21.393602315512894
-1.4906486676658224 -6.7403880234844 -1.3163359758917417
5.730740420287501 -0.3224316481566193 42.77435205736489
-4.8282759252805 0.17913912225685033 9.079201679640814
3.267197407717601 -5.532954655279101 -14.01832718345538
-2.2336273989899214 3.113884935266962 85.7565684905785
-3.708598341899224 5.629813458508814 67.35263261025432
-6.126630581755403 -2.586479261545237 -78.48149938456825
5.081799490195926 4.148132175210061 76.41290369228156
4.001412078386029 4.593746522440113 45.355376830350416
-0.46382940813219503 -6.7431889785403065 13.221652314966187
3.449810101901087 -5.369214915375502 -97.34738966691584
5.8942465884127255 2.438848181102725 65.66668845664135
4.017226803102056 -5.483188661036831 57.427865536922546
6.153408482439872 2.435182433377248 -83.44436007906495
-6.036762152149046 -1.5235271057014659 11.474708499325
4.270878682034233 -4.317080968485781 -66.71337450254374
-4.927301661802648 0.07683823300657248 52.981322182092626
-4.893841017234327 -4.671893800697991 -24.792335714144787
-3.8029133800429027 -0.6199614503697567 -82.36827287386495
-4.379807705835129 5.110242220316734 -14.522649984607037
-1.9738420013528883 -5.793502432070896 36.143272435003155
6.307191648943959 1.370687712821511 1.4593583875098866
0.9446570301353634 3.1565419333168037 85.52632625368496
6.155578816396743 2.508018802022032 4.406070593356394
-3.163585848372712 1.4461254826825292 -67.91144055663358
-2.3776396332398204 -5.579587677652078 15.198817484877882
-5.831369601155573 -2.9292943017549824 36.85367393793451
3.840234915431715 -4.746099505131453 40.73116964713777
-2.4508360206995614 6.313293689266319 20.91159206069602
-5.617467324673795 -3.1571046159160465 -95.21860850815766
1.5880914439417886 -1.5572422139712903 -67.53588826240079
2.329883989862419 -6.2579509127588855 54.93815629536822
1.8524871254604565 2.610496169306944 0.08582337577809174
-0.056521066117255866 3.418366595846648 8.999093833276032
-0.6688169258352535 -3.4356850504344982 66.6527423519085
0.9760458463206126 6.6862327653457925 95.90423252541369
3.164822218192489 -5.932976054052833 -52.95979483266428
5.978744075246585 2.4418529848812285 92.84834402808475
4.270482672932947 -4.835363335786945 -62.25556978094936
-2.851965918364465 -6.3166016409273995 43.10810987226629
-4.840177591010355 3.847790829926323 -37.15032221134128
-4.230305772412775 4.139570867602475 -84.95228146666432
6.298198908683308 -2.2556475187505884 14.273914073059462
-3.485473870271776 -4.5345989243104246 2.729674154013626
-6.086900914212426 0.21126461711631883 93.66502790514593
6.451471147966701 -1.126942012234355 -77.59323954678061
-6.432790582415531 1.6841969534826775 -78.78296419440821
-1.8662801009883008 6.351950874654697 49.98606671490713
-5.490953582498007 3.3872984553958028 29.07387636382616
4.500635848722403 0.908612026412942 54.885482846711106
6.563368185271882 0.42046970023558305 8.644563564192804
-4.986538972973813 -0.12858626614331198 -26.67149499192537
4.370783378755954 4.629239590437898 11.588952114801181
-6.247798280663241 1.0560765515542347 23.86552234359689
5.383920419917857 -4.054936435025694 85.9272426551829
-2.2923570425609423 -2.6164847827914173 47.05167841849657
5.090624261024739 3.813609640062209 26.663438458816312
-3.018066417947256 -5.771651491299299 -66.98768583174096
-4.022995115334882 5.002660079112881 47.78138094215879
1.6185003957197983 6.76810126820858 -29.998003657799647
-2.20907114309214 -6.004364683472497 74.58064040188287
-6.449070310014638 1.666346713863945 -51.6043354146715
6.320817426789492 -1.2012468399240175 -37.2578710212323
-3.222116755417017 5.4013508713302025 53.90625609448148
-2.2120381659379573 6.208438368497334 -79.63707541200498
-3.868625655667153 -5.226951545961349 -79.08505882672193
2.6673527638786716 4.83554256385817 -65.30970702149595
-5.694821827519082 -2.6948260000909885 51.66456681040892
6.294336625871268 -0.13253001087502042 11.836111797875633
-5.3943582567042245 1.6704772839878168 -63.60075414431105
0.028520315371983018 5.584072217196369 -56.70740305114838
-3.569070614487704 5.079638020363733 -93.8637947651965
3.500228380345422 5.095582719604378 91.10141740491869
-5.727687234066692 1.8961872013643208 11.678006638124758
0.16575539376849854 6.357475686731542 35.05408153424304
-5.301558765510991 3.902309420139664 -0.03482378676641995
-2.151603120008521 4.58365780531833 -99.8028798381724
6.625169289067113 0.13981578230257408 -2.852122969279229
4.511667498262999 -1.0002444321987336 -66.27698826228496
2.4612025201806436 -5.96221201969018 3.107035977763968
3.4890268653059016 -0.45281787579049226 9.522471007332097
-5.559278460883589 3.657037848181325 24.045735451318183
-5.8127718871107446 -3.208602515299763 -58.33998783573875
-5.517308935468238 -3.759144024489323 83.89787940766506
-2.9296267347801033 5.949047016581964 38.62849094620395
1.6503111064158844 3.464357194956753 41.53130053531919
6.126409373521278 -1.759403865961818 62.36184462840445
-0.09526799464725569 6.724610300084861 1.6005504315571952
-5.962330325112438 -1.0773376073911296 33.779048412988296
-3.3835703190461306 1.688969132624464 24.010408382882794
2.992070560054843 -1.410603602433101 50.84609044338645
-2.9719113426107366 -5.9566479791059495 79.85347266372943
2.5766720594247388 1.9183667891051248 -24.31747908316378
-0.4329128121517072 1.6738060708267097 -53.14702965306674
5.676232924236301 -3.715886443354568 -7.7015208532456105
-4.159656253251654 -4.409285461209232 -64.56706166453554
-2.772603648319363 -6.262932556039187 -97.89922934663832
-1.3635838622108993 -6.57687768198174 -95.00758388870253
1.823053241726794 -0.3664943022859205 42.401878905516476
-2.2731053239434993 -2.36533170113848 -19.40468163676257
-4.720069258670955 -3.89535829991708 -9.096031051030053
-3.4792909593965566 3.920926213979612 -28.621534938292243
6.1222565836814375 -2.182091541174974 59.0730181056372
4.044839188704789 5.140863675175492 -43.11540630868988
-6.397714692464657 -0.9342626684825451 60.25035839085123
2.894614253048857 -4.368028351208719 -77.13134766098416
-5.151833250727485 4.123800856566649 84.58862846979929
-1.740369666623487 6.403209176789625 82.95225472509023
-6.287481448656288 2.266342536561483 90.63977995005261
-6.597805638868993 -0.944784565801305 71.39407903194113
-3.229705564366989 -1.2555751252193392 -33.281385371497215
4.048626712524091 4.3245077091234005 -60.68597634169454
0.9819406633776646 6.324991376994311 60.24203567539329
3.0867586863900742 5.684558072012743 -27.498712772252993
-4.023784410237302 -5.117747934557652 54.60365705607388
0.4578507170977699 -6.647075922632774 -67.34869978899223
5.933672850092617 2.545548243243531 43.308605136223434
-0.6460643433700048 5.583532644949321 -74.44571159066159
0.6222290855610577 5.993460213553252 31.652423238431513
-6.838887702341949 -0.2768210630708412 67.44377627010454
1.327178472775485 6.398393365820305 75.0802032443094
1.1595182186366568 6.3349328197273715 45.295413490055715
-6.585447689031738 1.9174832552121646 -87.83055166085606
5.339019980081869 3.478139067124371 -77.06335385747448
2.4160678923079035 0.8260945655078001 -82.04800119396744
3.512159677205812 -5.864221227149362 -87.08430683792746
-6.402763750699344 2.2073597045339444 19.739365661959308
-0.6012215096335121 -0.9207523587492381 58.67011597027393
2.945440577193336 4.98078975160987 7.121919666479015
-6.5655811902520345 -1.9583813372652636 -85.9257165355314
-4.831333337514447 4.307981045440273 -79.44736379024411
-4.62704408332484 -3.1175697195731553 64.73074686352935
-3.955168175788349 0.739304610265932 60.25788346476054
1.211276616093701 -2.5290250059726254 19.644284442887805
-0.9658862142029522 -6.731006744059803 69.18800079967605
3.374653575722257 2.3681821939464163 -62.83424971429876
3.418353343141451 4.913653308830063 57.6076246286891
-5.883142776551866 -3.403392789450744 -4.204002227414714
-5.784441379094407 3.427324182000503 44.745808228513184
2.0653681318856414 0.7950968412905339 24.971057072696368
-2.493959377612773 3.138397260609386 -91.63917312434535
-6.154878385237775 -3.0085897819305565 -83.21609356575719
-1.6167320914676462 -5.802717134423092 83.12243837480845
6.262685605800744 1.8808357115305478 95.87481195978107
2.1013796107510205 6.295385932267073 9.935538544753937
2.286870872984524 2.433034010127923 81.9820439752961
6.462233235024812 -0.1728909626562946 57.04121710510169
6.563913098579991 -1.2344214995276632 88.36904116079165
4.839429625715096 -4.469788370327562 4.8603063678292076
0.3175772500087879 -3.330121341481538 50.2947966657939
0.32852061248170106 -4.808084769149284 -27.708395871386912
1.4293848340079935 6.638165769580726 -45.14919209712247
-4.052484132331334 -5.096360339571368 -21.237128165649192
4.467107563360949 4.906429929893013 94.07790299878793
2.7458490337835695 -6.2837787345754075 -39.47258955098527
-5.520146061814248 -1.7602360292044008 2.748677541814726
1.0540498387893478 6.568930909986387 -41.67521822993367
1.3721628912352581 6.444111748816292 64.59527085379811
0.028423886667062997 -6.500093398943931 61.85164683449174
-6.356884808964529 -1.0112342307899111 -67.11212452322907
3.6478008268436755 -0.3327251241422652 89.86435048655564
-6.2905719412353625 -0.6608490292401519 -31.16530619233338
-6.705493211734955 -1.081815142074451 -81.31160076383792
-1.1886493450459306 -3.29524104095709 57.226936022926175
-0.43707414901218267 -6.276197414107434 -90.53448420208137
-5.114333755774762 4.200888142389211 32.998949743324054
-2.5669875841386527 -4.331419366274432 52.45602014069977
5.81258403658113 -0.35520116272405844 66.09204328203943
1.8144347425680225 5.370865359055496 -77.461924514001
-4.4795927269914975 -2.466664278047622 87.65475198748082
5.557301389820462 3.5878593702603374 -16.62166064517962
0.9113183793764409 -6.693584904731661 -60.98909411052865
-1.3256116208830189 6.418985097114196 -29.078646314652147
-2.8618376229461058 5.900305026368087 -4.170120500819445
-3.456530071603595 5.338388672962508 -21.904583148249397
5.590407757323061 4.020727633405003 88.94294587848263
2.6243983800945427 -6.183684665147924 13.579866463694065
-6.564174513220565 -0.697520237099923 -43.86974149297117
-0.17969459599237536 5.328279536436336 -81.57503440394014
5.112321706355852 -4.2570636757651945 -0.00039257246405094426
3.527710307981483 -5.321325672067886 84.13452656366285
-6.306657919681537 1.0526114947374356 64.02651470718492
0.4639886937283161 -6.790010893839053 87.71490106091707
6.7366974561583595 0.7891236499813762 -19.725876490539292
-3.4214764786737457 -5.739154736382345 -49.74550198432149
-5.097835619974792 -4.488011945305776 -86.61804293179924
3.060299161503853 1.4773723812575115 65.52293201919812
3.1024606335677873 2.307064682850094 95.31974111455112
-6.425954332033926 -0.27639852729811637 -12.444770911122442
-3.1855806348599147 -4.55562145995185 -89.34935680623505
-4.4491471253247425 -4.38952950967954 -74.85872845253118
-4.812981310617431 -4.454096211384168 57.864209303369094
6.829053306837517 -0.2664435140705312 -23.880058668243592
-6.263532864272057 3.102592005643468 96.29353476428149
1.9347017088695067 -6.430179243731387 -71.28521479302344
-5.488077176849897 -3.820716599675612 80.24307865258142
-2.803229871434561 5.123068855918594 4.013160864087591
6.031063487941014 -2.8136065429364137 -95.33328423608776
0.7985130144392343 6.727847306845856 52.693439462484115
0.3510887720146704 -0.1916999012760205 9.116717854612675
2.70275390725117 5.375250393311555 68.09704057326809
-1.6875636033482853 -0.22290762376501652 87.9930655021713
6.458049787822742 -0.9490622775797257 93.39519721354309
6.238110277788845 -1.791960357705261 -42.999774267964206
-3.3044984051124295 -5.751958445066909 70.81873992543345
4.4303584825520295 4.547842456566681 -99.09882650776521
2.076494100734339 -3.2271187406645914 55.26112435403183
-6.030308078942971 3.082895375039218 -12.232176878506083
-5.358112970709884 2.254802588514349 -32.779334122185524
2.4661680707662983 -0.17905801355917017 -48.277765800529046
-3.5790914611536793 5.2743295962544074 97.4472360495572
5.304267522106895 -4.217343325329599 91.47631944364956
-3.125289858178145 -6.023540720106232 -3.667918879582549
2.4051789688598593 -5.179378359082297 34.674406617090554
-1.7933059690687745 2.756211590148457 6.027958938074789
-0.8618131160637892 -3.37670930243629 22.5191157616742
-3.5006631805832313 -2.2737106051785303 69.07152894893336
6.451378766417654 -1.287498341171947 97.75406718196193
-3.836001309231874 -5.470641401405601 10.392488041614692
6.755553003345977 1.749970436968448 74.47723378374566
5.746861527200184 2.3216667471445884 -43.19486983605538
-3.1188199954931957 -1.5003078193825559 -28.65943737848421
-3.2557195344118655 -0.13805638363507278 16.234366261551383
-5.765176558038574 -3.4460981750606083 -28.345851895218477
4.477197577246183 -3.635012466809931 -80.20662719211637
-1.0943793712147516 -0.24909446609569108 -86.94365371833594
-0.8958141179614416 6.439715611072484 8.607400529664057
-0.8205786912198968 3.2755945924516703 68.52705480400692
5.504557598271769 -2.500661444651366 32.64322260584532
-6.187732937646609 2.1750408183660164 74.07740186187017
-3.0179149575584234 -5.959622320831046 65.83824243590276
2.218723252652494 -6.057809591542847 -94.26654168146217
4.0806246383505025 -3.5417087897424833 -45.98555971780853
6.324573386776963 -2.4228548242308756 -11.011582565929778
3.9903948417816 4.91634265479168 -12.800853440101836
-1.50873732409307 -6.45056831677102 -8.42959928918638
4.612632433981545 -1.0954363759291592 74.06231985199165
0.8260257142129779 -6.004273692327241 -17.888597197353313
1.8655669751666446 6.416269803795203 -59.07487085200485
1.851520496384054 -6.551514667522861 28.623085080045787
6.406532214943982 -1.16824483502715 -84.96179196980925
-5.979890009404375 -1.6312879908659557 76.51433549443533
-0.4543803729415422 -6.546909197558663 96.39858413418936
1.7278435644917756 2.510805966978427 -56.75784418161411
-3.3063375240751944 5.756464165085315 -77.00385979300782
1.0274482604221138 -2.0979585183488725 -29.274958063305377
2.0147263528728887 1.595229908628208 70.69997943114775
2.9953975655618756 -5.484709539948927 -90.81754106205972
-1.7441946600574774 -4.310190648654146 -57.31998689566533
5.415703078143319 -3.5805785421069087 65.89363337930982
6.156368536267371 -2.2407161159760864 -53.752290296060515
4.93944857160674 -4.513733478795295 75.6950212248142
-1.9723101720853817 1.064326783290774 -61.239274619257166
-5.243301081840427 -3.9130614823731342 40.95432268626223
-2.708174253377273 -5.500739855598818 -53.67448190864597
-5.043258541082284 2.603349781121857 -47.45459942148823
-1.7847519926715152 -5.987987436786764 31.25366527270562
0.6457329984656229 -6.771811920396261 42.3143853324404
-2.3348110218292573 -1.7740418203490549 19.715874305671967
5.998772014844368 -2.888615430744967 -92.13169646241339
3.1014472778924485 5.925328967084953 -1.447536347894919
3.131958993215997 -6.048260950724178 79.80757412611615
1.2216678958976617 -6.321924242720479 66.49110734732413
6.67371556708417 0.51126592691278 -68.25981558118524
3.3365549363850753 -1.7389083508255192 46.193990039533354
1.0500501787680665 -6.522079447949169 6.7888430428665
5.534652425196966 -3.4672730840983714 11.49236002562538
6.208265208230608 -1.4257851741746546 0.17895272480346125
1.1737558536921215 6.5627029203417 -63.72999818024557
-2.6956975898999853 5.98874322030066 14.883407738976429
-1.5798233736050982 6.000931500036624 74.38673545826421
-0.2811756397877406 6.497744444506393 67.56467623671719
4.856984843293068 -4.40150238888272 99.5976100653819
3.422025001213243 3.5399649762111243 -30.340633345388586
3.2516865787642004 -1.464505380291865 -50.96245400526175
2.457579092540997 1.5236629128380836 -16.97610158133385
-0.6034614857371515 -3.7434140615869445 -33.94155640948197
3.6554250661081715 -5.708672329122286 -20.58732716187976
-5.420955128348303 -3.5213008020825973 18.589745458006597
3.385556392594262 -5.895176116324935 -2.260151312969219
-1.5145673087178837 6.2734587510521385 70.73938403049334
-2.304114866132317 -4.193504585159877 97.1115213720017
-1.0774168686361916 -3.6655292436007576 89.90430852125067
2.424479161966877 -0.8577420053841093 -55.71389502438326
-4.680972218567547 4.497473908239921 -51.38567757609009
6.69797917894653 0.0016030875816482881 84.73707489943469
-2.4402977381777795 2.4635731734870188 50.249598249929875
-3.623796826708702 0.5535282227053883 98.28378503153012
-4.66211499691247 4.600360112727036 -66.17225216482063
5.805773521102 -3.2614212272826903 -3.907433687685838
-1.0029377045972638 0.10033038198998617 49.312914116751976
-5.508496930539897 2.1361048333275794 -19.213679815300218
3.6036497399174072 -5.5515241339086625 9.35642099358915
6.5326285597721645 0.031100662334329315 -89.3744886992934
-6.018190327460764 0.12046499809466904 -58.88980718641048
6.658046736730797 1.2934349951655255 90.2199837295095
4.7020834354316925 4.6527462094586935 -23.5739228506324
-5.959015754572986 2.4724385923914958 50.563528526138064
5.5500420155139025 -3.3052970646045705 53.471008252399216
-6.582745708181626 0.22474519333163523 30.725115640961782
3.960663235610606 -3.5338798148253465 -70.38252875198572
1.2938430215744243 6.2131853807388335 -70.26796761590514
-0.7792798895407926 -6.602852724715552 -14.654401493892202
0.4964103497100947 6.667455367388717 -92.67747633125207
2.19280228850635 1.414997475012925 -73.70646618988724
-6.405775175573817 -0.39361577016618216 -36.30892389735572
3.818000431903151 -4.834752142475816 62.14030315975159
-3.3008465032921026 4.639852176373987 -34.28317998287881
-3.683903010919006 5.181130663941059 61.072711246169085
-3.8184334044330956 -4.699517106231248 -17.374183805425236
-5.82522264626644 -3.695701798527853 9.253457317065255
-5.962886817455996 -2.6933398978844947 -38.403735559137395
-5.336732292944291 -3.591895737748633 14.256153117530456
-4.254922857738164 3.708123859260626 21.612751232155183
3.7894315430070526 5.178155327734098 4.20099615134863
-6.168494459878755 -2.6741487806781694 -89.27325139957485
6.782088684778008 -0.9059190321193581 -81.7625628317855
5.561914994068292 -3.513801075311751 21.432571197638804
0.3349129733097351 -6.266425833744285 -98.73357018359853
-6.871016130447846 -0.3949422164556464 97.26527610517974
-2.8503209663910143 -0.5855751230445614 -8.947263019355091
0.1796846454968798 6.440337833258911 -11.072786317065853
-6.257888678829363 2.118915489587378 -98.93367832023122
6.265640003931313 2.7241533201789077 81.74636457141091
-6.855255640345143 0.12238615038343131 -40.78254954671748
1.3220476777113377 -0.22607718980258623 -36.40165839102103
-6.690474320239021 0.7258709617147019 -85.12054877577515
-3.3634335773004347 5.614378060829405 6.77043030700831
6.647971779680344 0.1422114221494907 28.599545045068677
-5.853647049564542 2.6442865456294267 5.319013488931281
-3.478326274752544 5.6507656850003185 89.01408406571457
0.3969982693358686 6.366849709932082 17.536119987189046
-3.3135080528019474 -5.973973525505616 28.638283430431482
-0.04238705775030927 -6.496550367087981 -5.215905356282254
-3.244278751185182 -4.35830722572832 33.61179011165327
-3.11897093653831 -5.855880644094785 -27.135545101649413
-4.874023903157134 3.0939519335138113 -56.445838639071894
-6.395224452493324 -1.7315171446087265 -46.836324669140424
3.468640866929729 2.076631606203799 -34.46944049558635
-2.8312909312278616 -5.856663799061602 46.49925950020844
5.62237481069738 -3.128780531301036 44.59601046852567
0.39866617569657603 1.4003773067792968 -50.299303279779984
-5.783935160835236 0.02675072818655372 27.324405301414576
-1.3287665147205694 -1.4892860750875652 52.148340850372556
-2.1452309149920143 -6.517282120899933 4.751789490184115
1.5467348447496587 -6.575539651764627 -23.1832649790158
4.553870006422178 4.836583439948663 84.00859889333344
-0.8617871894731806 6.732073703565687 62.52891310656375
-6.822089499158975 0.05494816880618031 78.74093223007827
-6.145078528839609 1.4177195675634597 81.73627937982857
-4.339084848600848 4.573909567692678 79.29576352463785
3.1689914359827283 -5.415969500771801 -58.61851883339323
6.657772452785306 1.3383734059995382 -35.14210452154323
0.8653307123833424 6.21687080245941 -51.01969649063907
-6.459950718419815 -0.9531388145741696 90.68526505660355
-0.12428519316456918 -3.444498128882995 77.49615073894479
-4.478499100645603 -4.76704538139971 89.61682292028603
-4.039657781990773 5.168373100341805 -31.311175401030937
-0.7605028776318797 -6.264289614875644 9.939510649498215
3.132056764472496 -2.887960075407818 2.391512451313993
2.1272664355049113 6.486803244929557 85.75921963732854
4.513897577661646 5.015044202994853 -91.49870828830616
-5.756067379257945 -3.6591411496081347 -68.60841566458551
0.8216000840808122 -4.70193264753404 -85.4820405517957
0.5248116976503423 -5.16642676058373 81.17098514154357
-2.2808106226090534 -5.265389356325291 92.8402410945876
-5.720091056101609 1.447511356429457 -81.8657174040842
6.159410274855278 -0.40275519698549656 -29.561772324828897
3.620646538863674 3.3491940671115876 -45.79878846290499
-6.4123881285588595 -1.0084969651647524 -97.90431485496744
2.1855907931362757 -6.21377502383316 -65.11545358248966
-3.9581831144462587 -4.52840017632061 -34.76092654400363
5.031856612153426 3.9000670362016447 -32.80321507431143
-6.372065933886091 1.9122156818165768 56.320079877814024
-6.496103994506063 0.5266919025997493 -0.22183987246369546
5.651570305166732 1.4629042673825339 -25.996586936400046
-1.5327045267719255 6.260962126993597 -25.132397891506947
-5.464162421180637 -3.7407914149184873 -99.59741436613824
2.2491847035011894 -3.422339061325399 -7.477363914606255
2.33177059295331 -1.0922817250790071 38.407611332055204
-0.6676653672084689 6.569522804076086 -47.81582455759048
-6.1863814160195405 2.289474399755258 70.78177110470804
-3.064060637523437 -5.913639530597825 49.57896086819467
-0.6045674457305681 6.548008595653854 57.16032441424757
1.505894219807106 6.254688833433425 -85.86494142754803
-0.6663999575350161 -3.711606496917146 -96.69234243724614
-4.454145562578065 4.700629006228416 -88.19270028634254
-2.098521618602011 2.776324537291262 -59.05260918598871
5.678629923911811 3.52218400748181 23.589934607348138
6.153998398382222 1.2833707493400264 -96.81329472924003
-1.0598451632508195 0.18342149064205593 95.64150358552412
-5.89821603539264 -2.639311418598025 -72.03454383250131
5.3872209608696995 -0.9045635966703246 4.315863206708416
3.123556129741368 -5.727509381239308 44.616423868880645
4.920354185553496 4.299412337708437 -49.34877469480283
-4.227913221125115 -5.054747880206572 77.24036590807704
-1.8465161788008502 -2.7566854197610433 4.49885616897358
4.098248110833575 -5.187953057283523 -32.397270344898516
6.365771214645195 1.862391799383042 -39.094266024217745
2.7300876106270695 5.943293982415635 -15.677916478636389
6.422347561245121 1.8295526194337515 -55.62950892432513
-6.430981893905686 -0.8680328179485024 21.39210053154685
-2.3768360789316145 5.806051190562808 31.356846476944213
3.2996226069293386 5.805640524381238 27.652570761173852
-3.2519871458039935 -0.6000854778610715 0.21865714691522742
-2.452522258421397 6.252893207453464 -63.75359873626196
6.089749750492001 -1.9936024536823926 69.01991494220668
-6.468135737196727 0.6686221417663198 -3.645423598907038
0.37743910534851827 -6.602318869120661 -49.10867733589262
-6.63163407576729 0.2040557592075204 14.594399825843295
-4.229823793100383 -4.704129140093591 -42.5932183424926
-3.2551177669822478 1.5769638409602245 39.35671461977891
-0.28599458848028747 -6.519161369161926 53.50672199085757
-6.121525033405527 -2.3677219394377595 24.546128354241297
3.9486165061774394 5.081895583539873 65.03397949486741
3.8606049590358777 -4.709488488205453 -83.9122327488675
-0.9426234521194321 -3.5960193322303082 7.725818862935343
3.656513766360229 -5.0362872678657835 37.74599472373304
0.4308347497791606 -6.248462116103249 49.73319992307757
-6.167359005477635 -2.4207068047200964 -50.12490528600181
6.404933135957769 1.7703890817536436 15.285697374308922
-6.808049241153876 -1.2247503476999062 47.87173242132064
