-4.267988115333549 1.2138744292598733 -33.045177679424874
1.8137924417285771 2.4909333408254515 -86.11612745099494
-4.737265984300436 -4.45386350513752 98.34495509988197
0.43577774266425884 6.589528863575622 -3.6869105311732717
5.122014435924411 -2.6487435149108327 26.05858926526944
4.40270122400202 0.1656398244815283 53.06512792270148
3.481027959494732 -6.139092617387303 51.32594780801001
0.8134833854442295 -4.084805318970266 -94.2981818859827
6.603786996667136 -0.40040311856766064 45.3632286642049
3.831387387293501 4.307651699600149 87.36776783611842
-4.939973590396557 4.079523719530763 -10.457014422884635
-1.8383909134706045 3.424745902524692 -38.24752825351592
3.698073910700336 -4.347275785442121 -28.60296883144156
3.1487868858095656 -1.422835425893125 81.11052683511076
3.2830337030445227 5.768379407811395 70.97155698489067
-2.884862726635093 5.157528438656195 92.41379404876882
6.519293658419321 1.6087806679113796 41.296750611944404
-4.847593905598153 4.411936305373735 14.10070141281273
-2.9100844265235515 -6.357417759966722 71.20749275036293
4.71597640784534 -0.8531802312733874 -71.81514153074833
-4.906282458258384 3.749911221542794 74.6718829135616
-6.095571127059604 2.9873485345360744 -94.35022117549111
6.279291607567197 -1.0263715260523494 78.82487774361081
6.994487175502605 -0.23187592888529832 -99.09149746156852
0.684027924997551 -6.505702685899145 23.356078074866126
-0.48115341391350885 -1.4305475377324246 -72.90642696312585
-0.7932482721364515 6.722213172375175 79.3247618378029
-3.175378965991121 0.684773421549776 2.933576006657858
5.526939522855542 3.1139716507490154 8.449701941988405
4.574320480752998 4.729924640769879 1.1435459887636372
0.5158554644162097 4.779876223862997 -54.4161896942629
-3.314347454585537 -1.027020800420036 -96.29353465786463
-2.2712864126983847 5.861676031222471 -91.08334856063476
1.7273417092083603 2.0174958664002935 -89.45054717487862
1.1743014208639277 5.702862478660447 30.59475860140962
-3.1292229237094067 5.217435005784972 45.77422801580705
4.26755227068061 5.189190986432893 -55.20794798682573
-1.2665615930225727 -0.85259973153558 -31.41781847320851
-6.01551704721533 -1.1756097621237198 -23.039562767250036
4.918376867891988 -4.4720570070972805 -25.67211862542986
1.6653208918946025 5.400623250431455 -35.348610573413
-3.979241941759324 5.128073449613163 -52.62015825239659
-0.586479288539858 0.4323234046290887 37.95428374069707
-5.2310257679458 -4.401036446511504 -32.39323540505254
0.6067482384823504 -3.338042850732002 74.95937286406802
-6.136165074782463 -2.943683362532223 29.61554513345125
6.117181066498056 2.6677554063543654 -52.83572124522478
-6.32256507328805 1.1728312837868902 -55.27115714609901
6.242145021251373 2.242411842308148 -61.625567653057175
-3.5744469325361456 1.5361947031530887 28.12416242783783
5.152874809956048 -3.794119060529131 -74.31901661258107
-3.17771311014818 5.765750993482767 -44.94675919555119
-6.397189324787293 -1.4825177761550037 -16.04946274351776
-3.1664730864342365 5.6276293724785935 -69.91683133415319
-2.2542417835547512 6.24038854357526 84.8280545881537
-6.040568843924078 2.7897680551592248 65.40496290016992
2.4903517478289285 1.0336150833462305 -39.90501935927086
-3.805524249945552 -5.124894107775099 -87.63640600786562
1.9393690196428381 -3.294877774078501 61.95990186139259
2.1498049170503872 6.4092768667942694 77.67241314095445
6.068817298498237 -0.42623144582022554 -96.48366500764267
-0.233764416486472 -6.541292007875747 -42.22513236192707
-1.6895818573605452 -2.6636303673163937 -19.500468182819237
6.772045804385325 1.0811088328248784 -32.702882053973795
-0.19863466004328656 1.9654663948697253 -10.077342415502066
5.477102296005298 -3.5030581519897797 -58.71438964813324
2.455012973812699 6.056353343025693 -66.0839584005703
2.190473243848492 2.884098675652247 -93.64578957403407
0.7842143749591286 6.374859305168531 -83.64654331538556
-4.922382398537308 -4.722372372778703 6.922460360608161
-6.088736209736223 -2.826642544433674 56.18703371630983
2.225515392816692 -6.162484172356622 -36.24106594926417
1.5702845519151472 1.5361965658988546 17.64606882002732
-2.569011978283121 -5.65217980044691 -33.31083289656087
-6.093167853134919 2.4163773250508833 41.563377741547015
-0.6290432783171983 -2.898570188853524 -62.23722267060735
-6.108408426352661 2.888734491005495 54.14198211527219
-1.7498543686804255 6.255215395684873 23.199268544379223
0.1940288092470891 -3.3836674038994015 -1.9833219428075755
4.641181904873776 -0.06852919064369543 42.76436078089612
1.063782011216138 -5.915414299284283 8.893696349486275
4.549697308500937 -4.804860776656981 -14.499026943164806
-0.6902852062461753 5.036855837879146 90.44546223273012
-3.675009975686565 4.72846879994827 63.36941785786827
-6.5182830218995536 -0.47816604975217364 -77.3881097396854
5.799738632895637 2.2731916890884705 78.02684810688626
5.58082871212572 3.440935552660586 46.76710938878105
0.22133295997575186 -6.028179245280998 15.299647478540876
4.302151481751384 -5.334546152547242 -97.21529938269904
6.493469240756325 1.4190482806223352 66.06041549275048
3.7974916606611315 -5.435586413656827 58.12833621943648
-3.255922946535033 1.6434249615896566 -77.68393370327735
-6.344074411986615 -2.12836793127066 14.556123545329777
5.31030667787738 -3.2929539692949135 -67.7069663026927
-3.8663425288697697 0.8993805076891539 51.81248207754265
-4.921864232806641 -4.432754376184031 -22.206727558781385
-2.7683448815399188 -1.8796692514154902 -83.27230030057773
-2.632365368741523 6.025726333448928 -17.154500454698983
-2.273913751494052 -5.708135307396749 40.09802956002074
4.8590756699905375 0.2816126940009745 2.7875669480038896
-1.3017942100980413 3.322057219612015 80.44897093562348
5.918029306149965 3.174312242790919 3.7431422395490275
-1.6385927833716356 0.8073561058833323 -62.547327719312534
-2.0649883143901913 -6.44274154747196 17.027036478673452
-6.183342110782889 -1.6718202004601226 38.75488248948283
6.598173497551411 -1.4269384368971292 40.32124695116049
-2.1080689145672027 5.706866095863804 18.51455960606696
-4.338719706677808 -5.285062341834219 -94.44148337719959
0.2720612317367068 -1.2026316578574383 -65.64369014164981
3.094305058909038 -5.790753168506224 54.57403073446611
1.9833568406707172 2.6669586375283862 -3.1675736374510737
1.0720983146391314 3.13014218064385 8.699963429796117
1.5443061426893236 3.0740783517178465 72.74432781621982
0.7109727101200486 6.311374695451001 93.50641357158385
0.79387746384614 -6.129403395462537 -51.54722919736699
6.064866449762248 3.1596437845685728 92.82776914934188
4.760727066087494 -4.787272763405166 -62.02504619358217
-5.115972959332659 -4.205512217313739 43.221402250213664
-4.171591542968576 5.166441717559133 -37.250344272415624
-2.50682859439268 4.250025334248894 -84.14282764978174
3.3891367629500104 -1.990106633720519 13.886138165730152
-5.063851910327959 -1.7460935568501679 1.1318437782515054
-5.563212605017633 3.6407847972528424 91.67151015625073
6.641052586689003 0.07230731566389503 -74.92021334989472
-5.938562760557457 2.9703979167334342 -76.96171982042874
-1.9195941097824745 6.5674419118284515 50.23950102200194
-4.980839931001729 3.8412376905400345 31.475692281750636
6.005197876132112 -2.9964795219534754 52.75224097771238
6.126009088629917 -0.5447608549903136 7.301291903037127
-6.888566508238884 0.19922105269366874 -26.49487009033745
4.816541816833771 4.219143220478275 12.377530722021413
-5.18511454755428 -0.41419360583759046 23.95770573881872
5.365623605003714 -3.3746583171924813 87.53032929694017
-4.188262728551977 -3.6696178772305847 46.73134217630969
3.313786780314657 1.2515183149983597 28.087867342428762
-2.2562671477542637 -6.029652657723638 -66.09014263264213
-5.395817578931746 4.944634152375019 48.43648881952854
0.38463222415005627 5.661394407317568 -32.01039618327724
-0.8794103865219804 -6.4851747343659785 73.66823456526824
-6.171405454129415 1.134791606724631 -51.836590523112626
6.070875864693521 -2.737251298587805 -35.611929592337674
-4.670500274883694 4.7122194145136485 57.0218371507813
-0.7562002985858233 6.6111381642477705 -79.32483715493798
-5.376559631642472 -3.4164650734266937 -77.48699423240848
5.2091248464268025 4.306693678460527 -64.70221712381945
-4.733230142212957 -3.2635468587307446 50.63735168976321
4.693118461503645 4.818920755915172 18.505501731716265
-6.023793181030784 -0.8842508861214172 -61.72671038835107
-0.10609618055868505 2.991073524331043 -60.756834669473655
-3.6417370800135567 5.449475517148457 -94.41672279192929
3.6369409751830823 4.8792365958396795 91.0373378579207
-4.704034558414322 1.4314905246841643 13.936387380930707
2.561266691296989 6.127030890321592 39.03583506222915
-3.7760572098713086 5.597940217629304 -3.2184636788164824
1.5845142209421719 6.586180697797212 -99.27628208029653
6.057941780746518 3.1989029686615527 -3.7148469552313506
2.155861763671181 0.6459318096150224 -62.52077037379372
1.635666475376296 -6.292541519440635 3.6083823103740023
4.1225845568083885 0.8295513761876828 11.945636223774445
-4.817653475380327 3.725841157490227 23.42858541490463
-5.344739150947292 -3.8830178074056794 -57.852851341259054
-6.382892124012679 -0.8397524964608856 82.9025315338708
-4.7639796134911885 4.713801317283393 39.59252829135419
1.4800266194620286 6.296008088107578 42.423337379113214
5.724376538720797 -0.40231374280672083 63.48500437443542
0.6638122132321451 6.714643120566473 3.2074218459387254
-6.231160402392945 -0.8112869497817135 34.77719094774141
-3.58184824065555 -1.058534998945748 28.093887553774277
-0.7909120697183338 0.33040247295261926 49.63659896195207
-2.804248832307035 -4.621148157576405 79.31608491592495
2.175494761853353 -2.1147634889789995 -25.57945311200645
0.6179003119322077 2.4535896396210695 -51.649090256814524
2.855430188428885 -4.8135295774885245 -11.380894732134017
-4.487066336286046 -4.888289756161376 -63.70780373680655
-1.65279643590247 -5.8101540795994895 -94.7272526788937
1.3200124259374784 -6.743102398923208 -95.91397348529205
-3.293884205615597 -3.339124560602077 38.107536404713834
-1.9873432615975073 0.3733327890589492 -19.8152639006893
-4.424699624505684 -4.713912313917076 -7.290986828671464
-5.960358984245391 3.1291500855782335 -28.356288281875514
5.920284830992085 -2.9533936291963285 58.56918587579144
-0.24662242018397273 5.884339700706634 -39.798139285587
-6.537961163706561 -0.19268334738306248 60.14873196605139
4.447223030723218 -4.402899313847325 -81.03425913134721
-4.751897066458667 4.05481941171865 82.33174852166376
-0.6311760779282773 6.584374360159474 82.35994135846845
-3.171311708773976 2.854270074623081 89.97099452230479
-5.99764697859804 -3.4289736172855942 69.97259807849571
-6.750000592490147 -1.3233042214189232 -33.12665625054051
4.232142012249693 4.74788341254052 -60.98700017935211
2.6565671902728742 6.078490701553663 60.6681904279153
2.443729967316046 6.1146430304152295 -26.136794475022203
-2.6649706664980846 -6.317588636755784 55.092909750567614
1.2340207131201786 -6.544487955751794 -67.23444187536268
4.035130472923236 2.977228506668299 42.49499379077525
-6.101988570288433 -1.2769648883195899 -70.98193116928405
1.5074236223386666 5.791552717108808 36.16170746151171
-6.2588112225153 -1.67882222210943 67.17488992994814
3.992318375712634 5.573782180989046 75.47555394658264
1.4059371680638264 6.171028473766459 46.061967270427786
-5.915505198961004 0.4841885668748741 -87.99319650360525
-0.5500889404897753 6.497171513727017 -75.00162095771039
-0.2747345839017232 -4.154188814246168 -82.07189507463681
1.0701920947479602 -4.725035614267065 -90.95370643352958
-6.49103897930491 1.9666045266738217 18.63208514034159
1.7289129332844047 -3.2068979664832487 58.93691201197149
2.606762196202868 6.112624217211218 6.481470440266108
-6.4062215866134 -1.6723718161955357 -84.9941852499818
-3.9646901907901126 4.5088454754543354 -80.8987127221034
-1.7531394540711305 -2.734509420109848 66.54623832791971
1.1592956007844435 2.307962050814169 55.291247562634226
6.609872739113585 0.598018298559649 16.193430436457263
-1.9244099103313637 -6.380695657556195 68.02537973255683
2.5532163253501423 1.8091900200360098 -59.8491958156096
-1.9575285625566246 -1.7943488112743735 51.509240363985654
-5.466604170305317 -2.355405896682362 -2.6821845316034745
-6.48595814657099 2.3310380136108515 45.39706538087813
-1.8509254597131208 3.1408848692417966 24.371181476995822
-0.2977335433361117 0.06854898682697186 -94.46984931057662
-5.306831477326107 -3.9033087344836437 -80.66329300206333
-2.131453386984279 -5.945073870052023 86.7801575722937
6.144725323591954 2.497837680854666 95.79493816935984
3.754500468600824 5.528369021986849 9.69408289487968
2.1679920007088147 6.2175837944984185 81.0498936683728
5.24067041746003 1.159936634838649 56.93542088127209
6.840401281661275 -1.2646547683944884 88.77250809210608
4.4483193642058625 -4.448069453899794 4.7610602254436
-0.2677805212889927 -5.149808588093899 49.94533170566962
0.04773520034048247 -3.975749374610566 -28.70776135065384
0.9584097189196075 4.653767815071525 -43.246253663966876
-5.105014724496052 -4.644073168343169 -19.031047025525634
3.6153432811183985 4.347314930387167 96.28071519848164
0.8131156871310004 -6.821842724550593 -39.49399266794292
-2.5129988466345488 2.516316964491592 9.71710465312046
-2.9619393222372534 5.981745267234192 -41.71362002598652
0.7098960961217576 6.600572930573908 66.89480928089263
-3.167083259022215 -4.580092759230321 61.871646743725925
-5.375840758085875 -0.22768495075950657 -65.88976243148085
4.265740673634655 0.7588620976328282 93.86235564968109
-6.8619742180051775 -0.7368147435360259 -29.90435996177991
-6.529581392785476 -1.4079799296818971 -81.36873521199647
-0.7431327246475796 -6.601664868794186 58.41568299787907
-2.161743017565601 -6.603992265776654 -91.70487743962228
-4.788114281320704 3.4766128526737643 35.98812271395927
-2.718993925940203 -3.7337890124434576 53.37827437263982
3.8374768694022428 0.06975339847332832 68.05759900396833
2.7662472861041407 -3.2544001713801514 -72.42621656024146
-1.0902844099528881 -1.4649301479960972 86.03064363924867
5.442177988180536 3.86039076246153 -17.05240116067209
-0.161316155461688 -6.691941364864761 -63.69323881581653
-0.3187695182327078 1.465868476898099 -28.823731981948654
-1.5018780610451659 6.604075379012623 -9.621684322361245
-3.616299250157745 3.1522810391118945 -21.7372448471109
6.050105941445057 3.5332637482920455 89.29759536366393
2.0531417739014377 -6.2278164654632 12.703980634024754
-5.947566116915089 -3.201839341416592 -43.43706399588322
2.5760549335267946 6.01779730380702 -78.74233004210988
5.369128147650952 -3.576056999470641 2.1255375878607357
2.3494791981855796 -3.939006595902118 85.40745994264155
-6.523226239238953 -0.33117039594197806 63.75362165030799
0.2991761832557296 -6.79281476330351 88.74330466035238
5.5807538352908175 -3.1774227610313823 -19.49729145452209
-1.851104001271569 -5.989669746155815 -49.755309185437625
-4.15062840918318 -5.140797139687912 -84.10012139430026
1.8962479923521751 2.875104342279617 65.02468913304264
3.59979542854727 0.9613001298895245 -99.50345450331322
-6.084230544240168 -2.7116959773820284 -6.04376566104893
-1.8154906030453548 2.402267783604939 -90.01519149377188
-4.302435791576979 -3.698248744505914 -73.6328109286732
-5.668998056956975 -3.4024735156223422 63.504625253149136
6.843968056455239 -0.8686627277178132 -23.64258884790358
-5.753009825182062 -1.7325790162273265 96.33946501719944
0.7948564742578275 -6.431667864362218 -72.02061066570508
-5.626845069582701 -3.097832554266616 80.86686756844558
-2.3855450600203603 5.664050902254068 3.5717720516082276
5.4665091557029974 -3.3228424716837717 -95.26102613876141
-3.098943004781045 4.161420855444984 54.22407006307716
2.486422603277554 -2.028448078523183 6.859595687419493
-2.2476933422315795 1.7502271117440509 67.23279926489495
-2.2252984520099743 0.5901221507203067 88.01949650814613
3.1057590719453163 -3.443188749009942 95.99061542589078
5.907544971872957 -2.7834840386529622 -44.554149469131495
6.082845213173584 -2.930285407616463 73.97513424895551
5.590162682174071 4.174473434552751 99.54059282144725
3.5653267165894773 -1.4808093657638517 55.637970188225964
-6.910653036847627 0.46323800828768424 -13.636821785687362
-4.9441700323269355 2.7681376042206827 -35.24844339685366
2.127576671334313 -2.914231253183238 -36.90038184139747
-4.266693568218641 4.443999070752665 94.95299144744489
6.420826510614519 -1.9316338235579107 91.93145552499789
-3.3586806343391147 -4.880389833822789 -4.329161209725608
4.96907932201584 -4.23177874924921 31.757931625570333
-1.9345345652221786 2.5706422310093044 6.297233578946506
2.6401236456893127 -0.66431604522123 20.98673218655467
-4.923920491258201 -0.6738295366047539 71.33194124690826
5.945675196189444 -0.8225778297841189 97.2472070134747
-4.235355105784558 -4.230100889899252 10.964959224386329
6.4263930326207745 0.7694262597287398 75.54149392435555
6.149325900987225 2.5885834866684694 -42.783193862948615
-0.5789526286837694 -1.4149913765381759 -26.866812959686616
0.15802435635754836 6.606664519540051 16.169184788257528
-5.469945092828789 -3.379722363663405 -29.48767439728715
2.4417411526268595 -6.048121558164933 -84.18161647921247
-1.4179600283700136 -2.30968593522454 -86.29585739946495
-0.20649890450926298 6.478194268993703 8.385560539595538
1.9624695938670411 0.15749816642479897 70.50304207370644
5.119766860576281 -1.9102251642049064 36.92815722902797
-6.490369657723681 0.2666066809007129 76.70334278139968
-3.7806811947012258 -5.647795514371861 65.13580391927054
3.1540618499701143 -5.7920305451003 -93.716621904317
4.992989538600474 -3.8606042032654955 -41.651388851041894
-0.8412547216682098 -1.59861593385832 -11.945441828466702
1.7997898224452145 5.533441638986225 -9.397199635576124
-0.513471918528218 -6.183407746502272 -10.554809954843131
0.6197106775331501 -0.11998201988713367 79.83419125691003
3.1954006731981615 -5.505841288108792 -16.82216417325589
2.062150777615717 6.043753667843875 -57.727400964152714
2.605494131444305 -5.791066285598133 29.75983902140398
0.9378654082702549 0.017637202412336683 -82.57756337363301
-6.481182501042831 -1.7286999099844418 74.24758523418403
0.4950881686040562 -6.9010498174559345 97.20505860514177
3.6891019046452764 -0.0857189100512104 -57.746049070037756
-3.3435222935291673 5.123512978654201 -75.5887388721924
1.9984942935031969 2.890206593891238 -27.796337822351752
4.671463191944986 3.343101590524831 73.51270057072232
4.057961812618595 -4.953785709443281 -89.26422828686215
-1.3097270615586858 -4.4253374847100675 -58.03095791053444
5.190311500184747 -3.0486738310373354 65.71147476073102
3.955900225316386 -4.818003782320432 -56.11416381695549
-1.9179485697777667 -3.1148321585592513 71.03497412001708
-3.8013222648079017 -5.505809753997778 -61.01237999485536
-4.9931599499776 -4.652828885129431 40.346579868239516
-1.6699421069593021 -6.342036173818995 -54.62837855853316
-4.925208572723607 4.621443082130152 -47.84292527229681
-1.3870125313492903 -6.190980591561859 33.73606533290968
3.4839687638241745 -4.430344118682062 49.20100772783649
-1.1083714511443394 1.816494509291689 19.84504008157627
6.332108096932032 -1.7249271630055503 -90.36538864091447
3.6442408695837765 4.873925839350562 -2.2413258784830274
3.1022748318457523 -5.111067450312193 81.20981762071393
1.347486432923249 -6.7068119473984025 66.63956602925771
6.872540345499776 0.04073705544171169 -67.42693323146952
2.621935612437985 -1.6540864331004843 46.10518097315659
0.2731035153202465 -6.532791519293047 5.925018663755834
6.034603652436705 -2.282213903009374 10.673133740431512
6.183726729089751 -0.22654234804811427 -0.22662329390987612
0.5816361113803828 6.673159011380174 -62.44282986186048
-5.803514080698371 2.5519546241996762 10.001138524814166
-2.8199166049538666 6.088218902071284 75.59447344536022
-0.5559025362677561 6.441136592723744 69.55433095056591
2.9945431831440876 -5.967125334918226 98.98075652441585
5.3270881525086 2.5799032070184666 -28.43521192911799
2.9464604594985166 -2.753390296873425 -50.91031073385257
3.268853864140445 2.0698706073305586 -24.371412363493516
-2.310510606426754 -1.0630170345674703 -34.7677391415658
2.531279097784977 -6.113821611120178 -20.462719424029356
-5.3094098184888034 -3.795476045824022 17.95516606812874
2.9546417114821066 -6.182309790636489 0.5810439548427242
0.5472643691508451 6.768318460475044 72.98063586204958
2.9326740972921463 -1.5705162185880341 -96.08501946256912
-2.51724270741378 -3.110250903942691 88.4790507793775
-0.20261164653930236 -3.4313066903393863 -50.07280777420987
-0.3726040333718549 -0.11331790968409254 -58.502340079331404
4.925977175253415 2.69880414943104 83.00242083623823
-4.270890983081833 3.8168902030796845 50.67855448692288
-3.5018100803122367 0.8663643233770871 99.26042365820919
-3.4181804573051666 5.799032863160322 -66.92103489730289
4.876046489236751 -3.5116338655133497 -1.6462191278387712
-0.27218866288068433 4.28755774791987 48.758668053264465
1.5320988678393863 1.8765544166422985 -19.3943896128704
4.365905894926257 -5.079699691491872 8.112927961007946
3.955547879413447 0.25721498297961765 -93.20503984076356
-6.456876042710101 1.0893754084920504 -58.65590647010561
6.112815396183799 0.8997297451506441 90.18947163442596
4.9073255139836744 4.28110714401519 -24.74555707009801
-6.753006321104561 0.3450550639452746 50.9489695037829
6.44091783961528 -1.9867361375564636 49.29455848468867
-6.530150144499704 0.9475819291922878 30.371560582171778
3.9158445988648793 -5.253192765149073 -69.49296056646924
0.4690196800802293 6.734913375740534 -69.50127388684601
1.3032677763070142 -3.410894025410582 -8.44815481000421
-0.7231202496308703 6.344913669620196 -94.99248659658375
2.0767292003560764 1.1660571414290253 -67.61125127225414
-6.662711330946368 -0.28399417526629533 -36.097262702721174
4.8433661451854295 -4.174408491661181 61.13868553869683
-0.2537215318709884 3.2607229744952337 -35.54015886136888
-5.107054940015044 2.2397826898697932 61.39731643534955
-0.9747330749714653 -6.255276331468923 -17.390010564870874
-5.632236467619312 -0.997308059008629 10.102493641470502
-1.8594404328906569 -1.4125512273369978 -40.79364632260273
-3.307002833380566 -4.104463820640021 14.495631720736128
-4.602640879530512 4.292699626290385 18.16508220677399
2.6670534383947153 3.609086058454262 3.435704049606772
-5.926701323921355 -2.862099505019631 -90.26099909408921
6.660321486202947 -1.3633739622366634 -79.96697593061188
6.655832261396228 1.157725631590093 22.737673000475475
-0.5227181398220504 -6.00091360781492 99.49666307004269
-6.276642558956006 -1.829663321740233 99.44195427427735
-2.438297784789391 -2.6592760675531553 -8.301299015229052
-0.9734197057825119 6.615651624913178 -12.819666025903564
-6.522996521607389 1.788741203417834 99.30277936057209
4.5329869082411465 4.19993347241284 80.50958532475369
-6.032430088570284 2.7102941229512973 -39.6439907034161
0.22240967983622562 0.2515836331511385 -37.362517944140855
-6.0996021438272665 2.1887236782784742 -85.48297663702115
-4.204654414833455 5.357470969571503 9.600200616090584
6.529002607716299 0.9077265082374034 27.996409291978356
-4.642446670204832 1.2506912198586457 0.20621707728565358
-3.75109058818372 4.837045025452434 87.43560487521816
-1.3967620364638007 6.177719570692311 11.3649092173914
-1.8352201527374048 -6.184237280204205 26.375749297301162
2.045830344592831 -5.661216095651347 -3.6675566948879874
-3.742280002391537 -4.653544189364897 30.547133854012085
0.27903140883994165 -5.107607415179588 -32.24905515794063
-4.028736875471959 -1.6424923088974048 -56.86023666797617
-5.891334671055573 -2.350476652435514 -47.092533867063516
3.0564260384942505 2.0856648487416303 -36.35415750414329
-1.9149169454897208 -6.140852541268074 46.75784440445261
5.8865035800236205 -3.0909867035925944 43.91821325018932
-2.3161237317235166 -4.017756870583109 -52.5210436132051
-6.454996659901847 -0.031742761098867346 27.57699631545444
0.46367734880776457 -0.8082390807666588 54.579830392212834
-1.951147642138953 -6.470076691368201 3.8303332569369175
-1.8160845500483511 -6.342038186130841 -20.63043956773305
3.4776619854526207 5.439383822714999 83.84268563328247
-0.54973513833169 7.038162735146666 60.93010032687248
-5.99171896236525 2.810425694645117 78.65606659098194
-5.5045593820589716 2.286196794892912 85.82754996006364
-3.8899447721362472 4.833382478046303 78.91830990450845
-0.9889665975167328 -6.654701033446089 -60.91763872773596
6.779233611218945 -0.6685453942962957 -37.71426143792043
-1.1128977487167504 6.759654187497486 -50.73748138298147
-5.381299072170025 -1.5101938405735356 91.91451890610035
0.7734273439846496 -4.2055420516079876 77.83836782804958
-3.7513827046038535 -5.177137994451208 91.57614720107547
-5.03380246793563 4.714925941907008 -32.01885275676039
-1.7613933990246786 -6.583930155323553 8.39050203381041
2.638651435461156 -1.9157589012874148 2.406154915359937
1.9365396770348269 6.441303133397229 87.4453397242292
2.388901521760569 5.809322647292657 -88.34046345051036
-4.797632701645181 -3.9923145818707018 -68.50339832810964
0.8782765506709407 -0.2737573758231252 -85.4557360393347
-1.5898825245419885 -6.551035728948678 83.52468919104015
-1.2313730791906579 -6.636659373008825 93.2110816666766
-4.13629043732242 1.7404652194726442 -82.26449325876244
6.451479666799984 -2.0179060148978327 -29.247070046784604
2.212619421391374 2.5570961355355153 -47.736291033802175
-6.428442684878982 0.22828824509982076 -95.73247167442706
2.6336230202463184 -6.33920854162571 -64.73990342936615
-4.368488204842474 -5.1295736086942085 -35.68366080324683
4.758534634257201 3.008182816659216 -31.626411937325663
-4.306486482343524 1.4571528210982547 56.979835740488156
-6.21700682580281 2.6574970576807884 -2.393672368812637
6.3713767075938055 1.2073606739089615 -18.784786416222154
-0.29811704056946453 6.577851222779236 -25.541980552441803
-3.9291781340265923 -3.8780714440714927 -97.57905366089504
1.3350980568923374 -0.21062622116833976 -2.643845076176391
1.9827658008982207 0.7099803332451107 41.29638945486984
-1.0551788528220178 6.012368670559164 -47.84829216340214
-5.692537513930664 2.206433297211503 70.49959262540061
-3.1182632507350037 -5.809377129251419 48.99681730975258
-2.150539756175798 5.640138631783451 58.51097658651573
4.812993436378333 2.873178936314785 -85.75720857806922
-2.459530895011402 -0.5857475689646878 -91.90729173268302
-5.619495977777192 3.596403287620185 -91.44160552674408
-1.4039726028199255 6.576345983410383 -57.04186997325861
4.831407933553777 4.4716875394689115 22.28070305116514
5.519137804535931 3.2612712896368237 -94.53264064410482
-1.6351497001760191 0.9878164094979149 92.26947216146544
-4.789870663832216 0.3063349515330283 -74.01700355420212
6.8593765108752125 -0.9566509844952833 4.098243694373768
1.795359674302143 -6.464072856627175 45.05303316963494
4.206335246913015 4.721772853221789 -49.252688395939984
-4.298556456088362 -5.546726545939059 76.02456002773116
0.6301037066442237 -3.440607510124703 5.000328942637953
4.633348827373212 -4.644727275170829 -33.73328264021209
4.784913159126528 4.366639948521322 -37.19556755984929
4.068849283522615 2.6218457634902466 -21.41653591684959
6.415956454695082 -0.5605563138875553 -55.66552574932458
-5.695204699779213 -0.9908738766262887 19.15286484722429
-1.7725398868723383 5.711335278297218 33.1630196381549
2.8772033105620856 -0.13245746580593765 24.385362519652833
3.8822685038094416 0.2311348273599339 5.1492953399336345
-3.2808390236670744 5.977594128875728 -60.58538878767221
4.503384230123974 -4.349546621992088 69.00655310632841
-6.325968573987586 0.2114841977515196 -5.60212917062695
2.8070637950429176 -5.2101621081936695 -49.19683189282918
-6.857769508268188 0.4226131880688831 15.503450024432222
-2.8532097075297225 -5.689620740785545 -43.890854276012675
-0.6320853812022269 2.8887461613061265 41.51620384273945
0.2819182326795696 -6.560903305310144 52.96810000732101
-4.462442526601945 -3.9572781185321793 24.26634943405898
5.1376231831707635 4.414126706465614 67.88137444075525
-0.7010931160795979 -5.218418196097327 -86.49747514325884
-1.0226636887141776 -2.0684880765628133 7.243272223345273
0.4835437988263088 -4.672560323304318 39.37741970655621
1.8801557121242183 -6.817547140806213 49.16128392101802
-5.594363026580711 -3.032881846302849 -51.30315753113801
5.530428692140993 3.5463117108098974 15.252228243927993
-6.717715524898536 -1.4844882540941138 42.343388728313265
