-4.293379949575644 1.1065607817983523 -32.99542679841883
2.5822703304367423 2.3104046196449275 -85.4892298257085
-4.737265984300436 -4.45386350513752 98.34495509988197
0.43577774266425884 6.589528863575622 -3.6869105311732717
5.336080953187385 -2.8461864270939676 26.269657222567005
4.443495194003708 -0.012892884439435787 52.73845110800393
3.538463241404776 -5.936233098269619 51.762723050826
0.45631477549541705 -3.7110656428036513 -94.05143160459474
6.7023925830783195 -1.0257473681911544 45.92856193566307
3.056805658672934 2.779024971602279 88.86900218932618
-4.698941296683307 4.085389727940537 -10.149942851460791
-2.278925208941855 1.9136879189917564 -37.661469013881906
3.5593710199323576 -4.045120259482696 -28.8828675054166
3.012508854100431 -1.6317112190862055 80.856044916453
3.2655293431840935 5.492140176441708 71.7228527918352
-2.884862726635093 5.157528438656195 92.41379404876882
6.519293658419321 1.6087806679113796 41.296750611944404
-4.847593905598153 4.411936305373735 14.10070141281273
-2.933017265640246 -6.229053144158827 71.0845734365357
5.656191662597242 -2.1059045935666934 -71.48357740938307
-4.906282458258384 3.749911221542794 74.6718829135616
-5.279801049802211 2.627436018321361 -93.58007891615301
6.279291607567197 -1.0263715260523494 78.82487774361081
6.994487175502605 -0.23187592888529832 -99.09149746156852
0.7101602832175675 -6.570063328006214 23.42346680428679
-1.3931851505451767 -2.233843290564541 -73.4379460491517
-0.7932482721364515 6.722213172375175 79.3247618378029
-3.647794033514652 1.041646235167153 3.287055394911073
4.657265816548919 3.516958348199834 7.725672594426818
4.593438989633347 4.824769708040441 1.0763076939366538
0.693715254330717 4.6804170510082175 -54.4211556843564
-3.0324087693173705 -1.0761516003070148 -96.70445469383439
-2.4889759547232235 5.999919701225581 -91.24704990620016
2.44240249068955 1.4790091604631872 -89.40885446727586
0.42767058783272127 5.532031914248489 29.21059338393221
-4.107887822120058 4.887054613074974 45.11680245797276
4.26755227068061 5.189190986432893 -55.20794798682573
-1.2665615930225727 -0.85259973153558 -31.41781847320851
-5.91662360844735 -1.6989942811473402 -23.5608934976135
4.608574602399033 -4.670473696919592 -25.787301716370195
1.9984921266062625 5.106973582159204 -35.6750358046533
-4.557626122627947 4.4686063630569715 -51.817260153872
-0.20225952395911265 -0.3808375854396839 36.681449934809336
-5.156672802897606 -4.365748126429988 -32.166561530184744
0.6378900830816383 -3.5160951371937808 73.98022909635066
-5.918514522991005 -3.2867348834451784 28.588233677134646
6.082377745815459 2.3952825728272074 -52.77312906441501
-6.513305140406457 0.8413263556278775 -55.066658700739715
6.570971166509812 0.1752801338143808 -61.64766254356627
-2.248177119322065 1.7751508714697048 33.072151628439606
5.330714449944739 -2.8463168564736736 -74.34900426885228
-3.265231162209809 5.664524131256143 -44.595738200656584
-5.622200118078582 -3.0741542580371926 -15.150829947460476
-2.557091952125034 5.6154564920299785 -70.07625728977959
-2.197614744932435 6.265874531324628 84.90899697574632
-6.092733791672364 2.655375687978533 65.46360973295914
2.147254180542239 0.9103374983957598 -39.80567809467669
-3.388424210581133 -5.024431841253131 -87.67421587457325
1.2051801554341428 -2.118176965295874 61.316045938960926
1.638473907414872 6.049012965895043 76.95799281833102
5.84392941350092 -0.42198827202834216 -96.24602740469301
-0.2570342162169664 -6.06058128223714 -42.13546231096341
0.2342548906834584 -3.9251677597256727 -19.623452829038264
6.768902677548791 1.0483814135261187 -32.73907807323293
-2.814320366918553 2.0772725977687974 -12.842798519969158
5.864795576230694 -2.816450150106034 -58.8486477450439
2.477351413851886 6.051690271442131 -66.05042019290424
1.3034143743016045 2.964794425846062 -93.85194337391896
1.037989822460596 6.708905843067782 -83.95030944350783
-4.925099413695839 -3.826649941610981 7.543056882904656
-5.972422865438385 -1.7931397060490561 56.55959821609483
2.1585877319525713 -5.329117119499668 -36.13534021593308
-0.14818432281208083 4.140384499429346 17.158036395066958
-2.569011978283121 -5.65217980044691 -33.31083289656087
-6.206042827730582 2.407647402447454 42.00758601563749
-1.0918806467468831 -2.7735905067310527 -62.58897905363195
-5.7990745712830725 2.7713822639027947 54.14808487187846
-1.7783452668185242 6.35179546540027 23.30408147395357
-1.7121355416551713 -4.247997337293752 -1.854923061459261
4.598573178447663 -0.08642572658125412 42.73190968791098
0.9013636400191376 -5.175991362329338 10.170127598980798
4.229595674462914 -4.623879767426771 -14.30628498376666
-0.7253979143321693 4.702672980258823 90.23093834308916
-3.7586560897029484 4.668797379718079 63.826131952906984
-6.589900437738881 -0.6311383939901235 -77.53536891370373
6.04552907510428 2.930364125256951 78.06846356171121
4.9933754073429375 3.9087477138883595 46.15367476373083
-0.0035064979560419374 -5.263574666695463 14.547817812066366
3.372574020050979 -5.555567931525462 -96.71522053157842
6.416852763402328 1.9980920889206912 65.82303119503068
3.968154260722273 -5.388808762997538 57.79847847170476
-0.49281160968621907 3.115666570664026 -78.8433809332411
-6.42448301104366 -2.212981610342576 13.984395738422725
5.267523524582175 -3.7168032883858686 -67.62946500797386
-4.041814374764629 1.1422097395193636 52.10742473404745
-4.649313484431319 -4.848711108728919 -22.010480090393507
-3.452908726837147 -1.8405333396428347 -83.20630612907487
-1.6009582990051667 5.754362067477554 -17.0729888844629
-1.9808651624115559 -5.868887065057434 39.75480904998899
4.7680727591012895 0.5197862259633332 2.9701205107432007
-1.2242154747420497 3.2175216780525373 80.65142025296987
5.871099027355509 3.2879753676755046 4.232740840322914
-2.9985114831530084 0.5835772547247102 -62.680877362722086
-1.887181316710544 -6.286275612030883 16.914121461432906
-6.028217064413042 -1.8731730348987632 38.405776855512464
6.251338764245492 -1.4411176038903957 39.77593103480375
-1.9826909068523062 4.4326342667234515 20.59921474072475
-4.769734782010991 -5.066251884889681 -93.56315171080759
2.758992345335331 -1.5788926952206546 -66.45923418311843
2.739763129342566 -5.548493217856701 54.63734082684459
2.878683639096432 2.144525237304821 -3.370867386296136
0.8513018027216374 4.149110724022525 9.128120568458089
2.0426865438634323 1.3346105315527526 73.10225943944363
-0.5959955492424835 6.681622731049732 94.33946522969738
1.7044425174054612 -6.433908901862764 -51.39882118388394
5.910473972750159 3.24642930582521 92.92847602764725
4.249474307311957 -4.8331109346674435 -62.040799753756836
-5.0736930060345635 -4.431060127858023 43.24488663671898
-4.220993355821959 5.129614942653045 -37.354757464857045
-4.049579734219926 4.478974819371661 -84.61603421624955
3.3186734379589025 -1.629859648494213 13.070641862701624
-3.984739454318263 -1.483213615737779 1.0184852034962064
-6.414419608326551 2.267683828885281 92.31045520210527
6.641052586689003 0.07230731566389503 -74.92021334989472
-5.904854693447078 3.0427808112063026 -76.99499288184367
-1.8637194747767576 6.511988503197301 50.21172497633135
-5.381209831456835 3.815780690692352 31.17219186047218
6.005197876132112 -2.9964795219534754 52.75224097771238
5.927577468642266 -0.8305359484378894 7.3851705134853995
-6.840120041028294 -0.03859436342915459 -26.60134501743878
5.016811323270028 4.348868054810849 12.571297146366755
-5.58714771848372 -0.09099718489200703 23.222875553967725
4.975598243772125 -3.6298622517043757 86.96892237934073
-3.6551886801369804 -3.116987361756249 46.898420058652604
3.707484622856798 2.2807865081694727 27.804698712326996
-2.4363099352678765 -6.3572282708678305 -66.00223465987732
-5.415089760500084 4.924283969088357 48.3814106389121
1.354589087027987 6.361705573769846 -32.2470916089038
-0.8794103865219804 -6.4851747343659785 73.66823456526824
-6.1604633380909215 1.136263725574402 -51.52713481666779
6.0238014740664685 -2.6756686618164105 -35.246209065214195
-4.670500274883694 4.7122194145136485 57.0218371507813
-0.36763647529314003 6.620562687409753 -79.43365142156355
-5.3071591992980665 -3.435324036542881 -77.56331394577258
4.8494428504990355 4.100784002667979 -64.8214173346735
-5.016449987687693 -3.4836287889975326 50.52525640967874
4.459731640820188 4.932120259056141 18.659850284014155
-6.235928689310325 -1.3810094874984562 -61.99092782075145
-0.10609618055868505 2.991073524331043 -60.756834669473655
-3.4588414520357382 5.40836816148038 -94.3539097743807
3.501971085125942 4.730445920410917 90.9517205482084
-4.743850135355032 1.4717693404631538 13.89491974066738
2.4784269212348895 5.954340029193189 39.14916199643414
-3.8302233251319975 5.6101068629227475 -3.2134536811835015
1.5363471094343086 6.547845733305949 -98.93524378911448
5.931456720660417 3.406452435532296 -4.000488227661364
2.03061572877104 0.865085767366847 -62.57270802314374
1.0662415206896392 -6.443284232760135 3.2263778244416517
4.270870754250511 0.9759136630972611 12.083063687595406
-4.408912497514435 3.1784658896914064 23.09756423079487
-5.305078185725595 -3.9670269147986374 -57.90546141680199
-6.628216364530164 -0.8092238650487502 82.46714572367885
-4.729523598391442 4.176405177639957 39.636389141829376
1.6531289251378047 6.265402403498811 42.511989153946914
6.4187144050709115 -0.07558433723270999 63.50243478601884
0.3320299259873046 6.497989550297612 1.5460871249740171
-6.208034664496618 -1.082618539923128 34.740589801364386
-2.8859599590215006 -2.1945704059578865 26.881808841614923
-0.7800461250782478 0.3950560392395107 49.08032379217407
-2.7403910236465636 -5.445218346465591 80.14822247596888
2.729769945027079 -1.847789041590977 -25.72001790858109
0.5978503323037505 2.48926031868449 -51.44985549010714
3.0577957555334034 -4.943329595900908 -11.210710088212736
-4.347931472331182 -4.80444780451285 -63.62291194558495
-1.7562717062921702 -5.378179707398923 -94.58902715204555
0.8516041069662694 -6.540934798019054 -96.26781665524999
-2.105311592493128 -2.7330640160283624 39.06520680902325
-1.1554288273737203 -0.4485436665004169 -18.08662223320139
-4.846498024261097 -4.625322873409846 -7.643084046806317
-5.408843426725793 3.3769943393823736 -27.50235019329192
6.059360624217701 -3.08436068916687 58.16288647824557
2.056643571354415 3.613989901491712 -41.644553759345854
-6.583601492907224 -0.7118707977972397 59.6690093912133
4.990711388882361 -4.440063019730743 -80.37029515014382
-4.788180933735453 4.183841025942703 83.15984866145291
-0.6338245677499065 6.604882935236505 82.40791978962504
-3.171311708773976 2.854270074623081 89.97099452230479
-5.806032157360929 -3.6868844784626824 70.14256653851658
-6.641979699153712 -1.3698869958000925 -33.207850160782854
3.808332753565215 4.662122974129063 -60.752199936670074
2.385608908378174 6.351039902502105 60.63818583855586
2.8968827303333184 6.04151715493157 -26.23098804502117
-2.6222493374301052 -6.27585769659391 55.130437527597124
1.243858832723573 -6.582795952862069 -67.24220359609956
5.098992555202426 4.0753817146417814 42.80369492587493
-6.687920988072599 -0.8172921290073125 -70.96658463499621
1.8027319608185548 5.792045852356393 35.44851588650389
-6.4031218142333115 -1.3548608856523907 67.63794692064116
4.008457101257112 5.543392241280429 75.37963926497272
1.3836177135616101 6.160726598347926 46.07017627016143
-6.063582859724024 0.3955650371564744 -88.04964348121527
-0.4776022577155644 6.189531045248282 -75.19747731669626
0.2678341708320335 -4.534921995729032 -82.98980769014116
1.412286527402216 -4.323260118576619 -91.08708481113896
-6.49103897930491 1.9666045266738217 18.63208514034159
2.661891263074632 -2.167456099302928 58.35358546895315
2.0923821874155073 6.126902732542531 6.154289914240943
-6.372745503445853 -1.6118813226016602 -84.74943811261572
-4.354382135449603 4.731832055065517 -79.92183173675456
-0.48111788091612806 -1.1129277176019228 64.79757542100664
0.43328459133149 2.3439756206585303 53.822006215810575
6.633328448177103 0.6770607918743647 16.2214582747674
-1.9277568501947446 -6.375729747831428 68.03025814573999
2.4667950231597984 1.8832015401411148 -59.893534318351
-1.821691330375845 -1.461748378902028 51.57526539127727
-4.3178240715598655 -2.023287480531801 -2.5236353160272844
-5.820964214278824 2.7628896172586765 46.03295161176582
-1.5545334762214655 3.4477321552185654 24.605041296901536
-0.713267937173861 -0.07571182535663992 -93.88662761521125
-5.306831477326107 -3.9033087344836437 -80.66329300206333
-2.3294386207725077 -6.361651034318388 86.81828984840236
6.369504841014098 2.2779306967094985 95.59043488476323
3.754650221884574 5.528249193814348 9.694163722669673
1.9359703069473106 6.115033810239499 80.37365016628179
5.700247822757891 1.6947820303725698 56.12438567703095
6.184117704429235 -1.2950074674949774 88.38013042992861
3.6923501911623946 -5.370142092492036 5.033983527484639
-1.1271751804704233 -4.916562595408548 51.40947204999516
1.4322916343494045 -2.011870127049899 -29.240318753626727
2.252574675266876 5.382605703457403 -44.06146354576132
-5.49853548829845 -3.56266068301355 -18.6358496122272
3.8763865045303736 4.27477565082074 94.80684580650937
0.7564531975890584 -6.738158604557547 -39.48938217333234
-2.420048816306042 2.234274140717104 9.324118671507229
-1.976984938958217 6.453958166901737 -42.01279178111559
0.7674000439979713 6.729196924496658 66.76348377165972
-3.278716699951326 -4.614316612040192 61.07265402111081
-5.872503753990409 0.9731461333972663 -65.74294672980105
3.363573162684569 1.2039508330941053 93.71701596366216
-6.8619742180051775 -0.7368147435360259 -29.90435996177991
-6.44758081420829 -1.5394687278901888 -81.43951593450728
-0.8729835222699258 -6.304339769757302 58.495748875974286
-2.285052514288675 -6.349375763893081 -91.34140493012481
-5.354295894955382 3.9567376437169357 34.55800939443601
-2.718993925940203 -3.7337890124434576 53.37827437263982
4.789504267426413 -0.22958872406278685 69.0707259642531
2.7746108080592533 -4.938536592111873 -72.42839715004723
-1.1213503575897785 -1.4983015521814123 86.03757488255506
5.442177988180536 3.86039076246153 -17.05240116067209
-0.07311827704201884 -6.582920812162503 -63.551885321585544
-2.1832551862245744 1.7795370499089678 -29.79035932884906
-2.675037056300108 6.227287751719594 -9.873464886877263
-3.479762654555188 4.865494798507504 -22.489746083939156
5.766305130453592 3.741530087612752 89.44081134942645
2.2155820041742507 -6.229730132506377 12.704202647609254
-5.752250151042364 -3.3544381617642736 -43.69590859770986
2.6519354812677403 5.988305107985541 -78.79311326719353
4.90720136409326 -4.315605675236128 1.8249272774629888
3.016481756197516 -5.2108332439576195 85.77536256026075
-6.593955589730707 -0.3016237230203029 63.94497389237141
0.40491146278919476 -6.717007680936043 88.91712557159762
5.767218714933832 -3.2060684788319223 -19.154116608389117
-2.7959617654482294 -5.213441519920125 -48.958971503435706
-4.1715524290158 -5.298304930842279 -84.60529169037306
2.9205565247337755 1.0126545066167854 65.43550876979988
3.5422456038520687 0.8722892433841801 -99.9075709808448
-6.11683828453428 -2.200102913139022 -7.061144614356757
0.283763626447819 -0.7547514108632088 -88.82648594341018
-4.444467337035526 -3.5063672194717954 -74.0954581273443
-5.3717737871082 -3.535285684933246 63.93616744547227
6.457842740285092 0.32700447438345226 -23.456942097307188
-6.530664984023059 0.3327734115688763 96.79343172211317
0.2880157124139411 -6.775851949456618 -70.67718593086178
-5.650181437578469 -3.080408233962832 80.6800348882415
-2.5938994727460574 5.80836937589098 3.310277766029407
5.622679059447492 -3.1733540006677803 -95.35998815513481
-3.1244527934771265 4.115075106923093 54.512889729611054
2.5629523146154836 -1.8815383708730051 8.221615093155341
-1.044545888452783 2.594002607020499 65.51076507344435
-2.440478875973847 0.9254536018776421 87.72902964000725
2.924412509034068 -3.8819803666462205 95.71628935767963
5.907544971872957 -2.7834840386529622 -44.554149469131495
6.267525456307795 -2.8541048626860412 73.89107297089082
4.857321156653369 4.336931575264962 99.69773955182247
3.2215418677197993 -2.435503438561812 54.78538060535859
-6.910653036847627 0.46323800828768424 -13.636821785687362
-4.528244827646007 3.391219344766075 -34.71530402881464
2.3457938479813913 -2.2894463845330053 -37.48301830118523
-4.038599798928211 4.22565473108455 95.35432541200069
6.352468781029633 -1.8590365844327255 92.02784905047741
-2.9765469406159237 -5.969221434032927 -4.694764804208792
5.221811730600079 -4.305189743019392 31.97512177156829
-1.5159913440764707 2.8152908814772757 6.222136640953459
2.504254701020337 -1.3306347820369129 20.249748906037773
-4.162791791152772 -0.20922049299809298 70.93456362661402
5.314636162816744 -0.6557420817578042 96.92503435792648
-4.335894360209311 -4.443117882368415 10.571857631481832
6.4263930326207745 0.7694262597287398 75.54149392435555
6.176255954906415 2.648460303347222 -42.75135474343709
-1.094679936784698 -1.5246927726809236 -26.85923239934913
-0.3698455613340133 6.943431510359808 15.711891084468316
-5.469945092828789 -3.379722363663405 -29.48767439728715
2.995204311694034 -5.844360601188942 -84.01624477735852
-1.8882357432536059 -2.0371146799361677 -87.09222454530834
-0.7789565267133799 6.614412283396237 7.319267805262913
0.6465906599649224 2.060055791393186 68.62407082092172
5.32390219420358 -2.453034126674639 35.96899088985962
-6.7755877116081695 0.248960639449551 75.7090350277646
-3.4896567758919153 -5.704926890129403 65.62742486898932
3.0817853087977727 -5.798048722675105 -93.77467808915203
5.07142952948622 -3.8065813483842246 -41.69800357099918
-1.0377428167291747 -1.8818450136323743 -14.015324165015244
3.2663170258800553 6.0511425004022135 -8.058600804045872
-1.6847584516972056 -5.891814151844052 -9.885319298726614
2.988596972040076 -1.9152496871357263 77.04880124636266
2.9784391420069616 -5.791242544022877 -16.863469029377008
1.6794453743523872 6.492469500260034 -57.91990231809981
3.192015360732273 -5.83146079046876 30.501973315491053
0.49832053823331907 0.46235683890429735 -82.90396940223603
-5.758637599113548 -2.7155300293301408 75.55890535722963
-1.6791686107248602 -6.283182910086202 96.82294943900223
4.344139282511979 0.6982567125075365 -57.6236888472275
-3.3435222935291673 5.123512978654201 -75.5887388721924
1.7603997274672396 3.1982290822980097 -26.915226886193963
4.671463191944986 3.343101590524831 73.51270057072232
3.9609292889440195 -5.525232619100516 -87.9118832997111
-1.9797058846789009 -3.6935520062526566 -57.732127184054555
4.797556542981482 -4.413364966608725 64.30619645037042
4.248167381925703 -5.090841847460934 -56.02392349255814
-1.6155712294951439 -2.501075571288118 71.11775783820208
-3.9305762866150697 -5.3692539150087315 -60.77144832684236
-4.9931599499776 -4.652828885129431 40.346579868239516
-2.2319789021629246 -6.435060543872787 -54.69188906414312
-4.411775776472602 4.756019179219288 -47.8580297779248
0.14155246090424045 -5.784119035201549 34.74174945680675
4.483982875374953 -5.048225104020662 48.47469521491379
-1.088504559153663 1.5776170405924905 20.221297285027998
6.468486361940666 -2.5513052000085015 -90.85815385895862
2.488049125911256 4.713708490674281 -0.8966217263173009
2.682087206776937 -5.842818294654735 81.3409346240559
0.25779153530848475 -6.43549362025994 64.94301055533234
6.608110187564794 -0.447807513855665 -69.16744683355194
2.9276452226571443 -3.0443385407880723 46.11551673877987
0.2731035153202465 -6.532791519293047 5.925018663755834
6.4565363511034715 -2.142184315363676 10.105206547297868
6.320416635100971 -0.24875213268895102 -0.35590540813309934
-0.07587275331053789 6.343048497339995 -62.26805136445865
-5.832619387888891 2.5533719902723977 10.189778722676397
-2.9089661263389774 6.118228640463525 76.36677746835343
-0.9501388194184996 6.55950112553845 69.52928566847659
2.5948587999751767 -5.429614404727617 -99.89108834618914
5.540260225416675 3.105730302426014 -28.296500301339183
3.298611477655515 -2.7960753650146932 -51.2824008977029
2.94776749087178 1.0370830496175514 -23.90772347432736
-2.183667987558357 -0.32814850850729693 -34.45093775204618
2.4548754619621276 -6.09552066159691 -19.61553241963939
-5.930547772824481 -3.4622762826725912 17.84959683296487
2.79483017860189 -5.695075069629225 0.5681438538731993
0.456302023451483 6.768994083264173 73.04865582951562
2.811468139545257 -1.8727381214852232 -96.32254450721283
-2.6483691761901547 -4.521779281802482 88.72530405474566
0.10753496938510396 -2.805744407243208 -51.22553976761212
0.25805650406362457 1.4839067684975555 -55.84143273283948
5.247269090035834 2.5264223883890766 83.30670719806973
-4.684904740493094 3.957549266309827 51.403756871399366
-3.6310802560361335 -0.05385080691062846 99.45194302373686
-3.4181804573051666 5.799032863160322 -66.92103489730289
4.079772667586845 -3.056413257552414 -1.6393194792635193
-1.3386041748421658 3.7086733136556496 47.41771860918791
-0.32132961051455433 2.2922565736283094 -19.59125151759584
4.970457276260316 -4.574753988841144 8.285439420830645
2.6945530224454464 -1.1492310300686386 -93.3294172560344
-6.547333475735015 1.4765925439799672 -57.90985085221407
5.918236465058783 0.9882152800598863 90.39672257310811
5.380704543567916 3.508549653300841 -24.365511866226818
-6.693107880568559 0.9298043781315304 50.47477652307064
6.264636332906441 -1.0539873062326597 50.02808214304595
-6.624212581505419 0.8999752613764382 30.370910493153474
3.9158445988648793 -5.253192765149073 -69.49296056646924
0.7225779843853697 6.460556055945588 -69.73495934106457
1.2711801034315051 -3.2451995170883516 -8.826872226303335
-0.7231202496308703 6.344913669620196 -94.99248659658375
1.1527858850249695 1.890713822872929 -67.10108403789032
-6.527043205755844 -0.5215422763751305 -36.512589817410046
4.8433661451854295 -4.174408491661181 61.13868553869683
-0.2562548619887065 3.203209360557707 -35.430856991222605
-5.968256431717922 2.9961825333864214 62.58185617939563
-1.5200567192107974 -5.860398209455576 -16.927278515434285
-6.154363055262768 -1.6496143995898878 10.53563078823698
-4.14660191101315 -1.1624769186919561 -38.527163297778785
-3.307002833380566 -4.104463820640021 14.495631720736128
-4.593864834649983 4.310750853493509 18.152863428201826
2.9175265600619116 3.6903613812418534 3.789582781038543
-5.579515549110847 -2.3558888854325533 -89.8395311889908
6.257206504720668 -1.336262680738915 -80.17006477005022
6.474116215697884 1.06722321035042 22.34985308393884
-0.684168988234204 -6.013630185861777 99.74557079575405
-6.302091170900343 -1.7872698364081985 99.41016028215772
-1.8018841503802205 -2.537410813958002 -7.703959972616164
-0.9768700470780965 6.610323078984342 -12.814886231929217
-6.309852142711588 1.4770527127068116 -99.06557436953048
4.675549108293698 4.140793474875822 80.39139761437164
-6.39991303926175 1.1444054992512949 -39.29217645458808
0.002616798184907135 0.17350027817874375 -37.22333901357585
-6.020841623923634 2.1185041200527257 -85.28070268029066
-3.9959365396158746 5.320363518390135 8.520650659630121
6.561152619946745 0.052305929202866974 26.40048348496328
-5.501289482595719 2.4976683867108167 0.9298655366645265
-4.008300449113827 4.809300901344881 87.04003352836355
-0.8697102809178066 6.398920290812476 11.292684413601206
-2.5880157912984942 -5.776351782405601 27.248307318751205
1.4470407531348624 -6.521838207829932 -4.115327731290776
-3.7403432771531935 -4.662278610011326 30.53385938161136
-0.3810222192437921 -5.161689659153338 -31.42630026715541
-4.172830293493252 -1.404227164598459 -56.533149918778626
-5.874037766778646 -2.76659307553207 -46.577866786494845
3.1204707757612264 1.2382803695454707 -36.33330042481848
-1.9227261045926927 -5.705393467012189 46.54221609555255
5.442887473473194 -3.2200818349808507 44.32979768062185
-2.8441694336626084 -2.3753743307828312 -51.12168912627537
-6.577935818279269 -0.3113834450048545 27.872688589543724
0.35761579228448026 -0.8356126840451379 54.43901656444122
-1.7412980029125837 -6.399696059894605 3.442115541865493
-1.912818961053618 -6.292391390629603 -21.071843417047216
3.4864608228127465 5.480148974274529 84.0916460484016
-0.2905417002093846 6.838448370269381 60.76352703429215
-6.127753725882826 2.704218830397702 78.60742142150319
-5.378739373047436 1.886914867664419 85.76038605807638
-4.534503843935877 5.126065740935009 79.71230658601856
-0.971910275206593 -6.765437255294536 -60.89485098297919
6.61920651348397 -0.8373983540262979 -37.43596410943719
-0.941706524580473 6.370808392451805 -50.75527694142548
-6.597244412522533 -0.21583115812426368 90.17899792423069
0.1156384767297376 -4.648748200171395 77.35588315090364
-3.9016872355122922 -5.088438544822983 91.64266020341697
-5.03380246793563 4.714925941907008 -32.01885275676039
-2.0453995509466565 -6.1501791262011745 8.711288803457972
3.0526780304722467 -1.714455505935942 2.439248421471904
1.1546523711125334 5.985556511953736 88.52155270775742
1.6406979856569255 5.861195286873095 -89.81034765685581
-3.6346684292440927 -3.95926308387079 -69.16995209455636
0.4377681214396365 -0.8960912352478472 -85.30454652506822
-2.0324786067172766 -4.21921568195572 84.312447293466
-1.5104462964985108 -6.545247244681748 92.57413619827558
-4.501901617877999 1.3956202710640984 -82.42242102893661
6.329879127409858 -2.040518295178304 -29.170541164558546
2.623438455095139 2.1913530875640017 -46.341515264049555
-6.179410370240665 -1.3574448164227402 -97.58889104280347
2.6336230202463184 -6.33920854162571 -64.73990342936615
-4.67754627405003 -3.3569275749117726 -36.14916804401835
4.381992179569283 2.751213588889776 -31.884239080640448
-4.758674584381092 1.4503146371054518 56.8431716699609
-6.32427508309391 1.8150004504668307 -2.1758699888336723
6.721675445574571 1.107395352189675 -19.23227016330265
-0.3318558915553302 6.5452349195935655 -25.517354900935445
-3.654100459513625 -4.117336216678626 -98.66071668662225
1.499600443789886 -0.2667909170212912 -2.7560923169996987
1.2473315003973984 -0.5715599521352647 41.83331253395468
-0.9681037600160547 5.468435220387846 -47.758318211237565
-6.67261199308596 1.9432949955274137 70.15232573729061
-3.2532212591114624 -5.8427783800672195 48.903417725303086
-2.5182716454428453 6.0356661774462035 58.095601492824514
4.427206709367933 4.824872467512564 -85.95260512040984
-3.2599264729774964 -0.7711575041134993 -92.34060042956338
-5.395550409264609 3.8351641763863715 -89.46032249069464
-1.502788406144898 6.266417083257635 -56.99230170104436
3.8987948025860537 5.3279511362360985 21.36604264826553
5.7470272109236875 3.2270084047828616 -95.18949220344913
-0.40582215791131837 0.6847353704438681 92.83341482012708
-4.888940953935409 -0.13190415589467938 -74.04892554088684
6.705237859055543 -0.8804351757849577 4.081517536623023
2.31588219376318 -6.019397483089698 44.77623319456377
4.206335246913015 4.721772853221789 -49.252688395939984
-3.96446069055952 -5.316667662751077 75.77972459922323
0.9356804213201171 -3.26448891251655 4.66744690779211
4.097458443129003 -4.375125695272601 -34.11840204387212
4.107818834088587 4.898158630205613 -38.28996773407604
3.976075228056402 2.5262741212251023 -20.85865300285271
6.657358866174857 -0.41119904445420086 -56.10813405814233
-6.331635431337316 -2.0339644121404246 21.028193352225998
-1.877016807778447 5.190410714947343 33.3647382811094
2.740081156843875 -0.6194083851496799 24.055550240836126
3.6396811458381597 -0.16009462854143197 5.3606478154273765
-3.5545242972286513 5.658195678773809 -60.58198105253566
4.281604910891544 -4.789970172914925 68.79099422686349
-6.776545073853665 1.2998688915694105 -5.533103518069146
2.714596147733162 -5.5829834973678 -48.75810123586439
-6.857769508268188 0.4226131880688831 15.503450024432222
-3.378129629611367 -5.738095584783943 -43.88708192777626
-1.2409683568482017 2.7976594401241566 41.452638355108306
0.3770150203827104 -6.782382611726115 52.77289173384245
-4.458048533106028 -3.9243577187554095 24.43550803316533
5.215027806801996 4.314697207180375 68.03014349326244
-0.23398397756717687 -4.807955464194875 -87.05407079454542
-1.553461277769711 -3.0386518207564395 6.8377329679180665
0.7739149603370115 -3.698979055990728 40.552877226708766
1.219804704966137 -6.127643340450719 48.188380962770516
-6.172898139188657 -1.9543441413569336 -51.36401313967016
5.579323016867195 3.5145856667789253 15.373363088419561
-6.720070218868755 -0.07619744245525384 43.27273760709942
