0.19124226568441738 1.0545431958674871 -41.018901103351055
0.614940153155598 -1.6295640195545273 -85.00197136671912
-6.2175080163954854 -2.7640080985928033 96.55470805232835
2.0338751352110926 5.878479077284916 -4.999031757001457
3.8815266186115154 -4.428139524642427 24.716648409177214
4.209418694059872 -5.056176055431437 47.494856208097794
4.304626101641691 -5.046536200284506 50.509434201049366
-0.6599055061764258 -4.183559697152033 -93.06495700302979
6.570633459433576 1.3647591526013065 46.381075254577446
0.358906139135008 3.0257132517002634 89.90041245659663
-6.592043075577534 0.08494493295674098 -9.453758968377008
-5.430393943006099 3.853838629317066 -41.10948643440477
5.086925713167851 -4.115289254196991 -28.496209572344448
5.84343305328791 2.429366446153835 86.50740102205678
1.7225450867589671 6.50600407610974 70.84335050154405
-2.2350148539543415 3.7645161267075222 95.42959872315411
6.148683011390568 1.766483611291584 37.02840717849335
-5.284198903623656 2.971206952399008 14.182072487085403
-5.228979755552062 -3.8832564146911346 72.92140383349269
5.44151288137401 -1.1492403624835994 -74.50983166732269
-4.35022890148211 4.57788795952453 73.08773916698716
-2.8902008449015195 -2.331556521557437 -91.16343882286911
6.260008251495373 -0.8240316428101039 78.74700886751559
6.250813311464776 1.0178123452454175 99.01475040865918
-0.6887171152302786 -6.638329455811473 22.632797014830786
-0.018494130278625287 -6.181601285554824 -72.85451856900279
-0.5825760405923566 6.154606925134224 79.03802700387962
0.10429987474883351 3.9385624705330464 0.5983632948449127
5.594439484670043 3.1458417641680896 9.26402335431538
5.668769145594529 3.7833196218472502 -1.408809147639025
3.389960549716267 5.75665387692846 -55.221002405069335
-1.6345543122773711 -3.9328077736629488 94.12409217364149
-1.8693024509006577 6.150982220151373 -90.39721827855656
4.190006839402977 4.525783863796265 -88.487466952493
-1.3270549635748699 6.624997943476382 28.69381300346967
-3.4288977227106137 5.937435863759716 42.14032112704559
5.398716175382629 3.388320644636843 -54.27692308703774
-0.09353520799325127 0.49308039357412276 -32.07574510348696
-6.506049551673425 -0.02561778897290401 -23.32956431422042
4.738444409314716 -4.68819117239879 -24.535731533400977
5.162512616518807 4.496535923471007 -41.683009089596105
-3.767286326010909 4.7467439443181725 -48.62767908568729
6.377741482028516 -0.33371191557558466 34.35669914009213
-4.811504861709886 -4.242374583159776 -31.55810055093977
-2.204971794038769 -2.0877881158411915 73.5239186812637
-5.9883071028645505 -3.5890492289979044 28.25453838259504
5.3305498271916605 1.4433129288654871 -51.13607760842426
-5.597436810769053 1.7017503151768987 -54.482066384432954
6.169835577454701 1.5857423022110984 -64.05353096952506
1.8031818107922493 2.0329624732960183 30.065353477920013
6.123289814629707 1.193364313495978 -72.12202973992471
-4.707906735363233 4.3761845590455515 -44.52727759423926
-2.89538710242919 -5.55423199690277 -13.48716809706304
-6.177050916270345 2.8765237486396 -68.29010681893512
-1.3309417208697143 6.286246482283245 86.44297316657074
-5.0168522244541975 4.343397188438178 65.41768591338342
4.059490992059814 -0.004822730286941038 -41.25214944052786
-2.388300763456995 -6.221588319434585 -83.82180601174312
-3.3559945409876164 0.6090798925826866 65.03471323065348
-0.5470953681932262 0.12248924258301816 82.80559292044607
1.1785853150224619 2.8229213825510846 -96.61444148327566
1.1747729327269976 -6.068735461257236 -43.13713294932802
3.150640906110095 -1.3181767136782438 -21.45219773201312
6.07425561177556 2.232054756785508 -32.20063853784597
4.1423489607839015 -0.5551360068054391 -15.764696203482398
5.1814171804151 -3.9112046262470814 -58.46296189728788
3.6584210436950113 5.709710446758036 -68.34316759827212
0.8465888896241889 3.823738920531538 -91.49977570057001
1.4536868427910732 6.4594045411602945 -81.61605489469497
-3.7317685325941325 -4.373140914264497 5.863670922978714
-6.305156176127922 -1.5006664094325102 56.0112299456398
4.0007925783006355 -5.151147722827645 -36.13881573440751
4.682968429295413 -4.505765245824812 16.779416216382707
-2.6423463718374585 -6.181480710282069 -33.14284464461792
-6.383591310394698 1.4278246326260482 41.18899306472003
-0.4224554055203403 -3.7138384258841444 -65.34222815294336
3.3290634596738484 5.910119363449767 48.70037106028525
-0.5112636471531018 -0.8048401770076823 18.315670202571845
-1.3437300944326287 -6.547560784655221 -0.9323437114820768
4.885609467966955 0.2132831758178645 41.823772244634476
-3.696812919495578 0.87920593094413 7.32970524831992
5.050258273791046 -4.381925946295986 -13.246934597199646
-3.985390119065675 2.496766305134475 86.5617985974311
-4.447205371082268 4.656779675527574 69.14490107031872
-6.1091420842808875 -2.5386301017541997 -78.62733756127982
4.55325423610647 3.4901260196182244 72.66360570650143
3.833427080130937 3.977808366470893 45.993303637051966
0.06407243138819974 -6.586141847927583 13.03543914349911
4.091137613523502 -4.960313108271883 -96.74248197462742
6.108206187097688 2.499670258809177 65.27883975760902
4.341933060028856 -5.042722361463213 57.698529503575706
6.070688254549992 2.841329657045152 -83.67730366548147
-5.965973348975434 -1.1488336159178085 11.471991536529146
4.504262513462932 -4.61460657059261 -66.49302974591006
-3.7568596419572753 -0.16092424318197268 55.955542470010414
-4.564905717565642 -4.160515588769104 -23.9434093095826
-4.234132290678099 -0.45400027426626016 -82.97249256024188
-4.281757806493185 5.151621237281563 -14.532586637086858
-1.7405804667444387 -6.218025501241439 35.82457391764782
6.636301256564385 1.193857235692332 1.744266403361098
0.3384097586541744 2.9895676329124705 84.45425549070085
6.275837690269772 2.3244969849357604 4.743352554531975
-3.2578938008108307 1.5849645266367693 -67.93518749717948
-3.035537150154995 -5.638340905513105 13.927263219491994
-6.023448285678828 -1.806674761027672 36.89822307207953
4.307208243180389 -4.993647096459516 40.702655830727416
-2.1484352355534373 6.168223839828551 20.966686061927128
-5.527464664006377 -3.1180923289969846 -91.90243443053348
-0.5088729777416902 -2.1541891440909042 -68.68388492992774
2.6689233280803473 -5.988661771091838 55.529864971863915
2.7176210151842 1.2654782211832196 0.8684739334764873
-1.8883868260350556 3.182391073644242 9.39518928367209
0.598834374818305 -0.8942687390285204 63.82026663388344
-0.4845189140294337 6.432560329963643 95.16233045740644
3.010749951585553 -6.014233814949295 -52.802589533183124
5.770124216875537 2.948168049471459 92.78851111757248
4.700241994437297 -4.692432289956006 -63.11342685050305
-3.107732321498428 -5.862759949318788 43.36541139174073
-5.123824689327799 3.7525071801753516 -36.21837534309145
-3.193051751246531 4.763164895236175 -85.53661660351769
6.414796130058395 -1.7848037067994085 14.469763340135437
-2.574362633000316 -5.08130805031971 2.8969309260485705
-2.7231341435065186 -1.0163221254441905 93.09958111278073
6.3794692903875845 -1.3724601817905706 -77.51217313580764
-6.30704234501107 0.8640334399470745 -78.59809276943531
-1.642180672836648 6.079234490419441 49.71255367890419
-5.545311472992729 3.7015401143788282 29.012706039688876
4.564998353070051 1.7986916387359588 54.84401437315726
6.80862143325168 0.2724863844140971 8.531388711669495
-6.355819324378383 -1.1348839249460234 -26.296316964235025
4.083491033268377 5.269278460299493 11.584437177324888
-6.574106850571768 0.8854774043819379 24.07166460029536
5.401160869775259 -3.766393942210501 86.3618015607782
-2.996694863136902 -1.91256037396572 43.91165276245717
4.53124194839346 4.324784879428949 25.735265802140365
-3.953240099926377 -5.46686263313862 -66.57036004649137
-4.108908269850813 4.533673691398647 47.35229439658036
2.875089706149895 5.836081822104984 -30.158842742966943
-1.3475746126949315 -5.71981327160181 73.7099808784055
-6.378297256654277 1.5617349040682404 -51.21209925555469
6.423969922866461 -1.3832265915863249 -37.36009538102849
-2.5071976894828425 6.2061355118252 54.900859482636555
-1.4760370008797306 6.598763877542523 -78.68828901536365
-3.0847173415740414 -4.964012093675928 -78.58470105922656
3.3076308237318957 4.8962717015650945 -64.95716547344404
-6.225882088608395 -1.9473607673308095 51.04577261028319
6.347954405401172 -0.1576659365569322 11.961819429645233
-5.902232954538424 2.4992923244488727 -64.31617982609171
-0.3151481384297235 6.214708575944315 -55.11138887868621
-3.7161990106032845 5.6368367968043405 -94.43496359997518
2.071641525904004 5.630480294459157 89.34509986280932
-5.967363533920543 2.2564273067790412 11.419223644526213
2.62588135286053 5.7842485151553555 35.932030183241636
-5.338703563412115 4.07207927322595 0.8927677512532735
-1.5034671437394522 2.695939179462641 -99.54189990168372
6.174178724735616 0.380949817956132 -2.498907197072163
5.49657511847378 -1.7112597088814885 -64.81484832761743
2.177664381249511 -6.418158153297978 3.5543724424748637
4.122505123698949 -1.5833004790763847 9.256407936732016
-5.513778198259238 3.4759425101357735 24.012739068797334
-5.816867238168742 -3.2882237855183605 -58.62850584861133
-5.393885784966967 -2.3799506897940046 84.91248761079979
-3.521145976984959 5.610070174141869 38.963793525311026
3.475823322176047 2.984668974747586 40.87811851111946
6.277554096164093 -1.4124654730975617 63.0293954459846
0.02460421808512911 6.5948247618515365 -0.1027328730813136
-6.091750656973623 -1.4917026808996696 33.796164498838664
-1.2070987850112218 1.9688264253753678 23.050045448413815
2.1415945853810476 0.06929402032432092 53.124679189970045
-2.682038263849941 -6.023282238565033 80.18453822399972
2.7240315811143363 -0.7864744794438905 -27.127232962656088
-1.6926816667744178 1.6077785920966499 -54.80999799914385
5.7111944870048506 -2.9101812104234246 -7.740753572378355
-4.333090429827455 -5.0200769907806055 -62.37749039686096
-1.9898086073934713 -6.397858589444978 -99.15082081232376
-0.981828054649437 -6.511305396219208 -94.73894244150495
2.9325479137145654 -2.2462877313787906 41.55728601196486
-2.03950267924636 -2.2139174390712224 -19.24577503817342
-5.283959125645133 -4.219594105042972 -9.352426035608216
-4.7627303145705016 4.217702305627918 -27.55296605844708
3.039541911356134 -2.277595690196836 58.2214213202578
3.9512105308892327 5.534808638625811 -44.03298470967969
-6.621878857046587 0.38444280480386656 60.131684218479705
-0.607721401905983 -6.530622262834444 -76.08319296592248
-5.144238344439899 3.6487578063065733 83.73801391736589
-1.9626513731764696 5.665975381967316 83.16093888155089
-5.534973154121868 2.958168963180155 90.70013956926245
-6.32286522655349 -0.6444288199348671 71.96413983424816
-4.057933476010404 -1.894030392951708 -34.241170430919304
4.906315664188744 4.254189556844653 -61.35636046841847
2.792650883992755 5.785074855269158 60.49972419297456
2.5122516104538097 5.967331101158575 -27.354478844654274
-3.960272371298319 -5.204500378705166 54.34359751746478
-0.07448976299149426 -6.555528115961299 -67.6220499592278
6.249217881806451 2.386765938080288 43.37997425692763
-1.1174465809957548 6.09250395465828 -75.33844416667048
0.2669016416095044 5.900755851934516 31.22090645576114
-6.302118401655948 -0.10082767418665856 67.2681724002707
0.9240508778660129 5.593676023800727 74.41925805544344
-0.7427064181723857 6.07271838970388 45.65131426738208
-6.121313631870115 1.7355210293148249 -88.01239055982172
5.432666354824456 3.489082438599035 -78.82920704415996
-0.5800272275783184 2.7124618775302163 -84.27173033191963
3.918122803253709 -5.411442230618901 -87.4373093785199
-6.425677148912664 2.4062960066305465 19.447995105813604
-2.2622185133705064 -1.8340872888242494 61.99764325694519
3.4377025720860632 5.6913647482236405 6.814160327601984
-6.61791035457959 -1.9521222537688274 -86.05876934415595
-3.4138062786127508 3.94543830604299 -79.90195228846171
-5.831197491554394 -2.6252195881311 64.59549036406996
-2.588428806899949 -2.162747196361005 58.86310803906049
2.547148971759876 -3.4205128793673065 18.63149042904013
-1.404493088213448 -6.472051461279172 68.52957536366675
3.1796257910921724 2.0827006071582 -63.90371635511331
3.7680889813747225 5.426462812756514 56.93194647570383
-5.35675563744702 -2.7903387283711427 -4.022532375027156
-5.8419272604080525 3.4803198815416647 44.876151447246535
3.121260198158108 -0.04659296006766897 22.35300627739371
-1.6478174477852803 0.24503128896247264 -92.92204729567035
-4.8654990297232565 -3.746246154394216 -83.04428413520695
-1.6216646830283608 -6.511858066690454 84.31085185024428
6.0400931587199125 1.5129849598917293 95.81376497130424
1.8092054839980007 5.824353268392889 9.771786079931532
3.3057804562443485 -0.5032487567421017 80.40496594932306
6.568581846980997 -1.5749712334125923 59.84249702700846
6.150627117246423 -1.7754014083756293 88.85930307763597
4.590554929638761 -4.551149934590821 4.869855390842092
0.4310968715613006 -3.1860689457395326 48.44443983520946
-1.3623826962309509 -3.4402797129660994 -27.34988538061806
0.4121890622392095 6.758271675975907 -44.868941332174366
-2.5429993952695957 -5.713243687406446 -21.21420990035959
3.4365685753819424 5.094863992727856 92.79168851497708
3.042364565151054 -5.414271122195054 -40.28846302981663
-4.705434273383888 -2.634387198326538 2.6806413027010394
1.495519879798142 6.444846491145876 -41.66055276185861
1.2231916135275283 6.319081328203767 64.616431040147
0.37650818934039376 -6.510537070238073 62.369388696860256
-6.494719285791802 0.002918176073143058 -66.91361063815766
3.2331422562464103 -1.0402752145739271 88.6206110480926
-6.656616501563166 -0.161513742623528 -31.14958533703515
-6.725009816592168 -1.0927914409886466 -81.25643293017272
0.2017052484075077 -3.8877559621818434 55.48902058744829
-0.034540999230509906 -6.700039832786081 -90.8334301892943
-5.141584340095854 4.090564032168441 32.91616372215278
-1.3929228238723683 -4.250672439454762 51.11469840575431
6.716391466026618 -0.86093666330103 65.78290818595134
4.142430843900824 4.8925850906759 -71.91945948942627
-3.7091645896311425 -2.1715774098383904 87.88059221799416
5.945818216918298 3.0474767666976996 -15.840790879536241
0.13443886370905256 -5.980551392246424 -60.808950410846194
-1.8607857364739424 6.137102091096367 -28.89749053943019
-3.955559366426472 5.257454208184182 -1.5159212405584648
-3.6245949514150273 5.544877692769804 -21.622342284939975
4.842225109948406 4.503544645532239 88.7936298541488
3.108382395688144 -5.888918379989103 14.46283291374516
-6.468128057828334 -0.8076586006024646 -43.71060130550464
-1.5261172819528936 6.704169056301511 -81.68233123823977
4.998645039550018 -4.310807587603597 0.04327732566849274
2.5889224828911557 -5.684361730587998 83.71639875293624
-6.3467223294296815 1.1734520676302034 64.20086425143421
1.370309743059484 -6.350716165531422 88.09331270395322
6.576757302999131 -0.0059672013679897065 -20.605438897634194
-1.6083919433904825 -6.6101838060690135 -50.69115234351629
-5.105932112140708 -4.479953945286768 -86.44553466649155
1.612273742673943 0.6618639169973842 65.9042739654885
0.8461207039063514 2.459536968219502 98.02599073185539
-6.541795665274299 -0.6366030482469345 -12.501316069617545
-3.243089257055085 -4.674048802346314 -89.14342155292367
-3.8988171449228277 -4.954350469025001 -75.085570921355
-5.29310387868238 -4.1411367530404375 58.09315634206658
6.673329276378573 -0.38018687249308714 -23.465686685994292
-6.094892736676905 2.5679679860057165 95.17216238144762
2.3588917043375552 -5.89411198806307 -70.60918320476104
-5.210543301592873 -4.20960090441444 80.40388248597039
-3.24866301809768 5.751986655237527 3.125843795272945
6.064863510590883 -2.367253924335704 -96.14850798540168
1.777768080748769 6.0063481328039705 53.75309013405966
-0.6273280481945742 -0.004634299810970896 8.663424114675308
2.8487208556970995 5.3624811050465215 68.43315449510352
-1.3706757608061169 0.028252008748734597 88.26263527015062
5.390575510155316 -1.5805100826497258 94.18266541606333
6.373673092947519 -2.247620071333772 -42.33104160900237
-3.126177837737584 -5.946943265526269 70.9949179539904
4.970171105242881 4.171370111075167 99.38777926471069
2.5972147700463104 -2.9169996308142023 53.12774864817424
-5.432131190004055 3.5191970437960567 -10.778307982633313
-5.5003367182020595 2.024254278406553 -33.09613496680147
5.997424418260795 1.7918273744599948 -48.112223609359866
0.596725429922921 6.097880067294541 -99.919074771351
5.283471889904873 -3.744770737404228 91.66311947103314
-3.597503922959387 -5.580340774287152 -3.766089483484686
1.7251633187832025 -6.490726010315489 32.659880384062646
-0.6454556798783311 1.6041110302808608 4.202521024428361
-3.1176651995019298 -3.6975940941258645 24.235220844762335
-3.871662358651776 -2.80531983875238 70.24161579014849
5.047163295892223 -2.009017713604661 98.29755597661786
-3.338719052075062 -4.129347812873873 11.388686317394852
5.834695112590489 2.781823342849877 75.6266052288474
6.297712187881156 1.2532686948583198 -43.29421416378781
-2.6587654508702103 -0.6757058108636907 -26.93639040568683
-1.6204844367740456 -2.6701240244295503 16.109903507616043
-6.040732655002197 -2.9950750960899866 -28.773223950963907
4.320887369144008 -3.9706898603577585 -80.89890069649744
3.0641620544366672 -1.1097006058462513 -90.11761184068011
-1.3604971504661785 6.635380764004223 9.385275067117455
-1.1897425321617032 1.9803309795056094 66.6527348493591
5.39029345631681 -2.5968359536633505 32.9492910226821
-6.314219094228421 2.1010254525488095 73.70009397019724
-3.909229683698026 -4.7522692947562994 66.27142658650098
2.4734991784946905 -6.210631271643083 -94.11633252329621
6.170018961173803 -2.1925718958548317 -46.95599989163617
5.961291866891658 -2.8335066504104263 -10.994616930575368
5.10842204357631 4.225563711011362 -10.212444938360703
-1.3951870570767404 -6.041255483707304 -8.61103613975682
5.681393391998306 -2.212978541205364 75.4160685372086
1.2372605783140598 -6.5944246457621745 -18.10888364136851
0.6135283688554699 5.3848481922862375 -58.90290114904657
2.0928732478624696 -6.212841413222685 28.112235114964843
6.371009309754642 -1.0047721938706529 -84.57193646103107
-5.989504975593132 -1.0361891697082544 75.00673531337186
-0.09788634234331202 -6.731734466059866 95.44832250279339
1.3750003414284309 3.1495899975728654 -56.69858156908887
-3.6653157029468026 3.8687516634771066 -73.58207445128758
0.29918838548519 -2.158162094946846 -30.610212396999575
2.4927722891659103 1.9148907149061332 68.70594448613039
2.9096996763203364 -5.792399367042785 -90.65006480378652
-2.1087014010814107 -4.445294257100228 -58.33338502091404
5.510890337504937 -3.434046606739417 65.9676348026696
6.443227302289453 -1.8560189076803648 -52.98468285565919
4.441235812464184 -5.03964274620788 73.46174638562306
-1.4839680773934016 2.01748138900003 -63.27753864549076
-5.331700216120425 -3.002736961218234 41.324752278179616
-2.7772381328103357 -6.006850998069871 -54.92738714698047
-2.3892737951364493 2.3045134376536973 -46.68333081664122
-1.9351593891921626 -6.3151758998520044 31.69853097698338
0.2310064441197795 -6.87818221032312 42.6430955207554
-3.7270542893429672 -0.8121554246187157 19.33319054619199
5.291157871819809 -4.035705032656389 -91.65223268128625
3.1042707262806584 5.747792233264714 -1.0938532046008977
3.1916322409290463 -5.7887757679872855 80.39178768277033
1.4656723837191652 -6.276390412790274 66.5845637034006
6.203818484230756 1.094538364569902 -68.12922114399572
3.3905742414819984 -2.1328608624499648 47.44727852761225
2.475449179840771 -5.367394388284838 7.412692953954663
5.240399818391169 -3.9349934340183776 10.25930924065311
6.369879917173337 -1.6358652019530115 -0.03689872908359419
0.42073177426125064 6.526858686657313 -63.232492541022935
-1.87729293971126 6.46742509249415 14.699441263443711
-2.1786218407531686 6.3973259930781765 74.74374053846668
-0.3450182353721782 6.681017808069013 66.96678300447311
4.974732640431879 -4.671525444726546 -99.89587948924027
3.273662494116129 1.220829013498078 -29.85207490961904
3.3932639063292864 -1.700652868030264 -52.26594593996996
2.616193620115481 1.7517155318034128 -23.526613970800348
-1.1492821191871523 -5.5806156446601385 -36.49204461051615
3.0442668525378256 -5.613673726682842 -20.456978646360483
-5.440681870357261 -3.959290777110886 18.579386473039836
3.755624388049035 -5.609376749404019 -2.326388890379926
-1.334263551178019 6.476771706985747 71.13743186110959
-1.6202006564737457 -1.4943689916400684 97.09236606988803
0.9394515559656232 -6.189258891531602 91.6871904045872
3.560173206019526 0.2659115932373063 -58.244205252730566
-4.659584813716191 4.483246328400679 -52.000763697655394
5.393992804546032 -0.46212211511105894 84.93339363386481
-3.394882922036931 3.224528892034116 53.49370524680791
-4.362256014443491 0.6069835822969321 97.28367622121417
-4.208102704652118 4.356367515911783 -66.33936483266334
5.938525168771128 -2.9566404749976667 -4.306249941911479
1.7685889255736846 2.0058782412455196 47.995018989388605
-5.724815120423691 2.9059926091333703 -19.290134734313394
2.5000217767874484 -5.245530191774539 11.427200675031195
6.838783781111888 0.46003637480156945 -89.67054139068267
-6.016259810057218 0.411686917499244 -58.82132301359918
6.649443961952956 1.2581925810205283 90.23772679760432
6.052928562342749 2.222851800598749 -25.13959442023882
-6.117890634069349 2.0378487340021745 50.73694650190225
5.711918569789533 -2.995325563424485 54.68276707851123
-6.635903646818743 0.2789672237481204 30.83976736990328
5.232353667504892 -4.045811690029103 -71.99609872400453
0.6331990500737605 6.722408783118867 -70.9731607889846
0.5525917754608524 -6.720414949577889 -15.00354861473433
0.6717708694171072 6.5917099211648535 -93.04153503694913
-1.4282993957849632 0.9328714959711482 -71.94728392170339
-6.399509350994188 0.40421422332244816 -35.71823604675922
3.957317498028491 -5.396386787260342 62.03197374784191
-2.254454215616948 6.298965684756065 -35.38874799413187
-3.329022911535322 5.9346286798735965 60.598371135922115
-5.291504609772376 -3.8373525841882135 -14.621932669659957
-5.667312127417135 -2.9575627132658306 9.187796785036202
-5.234203792344151 -2.3394937821650648 -38.906003527999104
-5.558730959273629 -3.7229324528941854 13.851755523137253
-4.551357027225024 4.156628149285661 21.045838090950323
4.27361853900649 5.185528254585071 4.3444227487772755
-5.674532890626879 -2.248448099597894 -89.03938999748156
6.71006306086593 -0.8881510749426831 -81.77857438315125
4.85431635949935 -3.4843010444064597 21.42600030173153
1.6928241474151469 -6.169995607721273 -97.62084985409813
-6.991561661224812 -0.059635105828108825 95.38586023430159
-1.2711140298758647 3.0090395783981467 -11.114611508807467
0.7280527731886554 6.731604690153089 -9.347713216331664
-6.102628108879928 2.029926325751644 -98.98251382124707
6.536056244764971 1.5323925793916722 81.65484701373919
-6.855255640345143 0.12238615038343131 -40.78254954671748
3.04207338377093 -1.7468472544361497 -35.46784879204896
-6.335506974539729 1.200223352847875 -85.03380521131476
-3.4983347573957593 5.6075268073056055 6.712201369498737
6.319220942577069 1.782322728788341 29.473435955230073
-6.0808737526189285 2.488982575262982 5.80083270680586
-2.804980267939169 5.625723619934022 89.56194718215767
0.4532960711926671 6.287447242806995 17.516763476373214
-2.9815658447387023 -5.2219100251211374 28.902803265943668
-0.49389046358299155 -6.6409988205523875 -5.132930543603925
-2.703013429250508 -1.6796394029398323 31.649128514964094
-3.7253967857142865 -5.487806497308926 -27.358029137807062
-4.9468928015802245 2.809148626472975 -57.312876588664956
-6.7612225474200525 -1.1846387233827809 -47.11043088484043
3.641955182980992 0.6355267771588091 -32.86704407613057
-1.6406672857382611 -5.809949374771689 46.86398287808164
5.755869053760241 -2.414759594000269 44.172381683571444
-1.7407193542558872 3.058645484122236 -51.405432624198376
-6.69738333200005 0.6265876508919954 27.11162039819264
-2.6084741346609572 -0.41666702803820577 52.79294579978351
-1.8659002148917172 -6.515099979332107 7.057174641490855
1.450808998009376 -6.582837891700761 -23.232082145371567
4.877762066856505 4.9350658079246115 84.54948548565527
-1.2219240006344791 5.658542160950812 63.3189210438321
-6.675374618795584 -0.7320506528714688 78.91014537753561
-6.422948525626315 1.547268311542643 81.66751074615823
-4.526655240231567 4.97730532125746 79.24077660099826
2.7021862924011404 -5.631902302782594 -58.400869962616156
6.501616030356321 1.0359073700017745 -35.4227751811458
-0.057767022548400826 6.419924641716675 -51.54491683396904
-6.478083197473058 -1.481651588766098 89.55349177055342
2.2522664587921826 -3.2022002644822494 78.75614879894103
-4.647824732349068 -4.529103245370838 89.4160948545103
-5.0645295655402265 4.678712226803981 -31.416269133828067
-1.419555696430605 -6.4306146374721465 10.086250000027475
3.5950260612461125 -2.6189163003107643 2.466896673095155
2.367770034605898 6.205723337702482 86.15310346704942
6.267397509640524 2.136788801057362 -92.80588411780778
-4.900400896711993 -3.64622700198798 -68.92246322203904
1.3454033641828274 -6.077783481545049 -83.31232108858468
0.13884924772824764 -5.443225586489297 81.80141918908491
-3.041513355301062 -5.993035414134135 92.0959070458743
-4.35740426084063 -0.8958407164692825 -76.81476516176578
5.557598686305025 -0.6143072892130717 -31.18531394928576
2.2725416778554597 3.959940386213648 -47.609456027381654
-6.620180126685419 -1.278994988375671 -97.94917584916031
2.0521449458680414 -6.323470118640155 -64.94702277474835
-4.45659738512606 -4.88107577315729 -35.93637929916106
4.48334389761331 4.649785641469809 -33.43219433910138
-6.080721380420509 2.6009739237407823 57.69731952732908
-6.420714649526841 0.8897915283224093 -0.30148246913827753
5.843771828840929 2.971427401533598 -28.353789997076554
0.20529821768648937 4.776346619538492 -23.09752360048951
-5.774279359812999 -3.9753777470349236 -99.32708055560494
2.780552961816724 -2.922017642275746 -5.075313352392131
-0.18188497152772026 -3.5628515085682846 36.84398976860179
-0.9726163528210136 5.672626809084755 -47.59546498856801
-6.1084610105407195 2.2735615917441527 70.6807708581233
-4.9034220431404245 -4.627728903817316 48.26695310176257
-0.18835552268289468 6.699448720103177 56.865996688355665
2.9111882223775334 5.812245674031975 -85.53438103408575
-3.593830868469563 -3.1113096883431437 -97.27952633842357
-4.9610993331869775 4.2453047440594105 -88.31959635267185
-2.8906931445842754 4.504550205684447 -58.38714237723573
5.884676485317186 0.46467602909034117 24.435594113475435
6.160403858425569 1.4708105832248997 -96.25075732389568
2.2945555238081425 -3.153658563123015 95.81637126989979
-5.308570128407149 -1.788662409909869 -72.86519387992485
3.859782155859833 -0.09837252183082765 5.860458246462551
3.054072978073733 -5.741231899032627 44.448757912631834
4.313969980769411 4.303858285978514 -49.929920843563686
-4.259975402049432 -4.930794886752926 77.21456181104297
-0.5210727868879533 -1.9689205648800632 4.627423485311339
4.03599801614369 -5.0649709782739105 -32.77729638691159
6.1872371325241176 1.8081152958599074 -39.414048392065965
3.0913952890922043 5.745652097547063 -15.578796268322737
5.795103118872869 2.548584121552098 -57.10659345547319
-5.459318778050355 -0.841238471147822 21.659900526668096
-2.8409254114207 6.059086626721991 31.214301506727644
2.2652886573940485 6.296936659725203 27.953843573033296
-3.465675991961442 -2.6911149348286485 -0.2630177907905267
-2.987266853407845 6.180577915056796 -63.087807973981995
6.518223031318617 -0.30728875970405645 70.96742107837743
-6.846382508777931 0.2928699310870766 -3.406833541485127
0.1998100280240993 -3.1873121280069956 -48.650961780820836
-6.777537640182929 -1.1357275848078872 15.177819681737924
-4.037249750800065 -4.396204150619949 -41.54312641199594
-2.3098049729294803 1.2166130257192578 37.21374838066518
-0.1829173577004922 -6.613820041245697 53.9380054778168
-6.133187538178214 -2.0858258492995025 24.2923650930309
4.3231613801505215 5.178184477238189 65.72317825132778
4.608828000812355 -5.131506587205698 -84.36604678039188
-0.6164363781837139 -3.4503776532225396 8.940043970542419
2.04512491446144 -6.433191417966461 38.87820487601479
1.0588414604993461 -6.545818832266406 48.92626622896117
-6.299378205451109 -1.9499147084938624 -50.483549830363536
5.434143718782131 -1.3158157431052688 18.534229261758394
-6.245501214367942 0.6267237473370759 47.61093493966807
