-4.327998910235225 0.686798345449994 -33.89954226407506
2.5323616670756954 2.1090314900532356 -85.45165999875377
-4.900727402334877 -4.077775905513845 97.72347082348678
-0.20590104974768073 6.820567842442539 -4.878103423383141
5.859672699473537 -3.154778975038941 26.479526008224905
4.529007532287996 -0.3061889528861147 52.40470148199689
4.056012928078426 -4.628912533141007 51.69465094054274
0.13786696818825428 -3.8399452009406225 -93.26878872976076
6.835503299459192 -0.8364274592412566 45.52950462119819
3.283328813749072 2.785337981520712 88.6370197258043
-6.1625769852628745 0.9733658977207791 -8.43552613305945
-3.4284526773123516 1.740975847408766 -37.61883798412056
4.153686724820213 -4.6624955656341545 -28.364288350620054
0.18640290466131185 0.7473104649488466 83.00981700882771
3.411917082417608 5.8744779443072 71.86086889361644
-2.887530003769108 4.873992439429697 92.9028933435141
6.463283239147459 1.7343317873722388 41.00811922598563
-5.283614176088316 4.483098656568593 14.60684204711891
-3.7072079629396075 -5.520328745775633 71.55677235279678
5.602515702809239 -2.132348086072342 -71.51970426776306
-4.18920272259367 2.194634413046532 74.03512623247897
-4.5454367947014 1.6838122192611111 -94.83011850757069
6.550127475161671 -1.655882787943217 79.62794748327418
6.5364741718372095 0.11513198749799414 -99.70374584449084
1.2912761100643904 -6.332650527849456 22.690259367838827
-0.5975174487387166 -4.550858612024623 -72.6136676808736
-0.6446159591459085 6.7488377282256815 79.13138938834065
-1.9611993691769345 2.4484291561724745 0.9565303849929925
5.8212723066050716 3.2211149038173947 7.758685628349213
4.417764870060217 4.962807000273027 0.9216772720106132
-0.8737644610090962 4.207810569050494 -55.288026146166274
-1.3059000855603107 -2.014238609393352 -98.5027003748701
-2.8590666487984033 5.757753550463958 -91.12529199630208
2.001598192172262 0.954851660937417 -90.07436897388152
1.2344719772892636 6.369209435288129 28.385419570460744
-4.200274439332109 4.968926852844226 43.129318827862654
5.6075551507051795 3.5681282944578756 -54.62823345679532
-1.0206155560445764 -0.3234907033457069 -31.02789630118103
-5.968174829507416 -2.0037065099594757 -23.503314814240433
5.0038995455119855 -4.471867453679549 -24.769739618745625
2.487244000468945 6.169679049391607 -38.73252555276676
-4.181453922459254 4.988549928874735 -52.026005766952295
2.001199416187667 -1.268178340207591 37.21413117729125
-5.066748794347594 -4.486780518817677 -32.149302874224574
0.18024660945011917 -3.7528444220607042 74.38352393818512
-5.918514522991005 -3.2867348834451784 28.588233677134646
5.72032157562836 3.659314085127793 -51.71156733981163
-6.368195530831435 1.2690277968286123 -54.72857771665683
6.556346087292758 -0.03943985843658572 -61.72747811146939
-2.6210375667883126 1.8795256430483789 33.251599528732676
5.57905725606439 -2.724522421016205 -74.45802049809012
-3.360568627262814 5.660588018523753 -44.74544141526407
-5.8290003210434085 -3.4137248714197246 -14.345816052566914
-4.920268907050837 4.490566694789694 -69.75311034423409
-1.3854489321239079 6.300885231492708 85.11457645347427
-6.047929939164854 2.6224141351064074 65.51968193484693
2.0084926723428986 1.1006353009047034 -39.55127604721299
-4.086066254162156 -4.734726318908516 -87.3268487347328
2.158444207092041 -2.285558358156666 61.46455342819446
1.0592209624913873 5.913813311209821 76.83011850849384
5.956235364775574 -0.22985987664440244 -95.38624417160834
0.30640468956595523 -6.088357105848235 -42.17538569649374
-0.4212677312519384 -4.3329775894066485 -19.17581725523619
6.204580485839874 1.553882254763213 -33.758811812593095
-3.197060053788918 2.807037765447633 -13.555392270700247
5.834095508200562 -2.824610506395238 -58.87110829762778
0.6511493938806605 6.456530944912693 -65.78860289926868
1.4171583808735169 3.279626901116027 -93.78187765320995
1.2218150886112278 6.596153150193119 -84.19350203849044
-4.849379770981702 -3.996922840222849 7.7315255992313885
-5.800087222920659 -1.970810178048687 55.832496397564114
2.3904482457417253 -5.965284385058949 -36.404244467562684
-0.14477323592834823 -0.4322259108544908 16.408713214770042
-2.476939318726205 -5.922901868020722 -35.20799347469055
-6.182504477269062 2.1966630988176545 41.39664976946642
0.17835985526539366 -3.225878186389914 -62.83285957297264
-5.781376499276956 3.3873515152606744 54.29950241958936
-1.811052941571308 6.294487680225347 23.32439102056579
-1.6137487271775532 -5.44987270343665 -1.6068403275348495
4.634721052391848 0.10515870478816931 43.463667985955794
-1.3983755345443596 -4.191409531587653 11.762364589969964
4.646454919757274 -3.0534364232475477 -11.789148395158467
-1.0271444652793724 3.591631364437422 87.84039819566674
-2.9489625943172717 5.6401829243674015 63.54631706355172
-5.945844288584217 -1.2451461121235206 -77.48524085785162
6.03708424363054 2.874551107790023 78.22144662119783
4.905043087944567 3.933381426045919 45.98865943217128
-0.5697512710494317 -5.74301625845684 14.411168625902546
3.380851978319608 -5.545131831802513 -96.72337706993756
6.348711833600372 1.5876222566769709 66.4944719316894
3.9819882088939136 -5.359486456666078 57.8083047347082
-0.011383867684678698 2.96379986978054 -79.56284399986868
-6.42448301104366 -2.212981610342576 13.984395738422725
5.822120969320764 -3.252759786172876 -66.91192967863053
-5.169319426478235 -0.27674290840926574 53.34259522154067
-4.747823438451652 -4.627749750072765 -22.13947592717633
-3.076179822484163 -1.3199165584618018 -83.02466173117531
-2.281646125835312 5.883151170100569 -15.469215197412215
-2.1785027005894295 -6.484992095677116 37.16931802517357
5.9627534235108595 1.8558964541564125 0.44752722613757856
-1.6081284207634057 3.8303200624789984 80.39426298408486
5.818426181783032 2.5870737969479736 4.545722833251896
-3.161631322099101 -1.7904288565401705 -64.69659904761123
-2.2832637481946176 -6.030056111512264 16.94781329887467
-6.631366286761156 -0.5603898764036339 37.81144217771237
6.3444401618817885 -1.8643246062739485 39.867985148136036
-1.8008553228104507 4.3228741652508536 18.88851820003093
-4.777478207194301 -4.895178601062391 -93.41032475487964
-0.3533181658309164 -1.8135627712839384 -70.54038941515009
2.7344843103934133 -5.568243495889133 54.61940266307789
2.881735710998936 2.8271995451220198 -2.7131813519722816
0.4501206123390662 4.017074656291131 9.317400895595332
1.2855099517007385 -0.13239027050004676 72.36428397923196
0.4334055134815907 6.870258070342364 94.2532852762378
1.7292069455919992 -6.536190103839345 -51.327417590292676
5.8778746615478 3.2748999689730707 92.86829744334322
4.245191872991375 -4.815355598644587 -62.18572479184686
-2.187695645578883 -5.08962589251912 43.07582377596474
-4.191132153809975 5.092615422627827 -37.64043321148612
-4.56994792872605 4.906649594208545 -84.485673091976
5.347830330328032 -3.6898653253896936 13.230614076182869
-4.494766393333642 -0.6688849269526046 -0.2097226362681175
-6.368169047305739 1.9030152022106783 92.59893168844977
6.641052586689003 0.07230731566389503 -74.92021334989472
-5.975241168553674 1.5274123152934809 -78.63579961366335
-1.7692733070287305 6.083655785616373 49.81621925642363
-5.262957932008179 3.6277769435172416 31.528994592711562
5.956675007523517 -3.198262179230527 52.804457438869136
6.024220981338397 -0.8433320231216738 7.225882661525916
-6.352424705984017 -0.23489456502748046 -26.62119926689859
4.9873340281949305 4.567097565821205 12.238746849831118
-5.904413969806514 -0.5491567471430385 23.756498776191375
5.277349017730789 -3.7794985195234005 86.99696328565001
-1.6893518256809181 -3.0542266981569393 47.38241397101628
4.401723601776886 3.15392740265602 27.704786281363855
-2.425542499604113 -6.135659747559889 -66.35428383614796
-4.275546656957786 5.466458479763989 47.865664445591364
1.1625722262376006 6.684995537200098 -32.04039114992457
-1.301693169175218 -6.661749117896655 73.6467444953874
-5.919287285747583 1.3462118779163519 -51.302338823506936
6.197221701914126 -2.4820441846505403 -36.53948347991054
-4.663923122979996 4.906279767073255 57.00180345664944
-1.7025655907497723 6.436500235460061 -79.95873621192852
-4.4191539650516765 -4.575666574735325 -77.76751452296035
4.630122129495618 3.579659808637381 -64.18228939549479
-4.9697954873287955 -3.630025030947521 51.4106504509463
4.46025834812685 4.6279551689066 18.85542048621105
-6.106467739310558 -2.1520273156688523 -62.93040990682633
-0.6510713286814538 2.8603872345064887 -59.18332181224142
-3.4732239998711116 5.400766927988629 -94.35268797174331
3.632945923058917 4.746952422343178 90.79396138243666
-5.069823660123795 1.5872687418428661 13.522193319078545
2.109930025478758 4.995150354532595 39.30140560403902
-3.601409261804953 5.744386865890725 -3.678168494869824
0.6587843419240809 6.794277666489279 -98.21418037763208
5.67710687607422 2.0826578683668764 -3.9270510822702134
1.9292894306162767 0.6917152006815934 -62.611149857195976
1.1937899833653562 -6.339340670482733 3.1983685756612203
6.043983082036661 0.6457209456818666 12.260241110947012
-4.727926647687347 3.464642926460739 22.459708840511965
-5.362268288105079 -3.7018588172634272 -57.485329908343296
-6.6802247437100455 -1.114651694609936 82.66197654936327
-4.748902039129623 4.668476977418142 39.076957296640735
1.7462032280402624 6.195992314772658 42.421235895735414
6.534062939021691 -0.7852320008007214 63.77896858411563
0.27625946921872624 6.4891585999249335 0.9682296436139154
-6.048413125721761 -1.1996833426487843 34.38098628384178
-2.8085336643957968 -2.090100823616854 26.835381323895078
-0.8505618362128972 0.5213797871757626 49.35412590154302
-3.501179427878569 -5.784495067887081 79.5231136755949
2.0607669699163624 -3.95731373716597 -23.817120492895167
3.1394137517806957 2.5499219527824293 -50.65001166770338
4.552750935925296 -3.238787553502627 -8.950876440007717
-4.483978184434481 -4.618156167772236 -63.55217423708884
-1.926273172946144 -5.715114286361328 -95.96578148398027
0.7918273010473509 -6.774511986586823 -96.20937775263042
-1.6252149514315855 -2.720063386516932 38.7425408758253
-1.5081787940297107 -0.9601024517200301 -18.353040965253918
-4.379689065523301 -4.742748453366356 -7.396506938703423
-5.654239498994687 3.4116836506509984 -27.8301584283762
6.006476060807506 -2.827540130227647 58.19288851522294
1.6670399727812466 4.01419034461448 -41.23852452958121
-5.114302055037416 -0.5205714636008287 60.21416024045811
3.420349061220557 -4.955657336110536 -78.18513450748411
-4.529605570300005 4.476151668041782 83.3384349340968
-2.036971813738042 6.40635205909328 82.18124910723313
-3.850718245313138 2.9226082727382865 90.44960787914259
-5.625603493901449 -3.555483594262302 70.42992175124817
-6.104336794037942 -1.459285113731525 -33.33226847389451
4.431345968913193 4.652945732238872 -59.461302616683646
2.385608908378174 6.351039902502105 60.63818583855586
3.1749976885554947 5.910399975914942 -26.11339380845721
-2.3396183427469572 -6.392944679200056 55.21430954026616
1.2725917537567317 -6.682590935334779 -67.21245351473652
5.010694806020504 4.228581196627062 42.87429947485958
-6.615461414854181 -1.2512840612893523 -70.86237491160243
1.991829358649113 6.402045845775943 34.2959661648713
-6.243976746776086 -0.8628810875750352 67.6532394613046
4.0598841340104626 5.397307221031555 75.64638369742318
0.26561960178696087 6.569522903449172 47.44967703562405
-6.7073620573467005 1.1292990876296474 -88.3894399103276
-0.35939978485372415 5.851166495628112 -75.31590720656989
0.1907797206366783 -4.842186394261507 -82.89855608811695
0.8373137749231536 -3.7603365977531076 -89.47520422118173
-6.531291360988024 1.8569134595365138 18.654181666782822
1.8820332408221396 -0.723048188191451 57.34661091947854
2.0555668887922827 6.217821949697499 6.357348805629821
-6.341548416152212 -1.6300270900801996 -84.75122434908359
-4.679546053426399 4.817673677564824 -79.90612993452832
0.5705137441751995 0.4310639091466833 63.23482352750149
-1.9464496193755387 1.9037160522362409 55.28136385954937
6.549282187588362 0.4051842242451724 16.064940038260488
-1.740407451158449 -6.6097067021821925 68.16813032160717
2.5285915407736756 2.1202234113316303 -59.92467078218534
-1.8946600667480915 -1.1811468750166845 51.53178293307867
-5.539851267362231 -1.3739602378742466 -4.325616375012373
-5.77811408230365 2.85264345231135 46.34521693085629
-2.3785179312682567 2.1518444641959067 25.607709722571407
0.49906831895747455 -0.4656843431539147 -92.57176089628251
-4.598023266069896 -4.016607556431516 -81.25474809088436
-3.1374905930089376 -6.054825630151697 85.67484097607236
6.301434583230853 2.267162317228326 95.57259611096009
3.262273218027853 5.689967904282622 9.808927700114214
1.9538270146701482 6.056225930332039 80.60999331816544
6.466296217961415 0.6046750044050262 58.461659473305836
6.391930617255691 -1.2377723569565406 88.39527439187138
3.6923501911623946 -5.370142092492036 5.033983527484639
-1.1097583672234852 -4.580664120849372 51.48367506612595
1.9510638257512365 -0.6709826275269825 -29.250971526803923
3.197026479287732 5.777014240725091 -44.46869488974677
-5.431904427574083 -3.8223676821897627 -18.556250181716546
3.065171956897118 4.324556577858746 93.83163938211251
0.5998369571499224 -6.8052282136422635 -39.369913441424686
-2.2668504554983033 2.405182541719751 9.16176451671431
-0.6661152988322708 6.07018440059797 -42.31309697587133
0.938559027228309 6.388262800453304 66.33993693455372
-1.5608010740559954 -6.572086732527854 62.687100357367356
-6.147473136797198 -1.831790568623858 -66.36257034048485
3.5320012998521553 0.7070220795277721 93.05808730642227
-6.681870886806368 -0.8142307628133011 -29.973185347130126
-6.595377808779583 -1.6301472777870891 -81.65327970665109
-2.283877868974557 -6.35934432536788 58.3537060951323
-1.203176487928263 -6.509500039196895 -91.22925141855298
-5.368232611585735 3.9331762399068597 34.57521511838546
-2.776200747271724 -3.459016234205845 53.73830019224638
6.060602116237846 -0.5180793096370537 68.73512022615252
2.898515883461765 -2.2909598596550214 -74.3450329183871
-0.17421568708775526 -2.6954054902108053 87.2205342422635
5.00384170295629 4.25813745767411 -17.310477754984483
-0.5887791165867985 -6.438499607458066 -63.93654504416239
-2.3412069958330926 3.306957232451261 -29.99356372255514
-1.9473735531157197 6.269005483729624 -8.736183280354698
-3.6512330525977656 4.529987422043451 -21.9885762170281
5.820021301092971 3.808876243077548 88.82095183080406
2.711993737826357 -5.972509029905445 11.761592219464355
-5.503128929365295 -3.4986827605021564 -43.48208949929728
2.9335069675260708 5.124434915315192 -77.53131520174391
4.70832672737608 -4.722595305335608 1.6775071373107742
3.0964143829226596 -5.5230643057872815 85.36922899645141
-6.428308950305154 -0.377173099009688 63.87479897126306
1.0193212997463066 -6.689926365136721 88.310428300579
5.469972950719642 -3.6525906507655352 -18.04047591457694
-3.2944340565800867 -5.4546169214927405 -50.391479822835024
-3.9523165415251165 -5.509978013903487 -84.53249768283588
3.322159295965718 0.5973396305919433 65.4375684072766
3.593916017284658 0.6886385765112559 99.57197933620364
-6.321789827472535 -1.9732967925870746 -11.630944167381976
-0.10733026931468914 -0.7047465227850966 -89.03911979961889
-4.847088202102204 -4.905130395121173 -73.31041592364302
-5.618837979064878 -3.7165229910945534 61.88966018744869
6.681541383699186 1.1310102150276595 -23.40563931427275
-6.726567481777066 0.7462786116205906 97.11792385178994
0.3898664496245292 -6.451801917331369 -70.19748405159103
-5.299523790935893 -3.0550228235278545 80.6972553887898
-2.232167494172809 5.884562632293874 3.1842423829594266
6.123607680045158 -3.287193040318976 -96.79591854534281
-2.220045686001542 4.423533991749088 53.392773083172756
1.8047333539436488 -1.9107405196515923 8.555818462695928
0.013425999916303222 2.9589049704136925 65.69603193362937
-1.9221811673758749 1.0629902713330144 87.06175214922531
1.4177014055596528 -3.6909191301146067 92.79076946806975
6.754805033191253 0.08348278696721258 -44.644027830935485
6.132715151898356 -2.7134515338185725 73.73299205925794
5.289197102752749 3.829280581760351 99.66522033913252
3.1005266322823184 -2.393734408745452 54.69699768740937
-6.520869062962601 1.54476874120909 -13.49515228249316
-6.118698665306601 3.1745294087295135 -33.93378750738523
2.519773073808993 -2.1289314798149883 -38.68151878790227
-4.212242022077024 4.56372969989073 97.66678739828066
6.332349439516098 -1.0484075400839015 92.37172518940126
-3.3240158343924255 -5.532514621078782 -4.6677927541219395
5.114958307282974 -4.377367913655273 32.446080717729956
-1.218607461525583 3.0586108995266246 5.469355221075239
1.4438950964584605 -2.8723625370816133 22.24651597059461
-3.333822648801426 0.4794206823598437 68.39472667788982
5.424572881899219 -1.565166616509058 97.04446112604272
-4.090554275557699 -5.243241326888624 10.760530143084553
6.718859795998666 1.053251209452993 75.43433906488951
5.5841574407972585 2.9405539225322963 -42.78272328122804
-2.2301058725036476 -1.2323293819312178 -26.996578171227682
-2.1283702903387276 3.480007977295945 13.44510276129878
-5.200916577585688 -4.158583375578152 -28.71035261041014
3.1845024046027306 -6.008287674714454 -83.16927928943119
-2.7455276825674653 -1.116189579626743 -86.58426650553324
-1.244813917959292 6.742461817934259 8.471777965329908
2.671235739341631 3.1016236739346037 68.77038273925656
5.412271092583456 -2.33195311932784 35.609865738339316
-6.514105716249559 0.9486118154814309 75.30856856307257
-3.9313276168092495 -5.573229972548641 66.25248407602068
3.06714878917051 -5.823564070059511 -93.85595080185246
5.152617777429527 -2.451489175820648 -46.10668379315134
0.5524077310018265 -1.9208504268552116 -15.568165547819815
3.0221214580547002 5.901382523247743 -9.223241024507049
-0.8293391933928638 -6.734693653326425 -9.469197822282966
3.6836966196932464 -0.3070929388530319 75.30161202060185
2.574043269044607 -5.76212986724876 -16.01688736826898
2.000542021701341 6.16203859133676 -57.92874427539086
3.179138884570233 -5.778415561291533 30.727777434446164
1.9480566807615505 1.8722228752494492 -82.66473252281752
-5.827883810458378 -3.119428107576436 75.56394843710403
-2.258844917542549 -5.673633962685978 96.4243345335564
4.157004415799579 0.23832677803348815 -58.207346374341405
-3.1839316779049303 4.910661827544035 -76.14083497071594
1.4986329934406823 3.2714479957148996 -28.825964661081397
4.39140395914002 3.204000659431399 73.55354497414638
4.255653964749894 -5.333464564970074 -88.73376365747558
-3.1667919904425466 -5.910668608053515 -57.711756332709015
3.9207256332205254 -4.950045407626056 65.3734654388361
4.449865393513074 -4.898887968375831 -56.145793074978855
-0.7683551707995586 -2.0808314428850525 71.99218909571493
-3.9305762866150697 -5.3692539150087315 -60.77144832684236
-4.106406214830596 -4.398936557335479 38.369346466944144
-1.8152960025412235 -6.414020499365795 -54.998651304329684
-6.196135948930744 2.0660510338134634 -46.58533551836741
-0.8854992266027828 -6.694145827515422 34.54494742152537
4.469759795668924 -4.9513001145662745 48.24896074132415
-3.194974338906666 0.32196462603831794 21.78574527059018
5.383935607001689 -3.8423397324531274 -91.51658613077993
2.3140124811322056 5.786504567715562 -1.5231140769140734
3.971643963996738 -5.592742683585143 81.88509463933153
0.21399988590941108 -6.415990948379556 64.92914138902847
6.580877359668318 -0.44326973642498674 -69.18153703895887
2.9677164574357997 -3.041404397080166 46.08479013878562
0.06042447681752314 -5.927406160028565 6.039410963260668
6.4565363511034715 -2.142184315363676 10.105206547297868
5.747877886418887 -0.9575909177246649 0.7008668130511957
0.15749210493144894 5.772594357690466 -62.42959199124468
-5.582692564361094 2.113516345690381 10.445452695676492
-2.151378759548354 6.306536140815805 76.14958851637509
-1.9306316901318419 6.092836848527994 69.60002560777491
2.7723741964296797 -5.893701635585986 -99.86339075758973
5.397771065690727 4.1231737407477835 -28.627395873269293
3.667830769356976 -2.3450095880752295 -51.81275563743002
2.5297763746445376 1.5635318321414795 -23.069743737575852
-1.6120526682908851 -1.1182907209334525 -34.18991375298093
2.6842585400368564 -6.248588883681704 -19.64360411444366
-5.156444973901266 -4.021010636564431 18.045820625606815
1.209057162802815 -5.937372345166815 0.2752694255646678
-0.5808253260792695 6.0058117849389285 72.66130523622932
2.403679759894092 -2.5883659046563574 -96.59176450865091
-2.333777622961968 -4.560153588654992 89.10334612550008
0.4444169236824396 -1.542828709114105 -50.57522314601222
-0.46323513607324807 1.3180306080529456 -56.146139805846886
6.673819438299108 0.7619169529725045 85.97261728298346
-4.42795794484433 4.174397058716047 51.60785029838346
-3.187903886149895 1.2017274018576236 99.4718790443117
-2.5572483842626337 6.1284384780556165 -66.00592469160824
3.864240086349106 -2.5926827681254885 -1.9203350666691705
-1.303433464394867 3.8588852088596006 46.839057737515404
0.2494392888240168 1.1345640606522445 -20.718379417495907
4.160960318870353 -4.102420976454006 7.731667034179151
4.052061401961283 -0.2768393129911863 -92.94886641576866
-6.579927378326264 1.4898106179234452 -58.31350743514328
6.587150463012612 1.2248570952031796 90.26124468955727
4.6991575845882405 3.4767402073878833 -24.710833950931708
-5.688690991489388 1.9099966796228491 49.8837575001533
6.611270621154755 -0.008525440203623724 50.07696262913412
-6.546710693794092 0.570389082596535 29.788278327229907
4.0119966888764695 -5.124124464257483 -71.08879483903203
0.745596762690424 5.572018055978538 -69.87141912884829
0.7648856829960531 -5.078290646733264 -11.480633647596663
-0.12158267376027093 6.595342442617643 -94.03203585961919
-0.15724378132977035 2.074782721733538 -66.66623833310153
-6.649748238834752 -0.09504969093131521 -36.003365004296185
5.088422232061891 -3.7027530514643066 61.742742452889814
-0.9069819838720478 3.723288221257073 -34.967704083675216
-6.063070484377451 2.8256632457255217 60.18878315992636
-1.0058390951031906 -6.205470862419899 -17.1344501608964
-6.2365825806104676 -2.5923724988780545 9.894488121601189
-3.632816503517488 -1.6064609282762352 -38.20607273230819
-3.2342875887087548 -4.107608607799375 14.758838713031002
-5.277224798413191 4.324350012913896 19.592975611759236
1.308680740229614 4.349121841813617 3.7199924777989786
-6.24753709458433 -1.9286082685164048 -89.94525301335231
6.395291337973492 -0.39088843939417817 -80.55281655686164
6.236797894695025 1.3180066273003976 22.918677997022456
-0.977911572035146 -6.4073529806048315 99.811614834569
-6.409044919914174 -1.6913211337480196 99.32756868882218
-3.362725350624073 -1.9540943913794973 -9.503304471679485
-1.3339271906920724 6.748461871470925 -12.099098154574305
-6.328740053795685 1.8461793000178934 -98.1337246155833
4.941068465914147 4.283376222634217 80.39622832862094
-6.3858373699642685 1.3560001386897798 -39.544025201674486
0.010648495352881732 -0.01070104439468468 -37.29735758973425
-6.323487983114161 2.102017017499989 -85.24608535063409
-3.927657053045891 5.405845861940385 8.609201200073345
6.389855016440401 -0.09110655615052309 27.423999609391373
-5.177784175570456 2.5866676041518364 0.7750927823737163
-3.6397546083565278 5.617877695325791 87.76518418686581
-0.3998237140399253 6.763436478137339 11.592240754160107
-2.9874980712754176 -5.916409198393576 27.070570541859592
0.18594681741438268 -6.824305924359008 -4.218932299769848
-3.7083207217791756 -4.847102483823419 30.885245836366845
-0.9619676093120949 -5.059792325745974 -31.37586490100622
-3.9498626117707936 -1.026047124012123 -55.8024429457839
-6.024336995673805 -2.5951835965725927 -46.540564663431006
3.1863009902721156 0.1270815943486699 -35.50523872632967
-1.8186794539744366 -5.7569637696011675 46.42356769962499
5.071004264870167 -4.455147524609572 43.888541117554766
-2.759576945195775 -2.39101093029172 -50.806094562388175
-6.259922764129363 2.6615574961211053 27.377110771125647
-0.02359030455538351 -2.307625262273623 56.00620828223313
-1.7734594185422015 -6.46096632623937 3.4942694464346085
-2.0864949275008127 -6.319920324577518 -21.117399956188443
3.710618700808668 5.572534334628796 84.07134089453858
-0.8702760325956375 6.388933015176455 60.77541992880523
-6.361722195407516 2.2565619284886953 78.97886710382105
-5.217614787252036 0.4949380336266058 85.00502652713715
-4.429692596585971 4.945586255802978 80.40740092204068
0.0743158628636868 -6.13298743536955 -58.0634369721527
6.858656107998459 0.807227271758843 -37.47455016655849
0.3616044094732805 6.53372144503243 -53.14620442496549
-6.610413514113089 -0.38358108195467455 90.43592890607925
0.3782220552594737 -4.703777291546114 78.48554091036338
-4.302716629975026 -4.535256936499715 91.45263221433346
-4.288070162039191 4.792491448779348 -31.785463131186138
-1.904466391087398 -6.131568193345636 8.75766957310181
3.040002275832442 -2.366327819095205 2.712428412637535
1.689831536033736 6.0760821828059495 86.6267270584773
3.173074263679463 5.722407731103539 -89.53066982277649
-3.7126482297866454 -2.5299457212291157 -70.94927926673034
0.6770149511298484 -0.46822778503318574 -85.79183830136735
-0.9804185420303579 -3.0412196042644384 83.47558712265221
0.05169888840414854 -6.136024634783579 92.60320045602658
-4.91090406582603 0.8434173037190673 -82.4535452210609
6.331002003623223 -1.9597718042565022 -28.753491375233743
2.217584079249857 1.1646123230217422 -47.00346362945528
-6.191645622861077 -1.4799126841485337 -97.60397664135502
3.2453277715806172 -5.646359058099214 -64.73059574359569
-5.0701194415326984 -4.414021418579608 -35.89280424865572
5.3112822816385075 0.34584451184909715 -30.82244012739725
-4.759452347220894 1.1378060704994937 57.035024433532506
-5.727188467667832 2.2134225282553075 -1.9998333089783953
6.643242729366589 1.3764940771017855 -19.405253414988206
-0.4547296348954619 6.871685494590094 -26.2634084056384
-4.151499602961043 -4.797163521705683 -98.63944708384028
-1.868925641623803 0.5856732354319473 -1.1994510972459858
1.6493434744696538 0.669378063465319 42.753214426027974
-0.38182189747619544 5.706262882151864 -49.1959400395672
-6.243074787853325 1.8117737872411397 69.74629818281286
-3.3669303040216203 -5.835233885663545 49.29404605040556
-1.964148469575337 6.1564604825252145 57.8061414409391
2.994738076993472 5.255724402613977 -86.38112104395888
-3.123783608171647 -2.3173428723789464 -93.33702058054641
-5.526205223099529 3.920846771439541 -89.56452848293088
-2.00152422937292 6.191135112153628 -57.1229686004195
4.111888556373877 4.697730245069485 21.98865528711207
5.4326615614920035 2.6341300906380694 -95.89270338388702
0.5072398552166874 0.5213906026831279 90.72329983620057
-6.559066496276515 -1.5446920374490756 -74.67116511082607
5.93682169632966 -2.943511326407058 4.895575291033738
3.108992901404132 -6.063477024486994 45.49206301762991
4.343953189365349 5.078894317018972 -48.79563759062799
-3.96446069055952 -5.316667662751077 75.77972459922323
1.0630293181134853 -3.3685516379142735 4.837963639013336
4.253157611660936 -4.42075114850057 -34.23260156179267
5.265130649170273 4.47157695655464 -39.682577423271994
3.92132964975957 3.3675414194157103 -20.476581523800746
6.584086059345931 -0.25176981321403746 -56.19091055585293
-6.278828120737739 -2.2067975744579984 20.814352321771917
-1.5863547846834016 4.6722784181815475 31.58146011732128
1.4307851307033375 3.173907486883012 30.177701468400162
3.1364842449755503 -1.1986918614647668 5.4952189562173315
-2.911844591536628 5.259298905324102 -61.20295395224859
4.9159790314929115 -4.497011778142603 68.71301268904921
-6.585851336322319 1.3604464305660584 -5.468567706520372
2.4939607270469146 -5.455341631202855 -48.63971740736755
-6.522160456258549 0.40282024570428154 15.880285405475849
-2.869011901805202 -5.507126166923568 -44.5517712552133
-1.7313626422073136 3.017210473135024 41.972986073587
0.3675572885532959 -6.787488602365668 52.85019433709086
-5.3508496046429785 -3.562027956478474 24.62227625714831
5.132589865854 4.402899990501152 67.9882859478002
0.3213631911533835 -4.197337599197031 -86.02366734448118
-1.3073421239016287 -3.289001661008843 7.2842843746035735
0.6347758687352502 -4.287754307458547 40.28065521598678
0.21568946176871923 -6.765716192541281 49.6412393134208
-6.1209504155816 -1.7511332310475214 -51.54387884066297
5.3841570623606785 4.213031707315101 15.947642120184705
-6.411601805153944 0.3235157937990661 44.34379595530832
