-3.115073291450866 1.0124189178372989 -34.56234721491757
6.002859482419858 2.168028393880509 -87.0395421076089
-4.397966446404059 -4.831415788315679 96.78441498811296
0.805318695706436 6.78982163740396 -4.592001216250582
5.218614142355709 -3.811974440929074 26.71470202454211
5.810307527082919 -2.5628529982995047 50.41583499496216
3.5491146361992363 -5.470896097576551 51.62630202007889
0.2740832139732231 -1.6747703469706108 -93.60270441049715
6.225483164555801 0.947110942240049 45.57293579164262
2.372846397472074 2.509387865766776 88.99327644358013
-6.144152811616328 1.5415803596549162 -8.592984539911203
-3.830828195442859 1.9053615482986188 -37.565762487990774
4.395293162270813 -4.779752579584028 -28.05739902095994
3.68922744306998 2.39838347249526 86.12140697819105
3.242959815405075 5.772406109441359 71.9698884288278
-2.0272420021229136 2.30894987627575 96.36115342297589
6.517344481687962 0.7444768956895872 39.97396247880305
-5.2436482238757955 3.374134332633816 16.673087848008493
-4.21164337459591 -3.980765860992284 72.31985098339575
5.656839943912166 -2.1191387626764056 -71.67445899275793
-5.223961700437367 4.546961338526933 73.05398021795975
-1.5146836118370108 1.4004432748762223 -94.93438653562997
6.42628563121767 -2.1693229605443185 78.91173464340986
6.74045541434678 0.5710969670362076 -99.62896570665261
-0.752938724809642 -5.799101499856023 24.208596154365214
-2.4035872655434156 -6.210244132330525 -74.14344829532348
-0.5427484684047991 6.348156874962671 79.60100132909685
-2.598631334333893 4.051255473751311 1.345627358666209
5.261084567166145 3.1702938040110396 7.716697900004302
5.146749159091602 4.040428027167378 0.40711325329123976
2.8732193851370393 6.075092050258529 -55.29039319172101
-2.8704488950876406 -0.6715413436186946 97.01456936321185
-3.245944367805626 5.746692192468082 -90.94133353279696
2.1391945220014703 -1.344410572949824 -90.78372954877689
0.010166371090234688 6.910474104763874 26.639453160917775
-3.4964905683276797 5.713298340939121 42.19979831591934
3.9998216852711224 1.5202111239583012 -54.171427982485774
0.5697811512115762 0.7719978494552091 -31.08891878695735
-6.407006622170758 -0.8396200478030097 -22.87626793713044
5.3562878336125435 -3.416074672758581 -25.37805382255717
0.8588857737851217 6.139606541435851 -38.64682787593458
-2.966784892522903 6.0696572876408155 -50.03894051928968
2.9531145971933093 -3.533832437406366 35.91462646238517
-5.121506484227778 -4.371007004910864 -31.919731955728516
-0.8552424096572568 -3.2349311461243007 72.55214106635631
-5.905420244055306 -3.6488530277309144 27.956872882867174
6.54394559475658 0.9991701374599364 -52.23510742658387
-6.644183542086505 1.7858614375900126 -54.88664984759586
6.7455814619214545 0.6197204626441704 -61.42446472139761
-3.82249677690483 0.7886429426303945 31.802060249842537
6.5443493252352924 0.09191078343556275 -73.73086655927668
-3.9534291031970814 4.9232691661543395 -46.251606309157474
-2.363370918562279 -5.9158106983967755 -11.695101628712607
-4.252971184803313 4.559583204824701 -70.37488288345548
-2.143933420465694 5.947106006630814 85.46430181231851
-5.8093535520182655 3.352945969053067 66.11552022247271
2.6965981710323352 -1.3809086379143523 -38.96194988438753
-0.7563905794592249 -5.556048548846421 -85.93012033962187
-0.7019325618470686 -1.607141322910277 61.03688881734061
1.932674414325169 2.8112419228812495 77.01627412023568
2.8912437494340506 -0.6743552251564745 -96.47074180677295
0.220201431171071 -6.225484275475018 -42.33286502149234
3.773884419957979 -2.525962187623857 -22.73019114401105
6.954590107620035 0.8936264256574739 -33.43104303694687
1.0704338253722279 3.738958628533328 -14.814423913993393
6.100360565641441 -2.438609735680647 -58.227064237522185
1.8444408151697564 6.416468122169629 -66.09588323388624
1.7291528159913006 2.274536354772005 -92.41449557879642
4.3092630014841715 4.413917825531425 -81.7179972932942
-3.801445668671998 -5.171052987318497 7.10442634334148
-6.032954184920774 -1.7963459106882884 56.11326623013937
2.468820478964197 -5.1094595754028225 -36.18080613735081
2.2628793704767887 -0.4332986197934512 20.359822999108612
-2.3921041640186376 -6.263669440289677 -33.37098706823102
-6.450788165216087 1.9816031530329585 41.00433968801146
-0.11748771981029675 -2.4038868182621473 -61.4028609805834
-5.931775932605442 2.6930471562777156 54.31034424898068
-3.1309316593436 3.039700237263684 21.871127211638502
-0.5789653249622736 -6.244326152413262 -1.7562887271393377
3.600811069081287 -0.03659262064762364 42.10939641737615
-2.9664845346126256 -1.138524596748101 10.339142621674181
4.280145673219534 -5.071520998507904 -11.241137872872342
-1.9753435380645532 3.3126178028707063 86.97393592438848
-3.2714748818855246 5.746110532794631 66.69147149765118
-6.428071585341063 -1.7178435438233153 -77.22079600399564
5.148113822508783 4.082934858877224 76.79717126917619
4.420273844851364 4.920049359789771 46.73525230585948
-1.1565859657144602 -6.284892806311185 12.588106585907905
3.078016538086983 -5.855138638047797 -97.41591197169075
6.00802613027014 2.738858067957465 65.74443511694105
3.8510496353716457 -5.377075004741839 57.95038616846175
1.2776115559168586 1.0780374567025222 -80.71359262699694
-5.78644930921277 -2.015413058729434 13.33427683289689
4.629434662479972 -3.348975050431197 -65.96552802776394
-6.430461350728217 -0.7218638784239286 52.902551599587824
-4.454782569048469 -5.180814773957927 -24.026133067501664
-3.355996844903177 -1.0049421187689622 -83.6129879851435
-3.9582067812480837 5.11000269231472 -14.767596735789395
-3.5271457066561416 -5.707345223840931 37.807062915366714
6.557631900274912 1.6566818499559886 0.8219476430503475
0.9948030720892945 3.286651104782868 85.44194672609663
6.388634177992771 1.86203990493686 4.083834337746726
-0.1494026150887683 -0.3950658531924257 -67.1047868760222
-2.806795660348395 -5.861219678943546 16.858314154278396
-6.808664195940444 -0.040890802280548075 38.47744006781551
6.075082864181164 -2.758950090922252 40.29407496097577
-2.3391013472128686 6.088955716374689 19.97379905877054
-4.685984461242015 -4.790802354919814 -94.92757737646504
1.8308372355094384 -2.2421808266519574 -67.79049529571188
2.644940187066383 -6.223567535510768 55.11596829750749
2.823860065022521 1.8056991426471751 -2.7265730586010033
-1.3641637839947205 2.0429951581435244 10.13694705521098
2.350027057771042 -2.1596743302693695 71.64725929145418
1.2344592140615167 6.503786246930297 94.21421768754595
2.801952948452456 -5.7173802982023005 -53.51097345892614
6.246131175303808 2.99625439525189 92.37652886976161
4.273717780820264 -4.641233578989159 -62.31951249884312
-1.631490358436185 -4.691887174688113 42.931607250556326
-4.988589106743553 4.636773651824181 -36.940408445833775
-3.5206978857623294 5.4046750413076845 -85.46231282399569
5.280627105095151 -3.8204305109530785 13.116341992601734
-3.2416848965169534 -2.495816691149635 2.986960447220882
-6.286859575040607 1.4683154749180294 93.8478549270341
6.869417527112744 -0.35822828905069504 -76.91905622520365
-6.621183696307131 1.386019842273526 -78.51534845112714
-1.813107471786933 6.2446864915984595 49.237478919344305
-5.204812454270866 4.4763848857934825 30.280994935108083
6.469535872130525 -1.8557793635673123 54.249947346211684
6.774962262598592 -0.8842010280524126 7.4223719012980105
-6.401617750255507 1.3015135076975204 -27.37417349403737
5.446817820203622 3.841078591981393 12.646081805959184
-6.750572109983527 -0.42802917667544543 23.612548367422768
5.380171389688653 -3.6397878165534236 86.73750889862747
-2.667047777030432 -2.302674031703268 47.35927891381445
5.355148194824669 3.751977633542938 27.49046888329288
-2.8805710656195913 -6.097875865652696 -67.02607105659268
-4.492843022528065 5.3081763590458975 47.00815794532497
1.971832977575657 6.009504065911791 -30.429218820711487
-0.49241716460479523 -6.619625861011598 73.3017042383826
-6.3844261258875825 1.6162165528422603 -51.11787160493804
6.163263271720673 -2.780272703615161 -38.311817204495796
-3.523061165607463 4.74612701752195 53.985094624695776
-1.3999279336778452 6.151689573647811 -80.62275623564966
-3.2475967741828935 -4.998933083130614 -79.02298921922994
5.692079450913795 3.0029919390213338 -64.86859807481136
-6.016197493946205 -3.369121445462878 51.11840770910819
6.679860215487357 0.0322809222261089 14.252231866579232
-6.31725226010832 -1.3179635688521418 -64.89264293297462
-0.40620001756880175 4.153400249499837 -56.751103647554594
-4.269118875856896 4.701608503388705 -94.03693608504085
3.5765261980259417 5.566178757897815 91.26261141752389
-6.119942721087011 1.8553496546222772 12.436007811911544
0.30362303459739737 6.218720714878081 36.094100594163265
-3.7323882090517944 5.322845877607951 -1.980968686863421
-2.163514109983272 3.4365176335801983 -97.2241207037191
5.866723053206112 2.337617636498635 -3.8008475390309817
3.8933676814721454 -0.08824869442902138 -66.41214163070075
2.207763813354429 -6.270614309779922 2.270240619710852
4.51660890861401 -1.040032949346998 12.018566599166196
-5.660804914235216 3.1311128462256166 22.90614384794704
-5.438306788126727 -3.5299194536676963 -57.55334405908548
-5.60371898538431 -1.1954656335008766 86.79474758256299
-3.948482260097712 4.760119128921673 38.91242770408211
1.9437611573585527 6.302359347854289 43.6656706598699
5.929783081963352 -2.2459239408624216 61.917407397374106
-0.1557064303808792 6.6173060806942585 0.6261440006452443
-6.403907647415572 -0.6933677886917146 33.631055852655244
-2.4225692635505527 -3.6037606727836224 26.129600719235675
1.1111066865485972 -1.1400960243855969 49.32614176132309
-2.262709302588507 -6.098224784931741 79.63672561126204
4.139658682636781 -0.5325034922492515 -25.849373137568502
2.9132152806545193 3.6882276724285905 -52.10429823999587
5.968077967498847 -3.209459373367893 -8.192954515562418
-4.029530350136055 -5.061368591758029 -64.30010145277578
-1.9345207981733041 -6.052731910849469 -97.78631507551316
-0.3494754976184145 -6.880966173686933 -95.25279299327136
-0.6946750166960559 -1.085997896956099 44.389992174525936
-1.415969530763094 0.08424154882575313 -15.126407695811393
-4.9285747032083975 -4.316073021660998 -7.745502338730995
-5.11010368089067 3.7287985050180983 -28.789568300497102
5.736536309035437 -2.9192066663865663 58.81961221253807
2.063179557258005 3.5888056548928855 -42.4442768906796
-6.786059717642285 -0.41349152223680563 60.213540803929995
1.6470063580627083 -6.535027410217992 -79.84780667929124
-4.452474520358529 4.814137508563687 83.87987719935946
-2.0821703111776455 5.592685396928783 82.44383253358082
-5.5595181514403995 2.948203059872027 90.51790028041688
-6.316276256622266 -2.155049510598809 70.31847383640104
-5.712168665129508 -1.8541266803819574 -33.37347459064146
5.439214745387614 3.6176296040627567 -61.12661773344633
0.8123475219461096 6.327593950237506 60.10851146492614
3.559158805803957 5.873772544233221 -26.035512021246927
-2.4334188110890587 -6.27972740711983 55.207610182637175
0.4426280874239868 -6.495939651928226 -67.42143131007904
5.669834245485018 3.3000463253727728 42.86488543382405
-5.676880627061844 0.3704883821399889 -70.71565436864628
1.1128107293952878 6.370490636161806 32.45489903148416
-6.130098134722494 -1.8017666578656228 67.27267701972102
2.085001672610307 6.528456791816234 75.22428781733848
-0.04144104244531723 5.712356629413076 46.58089605660513
-5.999659764109397 1.6259616646445085 -88.48748171760273
3.9072543326000897 3.9802686062031345 -75.03339047914471
0.8249871722522896 -2.0756438649536766 -81.98553875197044
0.7065562068583355 -4.151635762846092 -88.54637138188521
-6.740686063392961 1.1555550915751063 19.510453281928097
-2.236258232491641 -2.875157275303442 58.070609670636784
2.6471084565040637 5.496368686160555 6.286630900335769
-6.56464608550214 -1.8485082878631602 -85.272060588646
-4.82742075541908 4.091402038125833 -79.8257687907833
-4.24299830226173 -0.8481730637465 64.8033579692371
-1.883381836371302 2.445458909047817 57.190515363789096
5.337990609653486 -1.4136227675714719 19.69041781690753
-1.1050180616106033 -6.207452757668365 69.1829891383473
2.217921300705019 1.494881637864404 -61.803277816724126
1.9540342189083562 1.3704896425274296 52.248000346364876
-5.889882486319682 -2.2295815465374598 -5.667069221315174
-5.9151272396468455 2.352198848935201 45.91574389514128
2.0558560866026037 0.6596662482547841 24.357298710259293
-2.006363931887881 3.0699898734667466 -91.65229950361714
-4.593672178598406 -4.658780452613506 -81.68773717888521
-3.1817583805531786 -5.938265088866483 84.25111969044755
6.482927123812768 1.5433795119162894 95.67857743340632
2.7502259156899336 6.232576830573061 8.975828172072527
1.4003170055731498 5.174061580712288 81.76889889183222
5.872036023314687 -0.16791122437956923 56.92428741131721
6.468512385722003 -1.0358072266594673 88.22315618255469
4.5076171332229 -4.80394663082331 5.202333439583902
-0.007183554855584584 -3.52466760222627 50.57699124235244
1.7875211169926581 -3.491319998099825 -28.722507773744788
2.648195623785045 6.163426891827918 -43.85895079871321
-3.4084640189318325 -3.514450947338222 -17.954331692383125
5.068357312144536 4.410537203432396 94.52645533176452
1.6600201717002956 -6.524722919175451 -39.306684303517464
-6.200321934114997 -0.2348001296048392 3.260736568222619
-0.3869707574852015 6.790401655037849 -41.23609609187135
0.8230556369692452 5.423893212183809 64.48666841653257
-2.4426636272925073 -6.410806460713924 61.58915202182841
-6.4854881848496735 -0.5319958653023946 -68.07057418802111
3.9356666745506237 0.0754551163808646 93.20344628581513
-6.016182378336411 -0.06491772628155783 -31.21979129159196
-6.321036517201081 -1.424717198865298 -80.91948616247404
-2.275642292036445 -6.232650540220018 58.541847748394794
-1.2693800034769893 -6.685963308709307 -90.70789401084512
-5.400444943237195 3.68560476594742 34.25590519936458
-2.648650476774493 -4.188104080220292 52.646038982784745
6.674913272024476 0.38196114354127986 67.75612781729764
2.714782141181243 2.0424464127648525 -77.66457874360972
-1.2574160164068189 0.24644470229756976 88.82714680423847
4.162575516308947 3.316955131741585 -16.2422286042787
-0.22310778597683353 -6.604173213755034 -62.81907148617328
-1.2688577826423155 6.465852266987702 -29.473502542694902
-2.3399095641695484 6.028806439346093 -9.662741893655877
-3.853094345571496 5.39264498877394 -23.575727072739085
5.282263973359045 3.8027419429931255 88.8950049110252
3.178431031373997 -5.794809505594601 12.310806228526433
-5.807704162659168 -2.8946380520049844 -42.75577719368252
1.2530608835088393 6.507504041506038 -78.55275241411042
5.1708655850388165 -4.040555819181177 1.0040721311435195
3.9737053665859747 -5.22042051822189 84.48358018725486
-6.696858439945381 0.9566869990063382 64.16165714671882
-0.4467533160173489 -6.494711912773503 90.54757569599684
6.487939510662486 -1.6960770017966338 -19.70761119203607
-3.5493432206578026 -5.543255660329707 -50.02171764034987
-4.29387652150233 -4.326949833736513 -85.20318319995435
3.865962808913785 0.8248036847012089 65.36851342068289
3.325670990536216 2.239388523569444 96.19529082838987
-6.44709687500665 -1.5568939633916434 -11.71728321504208
-0.9241563021576925 -1.868191377528503 -89.68004709401924
-4.945345186160508 -4.340531656317953 -74.92260235875104
-4.701495601958318 -3.6395980748605075 59.9513765495256
6.493582411245594 0.253608070729273 -23.212635257543784
-5.734431510013384 1.9870745013691828 96.31816832922158
-1.0437514024759469 -5.91897531734357 -70.72228708654409
-6.358449713916369 -2.341401792886095 79.98543649308817
-2.976914309029038 5.409781654284823 4.160486040966764
6.414445567428665 -2.1663805839365025 -96.07763254521264
0.42912270923184603 6.5600156422583 51.31846571066809
1.6175998043371833 -0.7080051902775776 10.421124149625083
2.330160479876422 6.305313245997443 69.19196151417466
-3.6862768409485493 -0.3405685191429748 89.72705984549036
2.5996214423937434 -3.625264992860777 93.22118365492828
3.9640343583396658 -2.6001657637805744 -41.281381819756064
3.289757628606701 -4.934805277633062 74.13592337630227
4.604535732128005 4.378115736603598 -98.85432789986686
2.574260688647913 -1.6133263455443947 55.46936693278014
-4.954986516004571 3.496420047986194 -12.339885580073664
-5.540675319167535 3.763159272050292 -33.85531084619099
-0.30712714240023953 -2.402365197087917 -39.192725118628495
-4.16924887468402 4.428904193214326 97.28457563084191
6.249936237329198 -2.4020072313576053 91.81274973969913
-3.3635555612552257 -5.717804372049417 -4.78734263954779
3.0236828517100713 -4.861731325468738 32.131273585781855
-1.2938804903085903 3.491943097639816 6.086186096818211
2.1958416796593014 -6.262536980159594 24.4458241997637
-2.2767082748258076 -2.7889950980845204 69.32800984442653
5.946784171061917 -2.6309066320144012 99.61316926964984
-4.1810524617722615 -5.398515296720949 11.115517082558979
6.565052168607392 1.7248085484160427 75.16667013403965
5.67322826558111 2.923333638174972 -42.985810802038344
-3.4010474429184354 0.7286937803868099 -28.232611880974076
-0.5642629060806725 2.197218711469053 15.61918268264514
-5.5743913528456135 -3.944579200031704 -29.008536512065962
3.4431274043055056 -3.8626809636970756 -79.50208928628001
-3.798214813623117 -0.5632350769448816 -87.18811117429
-1.3333770813179433 5.540681099643118 8.749111816399429
1.4856943955566333 -0.9455418348136364 67.11301948671674
6.041457401178174 -2.188601020481083 35.02203164400756
-5.856207598907154 0.6297055892719116 74.62886968740351
-3.3563245848238097 -5.5267159565361 65.48268645501878
2.7946842706280104 -5.876389809510288 -93.86636527359879
4.386650699713887 -5.190447976571877 -45.431385384694615
2.2111489689095074 0.35835011878117906 -14.189024237097051
3.1923554045920297 5.825682826492606 -10.209907610947866
-1.1686797386003482 -6.4247723480677585 -8.749969586451773
5.422226503164821 1.096047937079346 77.73894081144805
1.2699792079891028 -6.31692433746628 -18.1816215444273
1.1292787968308349 6.260298187239179 -58.8440506137569
3.1953149297991432 -5.638129849264126 28.645144208229922
6.852824956860847 -0.3800036703578511 -83.65368335793683
-6.301194168338258 -2.4172504715995715 74.71547687057975
-1.3395391699244537 -6.682171452765323 95.90265743740359
2.3249887114169634 2.5403131061340716 -57.608171001653055
-2.137169656882181 5.741154278813115 -76.96273376670634
3.7135992013368075 1.9734812730304476 -28.96227603384788
6.095665699206785 2.766396660017506 72.14068116244003
3.6460057466172917 -5.429295910430484 -89.71405337319668
-3.1010845341817546 -5.582149559601483 -57.81182645458688
4.761572516604289 -4.618920360649922 65.29667840927006
4.7991371270563965 -4.399659954883234 -56.38866253156293
3.653688349503149 0.771228523468606 73.63741629345505
-3.968606945510133 -4.817340987262443 -60.41976464619712
-4.921741806705908 -4.454357943021795 41.73329699555914
-1.8889892639988233 -6.579805880453169 -55.143121182365306
-6.151699937451999 2.007249679479913 -46.404336683877744
-0.2779623339436764 -6.552091115075834 33.12945782119004
0.46341390934236615 -4.598266915847519 47.48108615829377
-3.822825299809466 -0.7410573246262406 20.126460149864172
5.651402838204089 -3.307178958995902 -91.6668628977093
2.5992729163094963 5.999984524154409 -1.0497768613746352
1.829396529007636 -5.378631197568659 81.53261327216367
-0.3661516690908257 -6.726234152779393 65.94828192844055
6.780310888795376 -0.3914275648292178 -68.30560563162854
3.0533101170616446 -1.4190405753054045 45.211155494309125
0.7917456133814498 -6.770179008003416 6.735001623726443
6.340737182805472 -2.343164973133884 10.201730985041694
6.275922239190458 -1.4693663408552577 0.12014217829302286
0.5491042019775366 5.893375113069143 -63.73823105325924
-3.260442851761365 5.373804843613748 12.02960856611438
-1.3363836261830804 5.857252632248801 75.57478154474688
-1.2596751401719553 6.685652246050682 69.2314310358448
2.050764406135205 -4.314355808824013 99.08762445380331
5.153710019822352 4.48752829372882 -28.723412457437203
6.17867003084697 -1.5482979348913375 -51.4563865836428
2.8685645583568187 1.0083010920222182 -23.460219322253355
-1.1871854553061365 -2.8449064129503667 -35.924690337921064
3.351916351313163 -5.97615891452452 -21.471726071208614
-4.9635623831155975 -3.3353088289037798 17.446063294145556
3.7627906591280667 -5.215380913714007 -2.743565417188937
-0.6389233803713824 6.386286590346686 72.4022409776975
0.07421784108408064 -2.7010616715559603 -96.49062717928503
-3.3458745861108827 -3.2232173744772137 88.38716193392116
-0.9653755013669783 -2.3546603832281257 -53.46056349847724
-1.0302765377568024 0.9880710982100613 -55.82019704243051
6.529938892877396 0.620997410875533 85.58189133095394
-3.1657101907495493 3.203875076503739 50.06040778644409
-4.227707142366904 1.6723604339903388 99.09480318992888
-4.1727545678020395 4.543110665351581 -67.06015049424866
5.792604343402507 -2.1683846317339937 -4.186791854234048
-3.7000793922624733 0.567884221073925 46.3927768131007
1.0183772442715784 2.788489536577064 -17.841185427281072
2.997393552974179 -5.905915295228155 9.16871407360606
5.543800992838308 2.505716133440337 -92.01485606634725
-6.2571686404674285 -0.47484092164764746 -57.79029063495107
6.716847140292806 1.1230062391174722 90.3231687601259
4.037146727901902 5.145454027590771 -23.03563480919057
-6.122731975018914 2.1858604962231696 50.625906763903636
6.795070019145831 0.30656047928307517 49.81441503619615
-6.667403975533504 1.1502038947856579 30.60833913738445
4.743405050902979 -4.750933331042177 -70.22507616573486
-1.4976324597284814 5.998297626920849 -72.7527604140201
-0.11501285749133276 -6.643013003873145 -13.884574680730529
0.07594804962525452 6.554811640060023 -91.42738086289506
-1.0868712246094823 2.629276552088155 -70.20896973166562
-6.608976528131201 0.06845456055790648 -35.95838129581606
4.395246399886501 -4.6283635881919105 61.971825609994255
-2.2260599344224548 5.624160504634494 -34.34215296197201
-4.5932229580407045 4.587044358708127 59.75948404375201
-2.497323281890788 -6.033377500895176 -16.825120891640978
-5.925365871911269 -2.9313144061139615 9.754598475078756
-5.493448689416131 -3.608430746194016 -38.767511369051974
-4.204937141582396 -4.177431931889961 14.26869828588729
-4.84846948772884 4.695383488539149 19.280317849193228
2.594603099499292 4.170067977669102 2.876688452660434
-6.74763148933749 -1.4461269799883885 -90.41378046831252
6.412880649329661 -2.09963480372836 -80.55519972824428
6.407682915872579 1.4257987319241199 22.83721819368784
0.1571117896805323 -6.556256009947394 -99.80350253422255
-5.930949078066083 -2.3098135882909734 99.21863467067793
-4.14665253050906 -0.8962414534551014 -7.57367775422433
0.6127605685296558 6.940188084830007 -11.715976976175929
-6.177428962744096 2.037420272338974 -98.70329220666105
6.489339477193944 2.434350232262404 81.7223031750232
-6.297319477261047 0.6353224832129909 -39.47050413328212
-0.937234748028402 0.44764886868700665 -36.58377427845548
-6.634694472941883 0.9825037874078425 -85.39880878000235
-3.8660604320669596 5.479608251588363 7.351416040158181
6.716720667952653 0.8030928624815351 27.35925350393605
-5.931119466101836 2.541292932766342 1.1362487834769253
-4.665566510778869 4.8188652248065225 87.79830624801149
1.1271500227886528 6.418407334977901 13.42821994856685
-2.970574066559665 -5.513285797261619 28.06343981450881
-0.19000970919464732 -6.758557898855211 -4.886263742882317
-5.102143218538666 -3.9476296346051107 34.185487832069526
-2.6150515366711997 -6.243485460494585 -28.274787416349312
-4.067903810737616 -1.6116424127834403 -54.70948726337721
-6.2570034797151095 -2.002504406384017 -46.07599435633634
3.184085271397999 1.5377616618727972 -33.656004238189624
-2.8518131780969647 -5.866863243629087 46.36040778643438
6.220380567225709 -1.9276658781753044 44.881896583781895
-1.209811070515968 1.4881871524678465 -48.502885771235526
-5.596048335033917 0.3467713241421977 27.346261997267817
-1.1526193184889002 -1.2236431515606616 53.01989709002329
-1.7381252686301312 -6.3587793599134095 4.599615660048389
-0.4440957360117817 -6.600414449153455 -21.15322290830781
4.346423095465989 5.16603640600364 84.72553488702125
-1.1571639463836114 6.487718744263047 62.504875477922525
-6.597688635408849 0.7125535062748212 78.6800202112952
-5.779900888264031 2.041966357239997 81.388659079833
-5.005774706313466 4.35260228504058 78.2468058520297
1.1690445930032336 -6.474368462536328 -57.63795145208012
6.669625745699584 0.4004820771609828 -36.36935500523555
-0.4448435274918811 6.538460022625944 -51.52203862097402
-6.638372907695544 -0.8856052536979245 90.05181985120183
1.0679519673813913 -6.845755278713608 78.70429487925163
-4.455335880159279 -4.950834193937097 90.78673981225964
-4.072482474114736 5.376877624553942 -31.34417950583592
-1.2847317164711578 -6.156743189839226 9.34639036680819
2.8249058320018148 -2.292626422750737 2.9967488416515344
2.5299283054784163 5.839805636429791 87.734833127805
3.151092232826611 5.440074749043194 -91.39154369308531
-4.552899706628818 -3.95532073797123 -68.92047548209621
-0.7846428831063983 -2.5698919064667214 -86.03475021193975
-1.5542567031089658 -2.0368049821014322 82.57136974902666
1.108922706918269 -6.265647288870876 93.41690644824384
-6.097937128666127 2.893956911663893 -82.5345525534999
6.23204069241027 -1.4895854245227937 -28.754247914832426
4.254509702692239 2.6806899862360853 -45.57609049763609
-6.747897720602838 -1.2481948025415153 -97.5838319271517
3.184634435506267 -6.055876351663841 -64.8586739399452
-4.410636154749659 -3.9760103199652908 -35.36551006713996
5.728337457726214 3.0110525822298833 -31.25634087496766
-6.516662934123169 2.03128042426373 57.3110036940202
-5.122460685985934 -0.1301076268461192 -1.6842251219866506
6.32925885640975 1.2771055763804646 -20.487497459912785
-0.7051092854120036 6.590306548360827 -26.579526585658165
-4.019581701275714 -4.694175982044308 -99.40977791991122
-1.1049798709836227 -1.0412476253847915 -5.83790573334757
0.5653278101997765 -3.0038811064094553 41.46406533065762
-0.63038873389091 5.569110012178233 -47.34478189870032
-6.021617036076883 2.8155133487682895 69.72527297631643
-3.501031405911816 -5.60228256819055 49.67499192398072
-1.0713382652123746 6.685352034689913 57.20551308882326
-0.08632187588190632 6.671588578347592 -86.51425648971242
-4.249189174057624 -1.492516256444025 -93.52536629266909
-4.703810595976599 4.6395380617031154 -88.56286594070635
-2.871494262933133 5.745416528591678 -59.23566670498989
4.389556273124539 4.88854698052288 23.351117788529884
6.500222931550252 1.9967784500693546 -96.88613872190152
0.9870277610988557 0.058115649032516314 93.77842844552801
-6.6579591757990855 -1.6915663376631491 -74.14999680647121
6.249223897780278 -2.407653934313199 3.3572219658524696
3.319332209874505 -4.726899134196736 44.991176373123075
4.408255974441923 5.007917742592511 -49.477498294798316
-3.8025289873831998 -5.033095682031738 75.78132969028701
1.2328989467197948 -3.652647761697701 5.204168685301456
4.296002251826114 -4.612954971273987 -32.6275160610707
5.445728929418909 3.984634636059025 -39.189659098465164
2.928758013327445 4.847243987838895 -19.280963816244416
6.731133793629913 -0.33386176038815213 -55.54348972645622
-5.916767415980924 -2.5353517426052745 21.0591515925339
-2.660698330077197 5.559840754119891 31.38936596452087
2.944861775985226 5.814304487736456 28.888800179974517
2.2450650023635625 -0.5923541568919197 5.960853779039122
-2.4687885822073294 6.162436361677444 -63.574609828508564
5.035884330313945 -3.602043996665383 69.76194012339207
-6.382180925439441 0.6552952716763164 -4.921366332844054
0.8575228699158741 -6.462689431911937 -50.144295297538186
-6.671824520120893 0.9379259125601456 15.600391101035642
-3.957750411496286 -5.133927793922934 -45.619080442804304
-1.1981575922041903 2.62012459798252 42.20049069225718
0.05950268602946979 -6.781904064850938 53.39278740240482
-5.228790310801096 -3.354727933610688 24.5951113218954
4.095826333115977 5.066034868270596 65.60706125680662
3.1701223772454146 -5.344017370634078 -85.12821352355388
-0.6328927032394587 -2.9007109177362533 7.162780072322487
2.0399070198216482 -6.372775063879977 40.278646098195495
-0.06259322993724915 -6.666899402277502 50.32132962609866
-6.32699673245782 -1.0496778847490031 -50.105701961161934
6.089118149941802 3.0905073929270555 16.14584285834894
-6.385055425918035 -1.373356731827587 44.32587075407306
