-2.992496535468513 1.4137311220279858 -34.50597355006573
4.101313576936838 1.0483057071063 -87.6011963312791
-5.294449879978174 -3.6041752728565504 94.58963952740127
1.0493095598940996 6.740960092379161 -4.664242165208075
5.008283179986257 -3.7220302710476756 25.916107251848388
3.400174862226676 -4.248335771689413 48.11262670345769
3.700749358548912 -5.263823943442822 51.40507287346014
0.8729848142967197 -2.2593712171796008 -93.5765054958783
6.201033371429961 1.540263930046752 46.747492293897714
0.08139804232179237 3.3475249917874765 88.51745606918269
-6.135754668259092 2.340027773039757 -7.099621861396113
-5.56097965382918 3.4922189922374347 -40.01697097076446
5.562487530050233 -3.6866420098674264 -29.74016726775504
3.70980256733508 0.8278406579129682 86.84206459802446
2.033849161778918 6.312314765901961 72.40202590604082
-1.9419918530350297 3.0668551142551035 95.14175093443914
6.0452661850818465 1.070258681774342 40.077227568729086
-5.399105587374615 4.024678706969728 16.25229631711162
-4.418251954274858 -4.167490790919515 72.12676538342804
5.684739654761379 -2.2685749167687956 -73.34512674033638
-4.670815261544182 4.908274759961041 72.80459473974244
-0.29678708874667137 1.1059139140618817 -94.07567316747526
6.1359186956427845 -1.1631966104202276 79.54482191655144
5.5835157083205305 0.6212508176936254 -99.9910081384364
-2.3400851349111624 -5.8344032177408796 23.884276500982526
-0.8791043356964101 -6.447929037661 -73.80018434234874
-1.0713216378738224 5.9865836126528125 79.3342364705381
-2.329865077107177 4.027848776382958 0.34414062915920535
4.892275007163448 3.281893242104757 8.159900423417891
5.264268818546615 3.8065517916362768 -0.9708881460270455
3.223696446229482 5.833532492725056 -55.485942605675895
-2.7198771083764206 -1.9275789783365067 95.58646035643368
-3.0180263068203366 5.940129140830394 -91.04198263617295
0.7665905612484374 2.504004042318207 -88.90629298996838
-0.7052777323971591 5.614702914797024 26.60898756283259
-2.0230600724026306 5.826743830172604 41.2002662094388
5.1260210493392595 2.1314841057762566 -54.24417176769646
-0.014468965452605731 0.447100251408838 -32.75198326892086
-6.765479756707992 -0.015654594424906937 -23.078855544561847
5.064328124237842 -4.4848682060121785 -24.36407083101673
1.7466707992592465 5.93596067877515 -38.8930533712066
-2.903227856577414 5.938783065060007 -50.20180690242935
4.324899050292241 -2.298096803545542 35.66407120018177
-4.997204557044384 -4.452338882982818 -32.15485891833018
-1.4691794554028732 0.07244990218043298 71.85159226602097
-5.5422122425677145 -3.511432704220927 28.173954467023336
6.687503006306633 1.4523277131376682 -51.151072492976546
-6.564727240616132 1.223512910712115 -54.61928640799102
6.489329070034923 1.4634589486081153 -62.04902229484124
-2.372376379809798 -0.5909829218351712 33.04882121910391
6.124753656298913 0.9331688598236347 -71.08052943644347
-2.8519044440944326 4.475996112874551 -44.21288865839509
-2.635302411191589 -5.7490993353148525 -11.911971517831509
-5.643245232298742 2.0614699789160555 -68.41981016673152
-1.1497219900704447 6.15643861686126 85.52272979804961
-4.74804703751366 4.316354209604345 64.30980171500389
3.513863532904695 -2.730439037660615 -39.00642289330472
-1.1207193127586697 -6.531748800274222 -85.97498089227301
-2.817096737004578 -0.31015573651771305 64.36312892613367
0.29805914856209875 -1.6648848349573777 75.1018592328223
4.557925109004971 -0.9825043309300854 -94.83764583676472
-0.040803079092410474 -6.447660540866549 -42.321511070022524
3.8733453538254707 -2.193352868324171 -21.446298466013094
6.482950684426973 0.7177285153685072 -32.24665183369537
-0.6157404418934249 3.677237521836513 -14.088027455137203
5.965674700414761 -2.4340977923683735 -58.0648434939844
3.8410236657843257 5.377793739224662 -68.44551977658315
1.6807057966245018 3.197945122271224 -92.35933437779157
3.232195041817589 5.889821000265086 -80.94094987879728
-4.145762932669276 -4.458469051585342 6.708516151309985
-6.099866790008986 -2.1716937556365226 55.58449952734659
3.1464472639343346 -5.072661433234662 -36.07142578823208
0.3662633076472135 -0.10435940656433551 19.771661926687948
-2.20189767444149 -6.369446135286621 -32.942731811650155
-6.5686215170602535 1.1549330907497153 41.24902297576486
-0.02763038687641481 -3.5329445394422647 -65.66883870540282
-6.065934540936235 3.122654666183611 54.36065333289543
-1.9322935044016616 3.4651184142117866 22.788394115154794
-0.8773316919285472 -5.646904739089715 -1.7227429882534024
4.304449195470413 -0.30600441469602324 42.90893945814836
-3.1879658711983776 -0.7301001352892877 11.631542973585967
3.9218375758510233 -5.164121860170266 -13.827121247073967
-2.2689085014774455 3.029278453679126 86.69657442669165
-3.698412750739838 5.654692649142239 67.34198842815702
-5.733588354166901 -2.137522107995271 -77.7778236677057
4.60491325178281 4.525205534938428 76.99883359591021
4.507955139128098 5.021320082578497 45.803115990678414
-0.8709468769298279 -6.757019716923382 13.331652115636714
3.389934945591244 -5.380423602335357 -97.32977575006554
5.6307329783024445 2.8983459481327705 66.00373849765175
3.889698863110704 -5.084896188735186 57.87082155559572
6.168336741409742 2.549536853536142 -82.86813193775161
-5.6115487988131 -1.1774391799133603 12.777292414567022
5.252331819052404 -4.020838465598227 -66.20498337328655
-5.706617444560121 -0.2703560477229055 53.12088058361192
-5.031328650871986 -3.8662256871406466 -23.837374359598215
-4.105753973050708 -0.14185128239895467 -82.760942111331
-3.9979365936325673 4.819135036332521 -14.067501789972706
-1.9708739123539094 -5.480873252340743 37.20067068815003
6.5722038808619265 1.1427133913893732 1.1601040905288493
0.7751528328678502 3.3965738769626266 85.83970075426903
6.446145537720052 2.2089238707442562 4.122627081988669
0.7126331654131427 1.962643137975194 -68.12963960367915
-2.2188764323637495 -5.099482589605595 15.790915974134332
-6.4940342671164455 -1.975016103604409 37.56002448965522
3.777753966857571 -4.73826169949672 40.72590105352122
-2.4218619139420663 6.374583635571325 21.177525879008144
-5.575515338697147 -3.467053327190004 -95.09526913674249
1.2603109087307314 -2.4839489985456358 -67.99568148128624
2.544634049309253 -5.782215758409377 55.127308116272815
2.2952759836009946 2.694987755705383 -1.6127027317646605
-1.0517200421862545 2.3322183047790297 9.960841619444173
2.451478047180321 -2.0939199006415956 70.52505755830629
0.9337169506338707 6.661336491549114 96.50382027980645
2.649943833066953 -4.932710807534045 -53.75912913394642
5.643591211860832 2.28714409406608 92.99751180157611
4.157850143050529 -4.757484703681008 -62.17331997132329
-2.8312644855785605 -5.454325172229593 43.52249375521141
-4.568701106108552 4.869060069273821 -37.26662068482341
-2.054163774377041 3.9439162731495085 -85.66880611341932
5.883156615608952 -2.8238910457369544 13.811243047764561
-4.455384902528568 -4.901132250950722 -0.2589392096132145
-6.286859575040607 1.4683154749180294 93.8478549270341
6.480075551676253 -1.213624813065631 -77.3932484633802
-6.299217344611415 1.582356768226814 -78.57187578061095
-1.7312582453717136 5.899402533379589 50.331683021131006
-5.293091718755541 3.6831191982514655 29.612061524658266
5.840224803722807 -1.461402748818161 54.171498653193915
6.595742049660752 0.40437636700496093 8.68370695050604
-5.574789116689899 1.118837150814533 -25.990024219305507
5.02638020269149 3.8199729679899685 11.419292978176447
-6.770693568248831 0.12415208582146076 23.943294197748386
5.5223628364377495 -3.525056105890208 86.58457970385842
-2.0461703556742066 -2.560466396513507 46.71380157966705
4.757274748136124 3.666010446321683 27.762164150928268
-3.146032114691615 -5.9831108176993055 -67.2143656144194
-4.131021801647006 5.028838636211268 47.99823804984233
2.103102001221382 6.41471897951826 -30.12619503864806
-1.4941529109142382 -6.346616055587697 72.29565878574441
-6.586072503239318 1.930553018910996 -51.40982771321947
6.406155987593427 -1.439918716187287 -37.24381538676583
-3.489932899796062 4.8672717188429 53.75813276324815
-1.7971638331641941 6.09235807470034 -80.8483711829892
-3.8668036367887084 -5.253361682089059 -79.0064944684687
4.814687876148041 3.9320489894639428 -65.35990870799635
-6.235885186421251 -2.7689010063499078 51.76513668269252
4.795162311762573 0.729805230518787 12.873196500183237
-5.5378479281477215 0.5498162019370088 -64.4795542451
-0.39440192730659734 3.8929290087440593 -56.29605404613287
-3.817382214652985 5.123426507495977 -93.67710517839383
3.8426085281516045 5.14328797978035 91.34978174035085
-6.086167439868032 2.1276145990538398 12.638300425293894
-0.18938965681629488 6.583758704383308 35.30270022780861
-4.236858079814451 5.072747474077239 -1.9204593238613819
-1.903561879596991 4.416980188253047 -99.49315352359359
6.371378204461881 1.2701275188447592 -3.5493365091369524
3.7332911304285403 -1.007323353472608 -67.90067431737317
2.2774255899378133 -6.234269282488949 2.3311879463347367
3.408308745331456 -0.2036010346150677 9.615164971648447
-5.431482949197888 3.1118960221295895 23.313449853147233
-5.731876877717959 -3.094942847200459 -58.249141138414245
-6.378384129216357 -2.0824490863212084 85.93434554881755
-3.571952774161785 5.6487729357504985 37.39783143271228
0.2921889871627563 2.822793049276723 43.77947830503877
6.3017860399574746 -2.067126584900366 62.0033887256692
-0.36473096530980287 6.829277045068517 1.8632137588623388
-6.593830884213312 -0.4899188454491479 33.61905665242872
-1.1943074186778015 -3.1931627535069644 25.695002838120185
2.92525564601539 -1.5642959401118843 49.938744665650276
-2.552794055586771 -6.045828815546552 79.59052277035224
2.2271688788391533 2.920498760492281 -27.64327312667067
1.246749442187216 2.8736913259487444 -53.53731163702947
5.751816149357873 -3.4871248263682113 -7.108666437073714
-4.466375734545774 -3.6029745401205853 -64.40724315434191
-2.641650677129467 -6.036722473120579 -98.45271352455266
-0.5633304742452656 -6.6382252504525985 -94.63830521299442
-2.1341729683186674 -1.8278189399269742 42.93922533239731
-1.485484483735273 -1.5020158653655131 -15.514244540618659
-5.037304596420902 -3.8099305154092655 -9.497275239731536
-4.494417492701207 3.847186348489797 -28.641640934897367
6.131579069664518 -2.6612150329750017 59.00516631550336
3.866718024432623 5.610961561700105 -42.519480607798
-6.645803118480604 -0.19642695026806176 59.38011283011063
2.920179993666293 -5.650296764819028 -77.50997964554072
-4.949297690409292 4.2657576449499475 84.14948216119164
-1.7360461047699935 5.63371362927646 82.51000062712428
-6.269601607827926 2.6055517667860353 90.9663336591786
-6.5493257225628625 -1.1624827689709594 71.02477138291923
-5.569149016700895 -1.4862477945438337 -33.596455549115255
4.638785069165511 3.954630423309641 -61.18502956602832
0.6191071784304545 6.54210800671928 59.96716492060255
3.1043753635091536 6.096945776327686 -26.467716779297938
-3.192704409222657 -5.813254245196041 54.621283391169236
0.2336666704737523 -6.191113396966069 -67.54634434980832
5.9255186524478205 2.548623877416892 43.31613405758933
-0.13385210989404994 -0.37542715179664843 -70.81909691563347
0.6026050077834306 6.156637636963526 32.25961822561025
-6.2362135959539735 -0.7019391830382791 67.4965167218028
2.003866554586612 6.636637672814849 75.23972832282907
1.7305928257700347 6.214619670444517 46.4652048365196
-6.584417043202487 2.006731863598957 -88.0835265024201
5.506764046383373 2.9505224908207066 -79.07066807514063
2.113153424258481 0.38328822231150556 -83.61940746102997
1.6333741315130725 -5.067836150108642 -88.16797124611395
-6.59194124295385 1.1883962624726188 19.6794946752714
-1.8192868197793195 -0.7816148052192636 56.32993042823935
3.1075617547936276 4.890633712750928 6.2089259417239155
-6.553575232689296 -2.170155261532414 -85.85600334811042
-4.807770379012513 4.179760909081289 -79.43743444660483
-5.090726336196717 -2.373168443564934 64.47270041494743
-3.886300075400855 4.130627830103946 57.02441718464166
3.2560678360166992 -1.3125034260631971 21.388829926247748
-0.8994516391754939 -6.1854804030045125 69.12040977334948
2.088898823064059 2.1447771359317906 -61.843818995469924
1.8834437725721542 0.45081807467767593 55.08406814513557
-5.881221555607808 -3.220632462485644 -4.322376879036502
-5.803651105531917 3.0885679185807753 44.40750214978255
1.8957874327924735 0.9678145864897113 25.748175474811262
-1.9773760936413634 3.3701825569044916 -92.13375557263903
-4.856105724299551 -4.126114754809907 -82.52650824650706
-2.8980169875633326 -5.665784670243236 83.49540177217872
6.195232439026957 2.2698769574876567 95.85116388139042
2.274169810799969 6.321011941694629 9.376159667637447
1.2425988530667025 4.067127386657536 83.0176386690801
6.61301103655729 -0.05207280715414114 56.96149145742844
6.617174030099832 -1.4106153752399155 88.70138029239861
4.503687163481606 -4.710772341578879 4.8850761758649615
0.8908408518957576 -3.1288172476537652 51.40786342761029
2.7508634118613005 -1.147056688919546 -26.16116382952406
1.5757284399639722 6.561346264986211 -45.79183993011446
-3.605052129247569 -4.030120747426132 -20.92912135416737
4.722774261196753 4.962371585802976 94.22145957698598
3.031414941815526 -5.659213745186143 -39.27626718222548
-6.669590450096045 -0.12463339307038407 2.947608132818008
-0.6001787277397689 6.300673052466772 -41.654466366333274
0.9795664636080247 5.322531501384741 65.33595454708336
0.5576472229855975 -6.890293513009709 61.82865179288858
-6.568085517941249 -0.7716710449496652 -67.4664117398668
3.4450519630363723 0.508210594585359 91.0620004458993
-6.028494242019626 -0.9271781303574115 -30.601216527585912
-6.43363507058737 -1.0033448303366117 -81.13175592786554
-3.308230792319035 -4.035273265483702 57.553298599517795
-0.33666617062734283 -6.4036156918395335 -91.36442699201734
-4.980632051328385 4.214648446213202 32.54973779951295
-2.20470601551479 -3.785064046948534 52.23965995215454
6.657368676745502 -0.5494539434219856 66.220717258125
2.6418407065090292 2.495612061087067 -78.34014416202244
-2.2441792205578746 -3.609275047091412 85.5744402691479
3.5827844140344967 4.018669296501379 -16.284817736852524
-0.34239647991553 -6.586740717096436 -60.15601774119336
-1.2814263268040793 6.446655570608231 -29.61559363527793
-1.4654823531223422 6.023523064034428 -8.026521929083648
-3.220658735943691 6.03457449274331 -21.968254551820614
5.38889827062618 3.9696203914466164 88.69791103619797
1.9496462305940534 -6.366916390492719 12.94346572483742
-6.510372592531527 -0.8423438056476513 -43.51443433719759
0.7706183031502883 6.483995958253007 -78.89315225305366
5.300621171326252 -4.342822088586324 0.05447025970361275
3.777888335834393 -4.729935332987516 83.9408541478123
-6.5424985010099945 1.3289067366610638 64.19542404144892
0.2262805365531029 -6.626871480271604 88.199757729387
6.650094783482385 0.7108957983678521 -19.7359754575469
-3.206491582031036 -5.8804229662340814 -50.4622017692081
-4.785741243298819 -4.3250725832630685 -86.57294417297528
1.9766643731539075 2.769203881356701 66.16016079379924
2.4741741450640222 1.7773979638750963 95.38274543179047
-6.677501494162296 -0.14692285170599165 -12.051721557858965
-1.8401114451306622 -4.41509017612278 -89.57114902370877
-4.494393301854359 -4.4173644732274235 -74.83300141349959
-4.8697740512537475 -3.797689925818814 59.94472853026926
6.052551633031452 -0.14294330960788013 -23.3796340044528
-6.138897499672277 2.712598588353022 96.25686853465552
-1.6802892523666892 -5.29924238884101 -70.23023711069516
-4.867137235147655 -4.117586261204472 79.94869974814435
-2.5061466023561056 5.602813592413568 4.0050196814332715
5.508355260782423 -3.6288759525216614 -95.3327522134875
0.7516516050790985 6.610437846320171 52.33962395453075
1.418539950889308 -3.028592050275727 9.199078328901201
3.2168622275473764 5.413065608747268 68.47966185717294
-1.218280056072265 -0.7512478389210832 89.82288642152464
6.458049787822742 -0.9490622775797257 93.39519721354309
5.438738067665818 -2.098422480456319 -42.17875075089341
2.5623846757683846 -5.793096909152319 71.75807264907922
4.4486360157612035 4.367871926598303 -99.03073636821722
2.045656940119448 -2.8937645580570366 54.51962364319311
-5.470700116619264 2.9635267246603183 -12.26345339274872
-5.92675862515747 2.4656652517896993 -32.60651918915984
0.5471997187402975 0.7073794722090055 -43.3086823262646
-3.5579751135460476 5.55072174890958 97.35605216654565
5.784786037143207 -3.1206775322358866 91.29578269810195
-3.3153969782875192 -5.955297174915415 -3.772719754852921
3.5315290824367978 -4.54642502314781 33.684546098202546
-1.0392811966973055 3.829152974376503 6.292635942583329
1.8412788533740527 -6.2695678901254475 24.39553257402414
-2.7736216629156756 -2.6585501423871336 68.71618516805674
6.4218234771045415 -1.7804814445906547 98.35261236473075
-3.6257412648033416 -5.32006825515704 10.491803848737774
6.666953763519741 1.0980642097381632 74.64861038161278
5.768525285754524 2.9344982067952277 -43.393563296411116
-3.2364113359901796 -0.9868782572832239 -28.285350660690753
-2.61814449954828 1.7334471493392247 15.638762459081356
-5.430891635902579 -3.7705938863854316 -28.977593559086802
4.03699059174557 -4.525924475255143 -80.7376088577672
-0.777125347818814 -0.34435797508328725 -84.77671262903432
-0.8797674864763927 6.43525872961872 8.824166590955446
1.0582550674581506 -0.3536042493419147 65.92273983192759
5.749680974164878 -2.5423133504310265 32.84620395408081
-4.881775468345291 0.9332402898569513 74.75105983693716
-2.8324504345373795 -5.4135009546555555 65.78882228732941
2.899751628222528 -6.028498626043275 -93.6024166581594
4.570063711030126 -3.4792041804167533 -45.213603727800404
6.376478800990179 -0.6247738747930625 -14.314081609638338
3.487236296290985 5.128163505206689 -11.286882572084716
-2.180949316715997 -6.091946121044107 -8.077357883503286
3.186725236808739 0.7648329796648548 75.91137436435808
1.1560603199178203 -6.466177800830466 -18.15363451325111
1.2473240516368134 6.470499410794488 -58.69280753848051
2.5648373590225795 -6.153887322417734 28.69457647895745
5.69198015923787 -1.6777059599272712 -84.68039299626292
-6.04302223785816 -2.3050529184615445 74.86134233874975
-1.24559132266025 -6.666018605200183 95.89530394187251
2.091382002041154 1.9500255350168931 -56.72946533285021
-3.292822173679346 5.711870597203593 -77.02266372649076
1.6461557394856419 -1.2158995658027474 -29.283143852228804
6.038909259749276 2.095999457626734 71.9648558778319
4.391353587484306 -4.972383712932237 -88.9313393042626
-1.3089380624839781 -3.008131047075198 -56.86293651741997
4.895424415095998 -3.5369324753276903 64.890191905461
5.76261750389401 -3.4690883348949684 -54.71561866116306
4.2991508484003225 -4.11371925227327 76.31910358075864
-2.6096664734372736 0.370426019234838 -62.678987480683595
-5.096510017243125 -3.5187922784048493 41.151695925271426
-1.8395667317802251 -6.380998342978278 -55.297935107693384
-5.711117529810946 1.7067400200740668 -48.335590222710955
-0.6375016823463635 -6.695464304693998 32.77622092677837
0.9136836317422239 -4.547457139258209 41.546248117456045
-3.4929174594288623 -1.1040720892337639 18.44058264664914
5.923694834824862 -3.069263594331499 -92.42317732282658
3.125126523311437 5.827240224198756 -1.4758393330000954
2.688438874098074 -5.354131491342667 80.62844088195854
1.0772536093436895 -6.364522144394387 66.44392415054091
6.780310888795376 -0.3914275648292178 -68.30560563162854
3.469207417683369 -1.1343977479210618 45.91064675234342
1.004932027642678 -6.496985983478449 6.533197010312755
6.1190935118952785 -2.065602742824372 10.35504422280853
5.806663040039593 -1.3838151326900778 -0.24525471746394478
0.7524115125197495 5.995055177351466 -64.4914408428454
-3.190094315129469 5.6134460458676445 14.877765982037294
-2.0497237117231975 6.490402826505503 74.94158796518279
-0.37939594595877996 6.155020739021083 67.81677885505225
4.255609141805059 -4.376276095105254 99.64801058485803
5.122891204023258 4.516982489891723 -28.8786354671238
2.7628295167276797 -1.2956021394025579 -50.63924922477374
3.395508124513726 1.8530254243007676 -21.938759156853003
-2.507815395732784 -1.5701965647648195 -34.63629007064396
3.6111777013519504 -5.670625719445852 -20.638387852715915
-4.746858563806171 -3.798366409929872 17.77589152399417
3.2771994335444186 -5.687303902086693 -2.53691978677152
-0.7194334421019327 6.634149392312002 72.1887350278574
1.2182873454948029 -2.7273299390541816 99.44641368983484
-1.654599585507247 -4.266804907220529 89.26952293551237
1.4595789950254214 -1.6121503590306874 -54.65446673329484
-4.409337528901453 3.414899659778355 -52.52749371570603
6.539149640598809 0.5420492499274593 85.67180459918826
-2.874403601851961 2.61302854251187 51.31138900630189
-3.7978335406404007 1.4072920260691186 98.18447522406736
-4.24342493084582 4.993863933732145 -66.18260565911392
5.601206036081471 -3.0164192606699642 -4.070018034232314
0.14024126514593904 -0.929100918457898 48.14975798404133
-0.2557383666870301 1.861241362543619 -17.684874844493123
2.875764657009954 -5.772294752219761 9.540102616078858
6.5427093411125465 -0.15005226373260858 -90.1818486662504
-6.175362160550275 1.3725221394096487 -57.87858597737314
6.767449405365376 1.1206145202655324 90.3061397079202
3.893132759181945 5.045342920948298 -22.822237732455047
-6.256653418663762 1.9502743515835779 50.741801260899194
6.649331816328146 -1.2362154666430494 51.223736263382825
-6.529510844031764 0.5233403941455077 30.18506065404585
5.397791104283359 -3.8447700526146753 -69.03006381360093
0.8015269767134878 5.745876062509867 -71.34762471448941
-0.556571896807703 -5.172690605059545 -14.743122184884662
0.06420137590162342 6.80182856542008 -91.22218963492413
1.0198446282916072 2.11019513940892 -71.79230992862455
-6.8834953061999755 -0.37772499815695676 -36.20324309070748
3.5652147747630196 -5.402044366698396 62.89921419408232
-2.8058013945310605 4.645759912884217 -34.44045292616761
-4.0267348756172145 5.23082077989724 61.253612092175004
-2.3490282464972454 -6.257708490489472 -16.876453747752247
-5.82522264626644 -3.695701798527853 9.253457317065255
-6.242862249718956 -2.30950751080042 -38.73351285919821
-5.077499141576218 -4.0022299254270965 13.935012158199699
-4.909101766996351 4.7229604348674465 19.644894841138893
2.724678092061624 4.515579682387205 2.7398386099394827
-6.158684835721664 -2.4572483127114677 -89.29038807763018
6.407474530385324 -1.289216674706838 -81.87468156492766
5.508312268398685 -3.6344503982062872 21.248112762913298
-0.015580809926832587 -6.829183862688511 -99.91166190208193
-6.616418693790561 -1.5979581088240906 99.28108052889357
-3.8714570611135657 -0.7017178936529169 -8.743518845095002
0.6375540198634826 6.022581931845242 -11.21615829261736
-6.302730239626362 2.074605034173004 -98.94748084020696
6.160841193212605 2.6082897355824217 81.27032288259161
-6.730864977763313 0.232923280734455 -40.805895807620296
-1.7762717863578281 -1.8316304665714196 -37.71920672889165
-6.493071931790829 0.9989481364992769 -85.49873992436194
-3.5550857170577785 5.407739083226556 7.543482321223288
6.491529652256147 -0.08797588399131456 28.636025816763308
-5.340047094586228 2.954961140748401 1.6083239977523804
-4.420757996977249 4.90269130198347 87.73012165746577
3.237187131337257 5.73232943380502 14.485398150501489
-2.9321440488049455 -5.9532893925483865 28.981178806501124
-0.12768181570172107 -6.261859729472322 -5.223478861464946
-4.87971099292719 -3.7291665283917936 34.75816870714328
-3.5490388667884547 -5.72801870983959 -27.053366299561937
-3.559577654423001 -0.9755062704586913 -54.47600158478638
-6.420035422530609 -1.5506779490785072 -46.95672281683966
3.5372353215383217 1.4537523767560856 -32.95887091407378
-3.020575705710846 -5.737869760277109 46.38625080120581
5.642576849578521 -3.107366432702274 44.558118381244476
-0.9964184727516129 1.1847907696035969 -49.60142687524054
-5.996711580867622 0.3968686190110444 26.96166057530432
-0.6849336323817639 -1.9837961498014223 53.84047043705263
-2.1852701552536535 -6.240183655075545 5.162499750166969
0.09347539253807766 -6.345765884964743 -20.66265606682564
3.8801525798363423 5.182047114760258 83.95027471798012
-0.805093852524879 6.69439388220187 62.54936949792032
-6.661372970004422 1.517036247961648 78.3223788007173
-5.5556109199160835 1.4642173450853955 81.11100760576183
-4.4605260431122336 4.886487429091549 78.32846640024322
3.287862690162519 -5.725667751702377 -58.75182227638017
6.374833010608767 0.9724377055536771 -35.23477944928793
0.07420103156617947 6.7604642552750995 -50.44538967128327
-6.704116318936209 -0.7068389898988502 89.98729250718651
1.1627275786055908 -4.210148958094303 78.07964456019744
-4.561328569125756 -4.968926957851832 90.02977191282045
-4.13833696767545 5.340288354165933 -31.338729144004848
-0.9294799986364501 -6.364819203876538 9.518749870858153
2.5337848782231744 -2.8758303568507704 3.376182814819863
2.0608467848614986 5.875221983873533 87.19571721385564
3.8392209311826484 5.050075119163356 -91.35733983971059
-5.084260603358355 -4.014195303786632 -69.4341399726967
-0.17206244024753814 -3.586010155305472 -85.15093567497458
-1.068565301089895 -3.6068984603518945 81.6938346075872
-0.2236296946363685 -6.6541999217923955 92.88804444013594
-5.3211283062236046 2.4633998887536155 -82.09295641483726
6.749346181938907 -0.5656068305076148 -29.7444272578475
3.7375519663565617 3.4745827216727805 -45.595147457799065
-6.362592277822155 -1.8385935701115188 -97.9367849875899
2.221589678438571 -6.141740287787873 -65.06120161623528
-4.339677721460731 -3.976573255014518 -35.47332307922804
4.6978017080924275 4.8403237312346565 -32.440302769091915
-6.498877492094531 1.6368225532870548 56.76388165739303
-6.018443160492841 0.48756060026676773 0.0838322965013934
5.892528857930103 1.6497123459685306 -25.906015802126053
-1.9266604902825721 6.417144855849226 -25.489624988876393
-5.0987694910100725 -4.203516436199882 -99.06826975001276
-0.027310985185317774 -3.575297618389783 -8.114267714381874
-0.3041054616457556 -2.2869597036054996 37.578744879557256
-0.6888569531249845 5.50806318908732 -47.57438626945478
-5.920339139774218 2.9141687452420455 69.436095670651
-3.231913860108695 -5.72543728972715 49.4430678166569
-0.8005616369601807 6.604319190612307 57.34001558914629
1.7715436394103363 5.936872258860919 -87.81619065945469
-3.776150623307306 0.6548040190258756 -94.05032732087076
-4.732798118355823 4.64638480734737 -88.44505944250729
-2.4858090965280173 5.086957199989642 -60.310302887384374
4.260239105108168 4.4660071175064475 22.957437777512897
6.00091008497583 2.0692432321506185 -96.68048740877484
-0.18524028453072217 0.6699878547163383 93.02063905917501
-6.6579591757990855 -1.6915663376631491 -74.14999680647121
5.808740837038869 -1.149096450419581 3.2428829559883696
3.305961063681712 -5.795002769343221 43.89405162406087
4.66671158496302 4.531857382203477 -49.2350427345679
-4.464195843426948 -5.229746997885 76.55592183200683
-1.6387464777754548 -3.0833624281701675 4.614064886853352
4.349324552968334 -4.975899086537757 -32.5223198399433
5.8573304081423325 2.9418198110505847 -39.62917962644422
2.595295719678966 5.752032547345846 -19.257581073316082
6.780683081581546 -0.007728295106187163 -56.38709023314585
-6.127089601426492 -1.4046198363120839 21.626326620845163
-2.3768360789316145 5.806051190562808 31.356846476944213
3.0621173767304355 6.051392923946832 27.687097892867683
3.1727759751114357 0.47720155876812054 3.885517118867469
-2.5139702639995316 5.978665131112987 -63.29523210897899
6.14611547119333 -2.801419596168986 68.8732982156721
-6.702625072013279 0.46535390873592414 -4.523997113249298
0.12803085484032475 -6.515122847752139 -50.61589381801881
-6.5074690141909874 0.7664179589276692 15.258951667785361
-3.87659012604987 -5.266090532478957 -45.207279707768684
-0.7369066187314559 3.860231774748448 38.7339347975466
-0.06464113912327084 -6.657061258602465 53.420753653535726
-5.756776333244178 -3.460837203184512 24.67698184410743
4.091838706279507 5.1108911389145515 65.54597475307527
2.940476167462259 -5.482856791253635 -83.70389597358343
-1.338539068125693 -2.9460752253307168 7.887242100969018
2.960013137697404 -5.996917940746568 37.12247906051693
0.4141011525207705 -6.602349377116532 49.72354346520603
-6.09131715193684 -2.7094358571050936 -49.840243747268836
6.405451801745035 2.231099086670317 15.43699422064048
-6.398394023323794 -0.5603644571609783 47.687508370635946
