-3.36532342582207 1.3780779760836606 -33.490132374035376
4.5275084859148516 3.0247103373783233 -87.85945751785616
-5.212476231655517 -3.279720079978201 94.79392354510966
1.0414456076051302 6.7163846158036185 -4.640465020522883
5.355308716748327 -3.078530455873516 25.81009242075706
3.595405433477474 -5.068452305282887 48.23464761163888
3.5491146361992363 -5.470896097576551 51.62630202007889
0.2306650183435422 -1.673964547733604 -93.57937224191635
6.225483164555801 0.947110942240049 45.57293579164262
1.1463290800090242 2.2275692554167508 90.84881116363141
-6.109226198818556 2.000463424077223 -8.870164013489386
-5.588531296314307 3.7237598552352886 -40.123027387320946
4.586834515498375 -4.795146821164474 -28.05768724874351
3.701405376098396 2.4042753587590235 85.9530234276383
2.665799719948503 5.858644148192849 72.18139610014802
-1.7535402636714346 2.3673006571473283 96.00689788014502
6.503502514626842 0.7720925635120826 40.032799989193876
-5.269537799197485 3.3823544347340984 16.692554619844948
-4.443111232869946 -4.173891226037339 72.12118445509759
5.423738773967144 -3.0788251898506482 -72.81677549363272
-4.73723944160917 4.9884107651076155 72.55452166309696
-1.0522277787904604 0.7040583101094677 -94.26550441127628
5.987072298799298 -1.6759511846413686 78.74707446795934
6.008981340327497 0.6235113923343263 -99.88066843604119
-1.8340822938567218 -6.598879844397308 24.28026124266065
-1.6552542893750197 -6.108480848143927 -73.69328473881308
-0.5447046356249067 6.344236997289177 79.60259660308766
-2.376882718449478 4.112489098375958 0.0338372973598507
5.194022810910393 3.3538142562634286 8.91594160914728
5.264268818546615 3.8065517916362768 -0.9708881460270455
2.797073148478753 6.033238760994753 -55.293462707948294
-2.712307328303549 -0.9854351873549299 96.13411801315935
-2.8156579648515225 5.898585309819391 -90.85343680307452
1.8582068520285797 0.5685916137299478 -90.1767788154394
0.03177094153593163 6.539805865910677 26.143367635263886
-3.259363699744908 5.571659529763804 42.19579982338566
4.848315472393551 2.0884354208864666 -54.69178511259596
0.6013924756191094 1.4157889077145724 -30.29153504367213
-6.420798307423222 -0.7062680086739187 -22.747508060394775
5.382582128030437 -3.349448810952921 -25.25721685357575
0.9208989467058434 6.230356576232614 -38.74960119571879
-3.0286082540551553 6.052390504439125 -49.989274252096216
4.467847104908696 -3.559894543142366 35.89160320418398
-5.121506484227778 -4.371007004910864 -31.919731955728516
-1.2981585634377328 -0.5207654466199418 71.39305681275923
-5.776149341997704 -3.626290099311446 28.065405262283956
6.754777409956497 1.0740902637626597 -51.52283982460144
-6.5943389793563645 2.2039795505027993 -54.177015245203144
6.656155024939719 1.0919451002767537 -61.494529273674324
-1.35525373421404 0.2279611899786157 33.224301621770486
5.65675523348625 1.408235529640877 -72.10860306999086
-4.176318018376644 3.8619040983867157 -45.499481223615525
-2.357677096463334 -5.922393637119588 -11.626184282632408
-4.714043987202831 2.3243558036335124 -68.5481134367385
-2.192138451865329 6.032015839954925 85.48690354208728
-5.006056651939439 4.296940609242995 64.78770142318734
2.8939255759381437 -2.811014958827254 -38.9625702293474
-1.1207193127586697 -6.531748800274222 -85.97498089227301
-0.7448777751542129 -0.5091843041352778 59.40695728219413
-0.8418449207039457 -0.38323211432599846 76.73226868832607
3.3166002267431125 0.03773913779193094 -94.90010138737131
0.15840091950655072 -6.543542883638655 -42.256580151916154
3.802706163519126 -2.232353841478167 -22.140610738715942
6.608378026349872 0.635345004541182 -32.55471671245732
1.3320165859900461 5.177020549352447 -14.689657491932849
6.076784478854402 -2.314552891820771 -58.07913824336975
2.0252342699933514 5.251307545179756 -66.52197822218739
1.2610066878168 2.6009971702108237 -92.57243005992797
3.2121862082117767 5.997056836483176 -80.87434232517643
-3.8075618594300056 -4.718964408545182 7.138427718678148
-5.964567753004722 -2.4395507893689787 55.77486291599664
2.819425250674209 -5.35589101636538 -35.852885749823685
2.4063091630014615 0.6667199532656669 20.23330933115337
-2.2174766207778154 -6.043724978693702 -33.22892141152537
-6.5686215170602535 1.1549330907497153 41.24902297576486
0.18566869516401546 -2.3847625816691145 -64.9895605231229
-5.917379084501539 3.1027365528735573 54.46903349387912
-3.1198769205354018 2.809186175950267 22.17304284265162
-0.2347262101522271 -6.637465816995744 -1.6949716972515818
3.828409833023298 0.5565180395591758 42.142468716465345
-2.786517139175171 -0.47384655868743053 10.564784883691273
4.853424667884539 -4.449864387265211 -12.727706042887672
-2.2305115121405468 2.4755466913270805 87.09231888087159
-3.2714748818855246 5.746110532794631 66.69147149765118
-6.226810643400717 -1.6590659336996803 -77.79862584717348
4.564511734675481 4.52757693303843 77.11836475558033
4.071472013080502 4.818285921258385 45.94650849491499
-1.2067962377436032 -6.045166289218535 12.704094719166616
3.2122006373282486 -5.564406333827072 -97.33617984386038
6.015702994190164 2.739115216637929 65.7509591440877
3.9441218420296718 -5.142669105316266 57.866755955695695
3.5139582514296968 0.5454740291383843 -81.31423267854376
-5.549993079591579 -1.2935769332291174 13.014774333634135
5.023083692157109 -4.166265728373107 -66.57722683341908
-5.296963258833763 0.36283178843342007 52.946547754002744
-4.888638357679024 -4.413597216539028 -24.026179042391448
-4.088615891556822 -0.10712498986768354 -83.82987210964546
-3.8089884675750283 5.106228210395422 -14.97041901624113
-3.6530771068547696 -5.410665098037709 36.89005629999535
6.557631900274912 1.6566818499559886 0.8219476430503475
0.7107319237163499 3.297487420699459 85.75655780251208
6.372533353552504 2.1652680664897614 4.199891136960386
-1.1201217169197721 0.4606956238152236 -68.73590470905695
-3.0205909504628803 -5.9161863379232384 16.744786266747806
-6.774967622496425 0.07583417706351038 38.523243712196454
5.918447505756633 -2.8055631685015707 40.38315522908295
-2.124050490740944 6.1333712059094445 19.970631515157823
-5.575515338697147 -3.467053327190004 -95.09526913674249
1.861421604760432 -2.0605489980212552 -67.91553627505355
2.065214736702911 -6.4137023689437305 55.17869632209112
2.4953308043188063 2.2328175763458282 -0.8523722614638807
-1.914804694982506 3.1073803372188062 9.4613018089488
3.3115791888391755 -1.534645912983812 71.24348392042383
1.1286764208275528 6.721540072355245 96.17542732169544
2.7898915413348795 -5.476701811830518 -53.64131661070901
6.245158289176707 2.9949266073372707 92.37542749833642
3.7180126671867804 -5.060118656450312 -61.806895043156715
-1.5316996994676038 -4.76996528735367 42.94365472642424
-4.754042563373217 4.8908127178198795 -36.94706522469629
-4.093008637053531 4.8764704786846025 -85.38584181054301
5.582999472470475 -3.2851877810296237 13.810716805819258
-4.13250019952696 -2.1930186156819187 3.7550719690775085
-6.286859575040607 1.4683154749180294 93.8478549270341
6.447257898717397 -1.3727270345181997 -77.21609783856566
-6.373451418171437 1.5385880511622176 -78.45373176141524
-1.813107471786933 6.2446864915984595 49.237478919344305
-5.204812454270866 4.4763848857934825 30.280994935108083
6.1664399634803875 -1.8077393342394612 54.608812226328666
6.2882793835238076 -0.19888358276107287 8.090079596118965
-6.383503203531551 1.1377339096183232 -27.193883841273127
5.269055197385444 3.654201252930961 12.889570142805296
-6.513807670208188 -0.5755686956793022 23.183691946455745
5.556789194736834 -3.5228708434420675 86.52801571527375
-2.467067285106298 -2.7856161698797983 47.6137804856056
5.095261548278256 3.6148915639716312 27.5252774690884
-3.0149422028567923 -6.025051285308976 -66.96316364532453
-4.515140090821098 5.026309394982469 48.07599581898535
2.049923066799634 5.856656840351683 -30.351580007939585
0.06035801632089022 -6.630617928138856 73.31269876922445
-6.154643342138713 1.8016198521795137 -51.15850034339542
5.984730338071044 -3.0124381671841767 -38.707531025260515
-3.4891660841307344 4.917684413325498 53.76229674187108
-1.3986303796178745 6.191895327502242 -80.7255831542396
-3.8454570386821136 -5.100529842388187 -78.99700123819822
4.985031127365708 3.9272289229057784 -66.04386279641695
-6.094255761748935 -2.8394065544337828 51.826634121383066
6.679860215487357 0.0322809222261089 14.252231866579232
-6.600568274859635 -1.62550635093447 -64.37682607202676
-0.2684125410408027 4.2804810733633945 -56.696406423726565
-3.817382214652985 5.123426507495977 -93.67710517839383
3.9537884360294258 5.057546472633341 91.3257326364922
-6.037578734409959 1.8781686001502689 12.496394411686305
-0.36334178271338674 6.145128583414992 35.21092036798949
-4.484725578911295 5.003600685384664 -1.7825728133007845
-0.8935690467422721 5.06401012611441 -97.6168998854599
5.9473685399217615 1.2122599713161386 -3.5961924971340307
3.8588861384254196 0.13434387026523043 -69.75393095393333
2.4676182408374587 -6.215795094792182 2.150759769994185
4.014470459785099 1.0429212802958316 9.894757331437575
-6.206117095808244 2.614441462761005 22.51668439327216
-5.438306788126727 -3.5299194536676963 -57.55334405908548
-6.4614488704613375 -1.3965268782551876 85.532659789308
-4.204848822109125 5.089475405649453 38.86947551435752
2.4549937693909514 2.946117360595903 43.97801433922902
6.280878713560052 -2.1766647526715377 62.173450887538245
-0.18670170492142513 6.488152632843167 1.2924251856506541
-6.450396887112274 -0.7682876049676526 33.504062782146676
-2.435900362413072 -3.6179604474995863 26.114057965597304
2.5932794244959396 -1.7689496596049499 48.45359459639679
-2.4611854851361286 -6.389512558391758 79.69814469851914
2.679994674427672 2.756208099861821 -26.298627878245924
2.031729690370763 2.939271509483972 -52.994124441592085
5.9254432131404196 -3.3743492431284414 -7.4032308535757805
-4.051915992661029 -4.751370031200022 -64.32111275033276
-1.570816409572756 -5.48990103130805 -97.75812956273893
-0.564998785578064 -6.7413063177050345 -94.58309565271827
-2.5897137031403004 -0.2783472679584579 42.53420764381556
-0.8292696349566206 -0.29381014310970016 -15.390119433189922
-4.759428852913779 -4.592567817812293 -7.371067185902631
-4.602382542878733 3.7345638782056723 -28.71327748023211
6.0166009289471525 -2.7287216243233137 58.99743821670931
2.5084853002809844 3.643063273336887 -41.88014469416123
-6.604198169754285 -0.6131159017762641 59.23899706869801
1.6958631534010562 -6.33342190850915 -80.30395306176685
-4.611649807143252 4.634326228385165 83.87095109845336
-2.0821703111776455 5.592685396928783 82.44383253358082
-5.7377380281099795 2.6318347829280015 90.94423305458763
-6.2685699693463945 -2.169235008797253 70.48062399175184
-6.32164060936138 -2.074581960650585 -33.44711554436142
4.753375824649736 4.120479943765075 -60.8902159132545
0.553385275502831 6.290834633003245 60.160791815012956
3.559158805803957 5.873772544233221 -26.035512021246927
-2.6720918705464523 -5.442986037233478 55.84037230112847
0.4338396091649563 -6.464399620691854 -67.43948991654993
5.823228718211122 2.515536316421858 43.16946129013832
-0.8956645378513425 -0.12988431609027407 -72.04461080224311
0.9098336294941467 6.779134473996805 32.37662386803348
-6.426951471308015 -1.8362330354092964 67.35988744074011
2.091538438520943 6.490299729929475 75.22550628450534
0.5908763778398054 6.329332670724819 46.17548073124213
-6.035566903829177 1.7376762157741696 -88.39517761458598
3.26536582330708 4.171143381712721 -76.13375752630941
2.795193028399606 -2.552983542755707 -84.19930068906939
1.4743230412321657 -4.783678778592939 -87.31827598145236
-6.740686063392961 1.1555550915751063 19.510453281928097
-1.978470890342017 -1.45126013758628 56.44875125744194
2.73824602217752 5.4305674473687064 6.304693793735677
-6.133415776472605 -2.2695253341818478 -85.83356002045863
-4.805068463269924 4.192494165866813 -79.4532920041662
-5.277023849127837 -1.6159204186117635 63.73871986212283
-3.5207280604217788 4.060844813755198 57.227819153392886
4.8444984867713226 -1.699598762522635 20.472782795488296
-0.9997169440570067 -6.036355851191763 69.2480291875274
0.9806246834300691 3.0929613071925077 -61.51761235424567
1.8570277838013785 0.4570610948864463 54.58667434201069
-5.841609861493998 -2.3400392413762185 -5.697123432190615
-6.024736039883751 2.746098325543356 45.8674088662777
0.7920405440136327 1.1318353751466756 25.330087834308348
-2.074759575622998 3.308186276270439 -91.78673809453771
-4.762512993835086 -4.175897663132318 -82.5029412865881
-5.0210963395041555 -4.543507285347983 84.55238989999594
6.469624808389488 1.515042028138934 95.66250196209225
2.4685125066971985 6.420399964329001 9.390724440873221
1.5412311111610468 4.036903181975745 83.00632872181616
6.225503997256517 -0.3567019061286316 57.22044911184955
6.483015377600183 -1.726669160571054 88.77267986966037
4.569535600402004 -4.8379931723365335 4.967989420983544
-0.004028285863121023 -3.497484267119275 50.68639413644036
2.0944117847325745 -3.530986979523397 -26.67003512749219
1.4513277710874073 6.340528957870802 -44.51649766663737
-3.914460242476167 -2.638374132080643 -19.152642064870083
5.1030737790910665 4.5670620268384585 94.60428486195403
2.30581748803286 -5.837380364950311 -39.620065068620406
-6.188479274593075 -0.19795568554702556 3.3317195550467558
-0.5491029948347719 6.276981198557728 -41.6851776692897
0.5872257895605374 5.649078060434998 65.02094327423602
0.20116750360057153 -6.292435210515518 61.49453803601262
-6.6841066573494565 -0.7623492599550953 -67.54766479206585
3.255896242163848 0.07979105371413786 92.66562838897322
-5.877222654206248 0.11272440399999858 -31.04172857784352
-6.500656656288876 -0.7960883170382009 -81.17004765006465
-1.7506854779631758 -5.253489903656899 58.76766845819196
-0.4983177084968302 -6.734878095719374 -91.22087666034236
-5.717624125687251 3.696583893573716 33.79048869893421
-2.034333810649887 -4.219675120728977 52.615032437326064
6.777530239542075 1.0644942764715664 68.34485400644685
3.2661327082305007 2.234379564252752 -79.04520148905289
1.8144265704212086 0.2763092522537311 85.9507393449397
4.3155815473161425 3.3555503414075245 -16.092933705077712
-0.19323548125200576 -6.6578071914715276 -63.229588408172305
-1.2909864320494577 6.440177318816956 -29.499088263886836
-2.0499003913677005 6.165052809668878 -9.188282251836936
-2.582962261319732 6.334847724874997 -21.972058014022608
5.195490855757408 4.049742359509187 88.8169101159894
1.8529515118596345 -6.332124709601237 12.24541683597073
-5.838006803710674 -2.8490452583465347 -42.87423443797444
1.040164320622258 6.4065085769139944 -78.70728936471842
4.4761990841195 -4.922149491262127 0.1827886681303419
3.838809385060946 -4.077635706105358 84.05866475201884
-6.752242203537863 1.1662675825883266 64.09694064868881
0.20659133180323497 -6.728485696348238 88.29531666876876
6.138812015547328 -2.339930685995959 -19.806367970774506
-3.091925506736567 -5.830878570873934 -50.56240802053307
-4.564613993923758 -4.705386856211232 -85.2307212627306
3.054043376953514 2.1388219833863156 64.32117421966244
3.333843688304635 2.560181791555942 95.86852717189991
-6.344901600112233 -1.5229590292241297 -11.717318344799873
-0.9890807195705796 -2.239131008080637 -89.68323815085054
-4.540095101721388 -4.389525983299442 -75.16909233064347
-5.621768367244174 -4.030457063056452 60.08135456603648
6.194723243263879 -0.3728912976923011 -23.281197666170808
-6.229474438968931 2.6708584730384506 96.16427396958635
-1.04076716689714 -4.38810602293305 -69.38315795583927
-4.772744242229184 -4.188711217802984 80.93934751808315
-2.503491381714295 5.624441581173394 3.989737567457555
6.221007577644913 -2.061836929937908 -95.99718559222792
0.6157985294371379 6.564534621897979 51.993120582658925
2.9055162100084573 -2.151526605527141 11.229768042168393
2.564740605253476 5.323083974570354 69.12341676510987
-2.546722871257701 -0.4167907682762868 89.58985617744018
6.715269993727306 -0.7586256596361131 93.36861274043376
5.6908783700240555 -1.9290155568554248 -41.929673638744404
2.838412342160279 -5.624077835440356 74.18914362148433
4.604535732128005 4.378115736603598 -98.85432789986686
2.9386403148263516 -2.0773275076017605 55.54722822173488
-5.365536125840881 3.4200723185453636 -12.519701538900854
-5.866551875350006 3.6938647951815837 -33.42149796420468
-0.015240122128066191 -1.2043130580451606 -40.33005070426965
-3.969903998566674 5.372307208015567 96.67405808579629
5.494926772974993 -2.9505710291858622 91.46313457249995
-3.355865695217013 -5.765506564355566 -4.761877858727187
1.9696168993505758 -4.877001233709304 32.12281629821151
-1.1666098841841563 2.512049197051719 6.455658659688105
2.1958416796593014 -6.262536980159594 24.4458241997637
-2.1679516589711616 -2.2098161194970953 68.94890899495685
6.343584860993862 -1.9636743131172816 98.60104611416618
-4.166423939335834 -5.516995616538792 11.124419561863448
6.4890565666119775 1.5053313308461718 74.86895926087233
6.009986642278798 2.990959541647508 -42.993742997381794
-3.3897473046557867 1.0789109162811452 -28.780930914656203
-2.5607473210898695 1.9975595642562827 16.023264341167906
-5.416828681734669 -3.804616965154754 -28.911407804760874
4.53994328474454 -3.6224752885360187 -80.55540329327849
-0.6642279801051275 0.37027716231510477 -84.31867552642053
-1.380951809818164 6.374162634043569 8.872155758078407
0.6524056735382203 0.47954525980201035 65.48088925800037
5.58011668974301 -3.2288638727045065 33.48052546462174
-5.505835487695771 0.9240347401340984 74.76513590131543
-3.291276376755179 -5.674941020843504 65.39060718344166
2.7946842706280104 -5.876389809510288 -93.86636527359879
4.4215420452002725 -3.7452645353046856 -45.86460296150267
5.56269214141306 -0.0791233848354842 -13.402420489343184
3.3098016388603773 5.45652197608363 -10.181201079705316
-1.2466424934038878 -6.629337524165589 -8.760081728881254
5.201658265080388 1.3007323965715307 77.60529586486926
0.7677342389834267 -6.311945355590587 -17.971309207138184
1.2473240516368134 6.470499410794488 -58.69280753848051
3.860959139095018 -5.415613873178351 29.449160996820783
6.548267280095896 -0.2750161131344359 -83.84459619583185
-6.2316186120634285 -2.4479298012183075 74.79509541228421
-1.24559132266025 -6.666018605200183 95.89530394187251
3.607499535497363 3.1233232685533494 -57.42140409513689
-2.4246594007364446 6.083957498571618 -76.34273136511463
3.795441656559636 1.9830756402377945 -29.10505077810183
5.935351631709417 2.299743298008761 71.54219758234247
4.463888203425924 -4.815296643796275 -89.3416817675718
-2.4158459311721017 -3.54987429993439 -57.460338269166634
5.01809756408824 -4.467718096447745 64.92744093444183
5.529431655344821 -3.4030906737531623 -55.01404245481375
3.284938065484766 -0.20708830876762085 74.1146400028468
-3.5250920400180474 -4.931773824759834 -60.6911634417459
-5.161279109296979 -3.6556364112700064 40.78883648588409
-1.5251067929271054 -6.520494632938668 -54.55962960642576
-5.591674818714839 2.107177813616436 -47.83354285232432
-0.2779623339436764 -6.552091115075834 33.12945782119004
0.3743959790549415 -4.394065972719275 47.05709408131514
-1.9950488765136558 -1.0591541090843302 21.103699799968958
5.832395606228905 -3.09832383588811 -92.38900061717743
2.59237033880253 6.116313624879788 -1.5407627921450768
2.6645423307068787 -5.226834904562363 80.6114692896506
-0.3817408377964029 -6.540639247506839 66.234888872648
6.780310888795376 -0.3914275648292178 -68.30560563162854
3.227819108087831 -1.3749096084346573 45.736731550753426
0.9357249856153455 -6.70094560124793 6.730721859425148
6.36348911595317 -2.2729105304305164 10.165610311577979
6.0272683285386615 -1.0785837877588225 0.059880872183574144
0.7026718237256842 5.7680278360085335 -63.634376971210706
-3.477606358765943 4.648837391497183 13.17121715415295
-1.4355558212895496 6.093448223882569 75.68811694835144
-0.4534313708762677 6.251542538513862 67.72732054031927
2.801057188317956 -3.5001147731262385 99.57537792585796
5.112426573813195 4.5484158558376295 -28.7002841349922
3.752282870037308 -1.78425384119382 -50.86456425865417
2.7000015257021577 2.1601190428152854 -21.532482923020048
-2.3738120638644626 -1.7775466407507263 -34.4724617246838
3.185570897769432 -5.956538641938744 -21.289175153253808
-4.748988977144592 -3.402722958584378 17.540209094209462
3.745036306804089 -5.195956819589543 -2.7574724939561692
-0.6926954862905392 6.57944888375648 72.3285677510677
0.06523928640289933 -2.052758940705962 -97.13882488843714
-1.654599585507247 -4.266804907220529 89.26952293551237
3.221888077727848 -1.7187399967937935 -55.10417204814544
-1.1318213453832937 0.42183165240254683 -53.024871985185776
6.529938892877396 0.620997410875533 85.58189133095394
-2.9400921258860087 2.5722464585850426 50.9465001384007
-4.0074539530588 0.9528774077151543 99.07625776730495
-2.9339175783463447 4.97330690149191 -66.61329443470022
5.7324614149868145 -2.1072054438624166 -4.155204942712978
-3.0947041915751483 0.7296825808648214 46.73489497631626
1.3307847915296376 2.6243187009196385 -17.520554122093316
2.927943602411813 -5.9097741253961535 9.305008210978698
6.603440763089439 -0.2170252287741743 -90.38984638334921
-5.767500555234379 0.6336568098707404 -57.81571754813002
6.828326357506812 0.8682633452092583 90.34281294933413
3.4907146191600034 4.979148559831393 -23.337962011168518
-6.246227315812026 1.9426686113405993 50.669040717122876
6.442984591524527 -0.6754057725763842 49.706047374017736
-6.4299551374900465 0.4142066339783347 30.475538444880673
4.998171123336937 -4.543874813023659 -69.65435941904452
-0.766585151779543 6.713702630306165 -72.76954981366714
-0.43832473297791574 -4.846916513303881 -14.923298037891417
0.07594804962525452 6.554811640060023 -91.42738086289506
-0.03941197013286621 2.709628214749812 -70.6027073734331
-6.53881295544893 -0.4409475374377956 -36.49029100212951
4.580149545329475 -4.694345335117627 62.19803454239426
-2.7770576879086777 5.36485355074865 -34.615462303276104
-3.88808690837909 5.414221058225939 60.49579350580339
-2.5025094209198975 -6.0330209031940125 -16.830191864219756
-5.88930147194869 -3.101633742561183 9.648810537677146
-5.990298312633427 -2.957452082917709 -38.995760837878876
-5.273004207192683 -4.14180418952538 13.64784353634467
-4.875387381654388 4.626733993917037 19.762665434224914
2.519785588286315 3.8702332963284514 2.7147169338151214
-6.307545626401182 -0.6203032267936506 -90.09760365599638
6.2993320093788485 -1.3598141811968896 -81.28045496317621
6.276508612490663 0.875608147629536 22.23798034081943
-0.015580809926832587 -6.829183862688511 -99.91166190208193
-6.20391773868686 -2.2352468122129756 99.22510470229399
-3.526259333223771 0.02129234098720225 -7.645355452938832
0.10607471702788318 6.014744430763013 -11.044101928410653
-6.232351595267247 2.1394752693026153 -98.71858021894874
6.160841193212605 2.6082897355824217 81.27032288259161
-6.3152645190605705 0.6323608808523916 -39.46721823721314
0.0012457293689978055 -0.8104888940388351 -36.2521622131454
-6.615360579066247 1.014085244126188 -85.36212351559331
-4.0137647411064385 5.46317426508594 7.409164372930291
6.550701455772919 -0.20663682534729055 27.623842579189773
-5.960037557552365 2.7231724367772143 1.1357876119040795
-4.665566510778869 4.8188652248065225 87.79830624801149
2.0310082973215295 6.197961027984723 15.257716354436889
-2.9613666996259105 -5.510686538966609 28.062356530799114
-0.24703100088245766 -6.495437755851138 -5.06715391394495
-5.370945414868961 -3.4910255480800885 34.02806054127758
-3.302737614581862 -5.689221726256189 -26.86532938567318
-4.091251708494059 0.3680652356386317 -54.841621276033344
-6.042174190650384 -1.4913796476410457 -45.99623447349616
3.567792475243601 1.494158129543354 -32.97526760959051
-2.786037600530196 -5.799260970892529 46.29907499077827
6.220380567225709 -1.9276658781753044 44.881896583781895
-1.664956466742592 1.8010846636248703 -48.564802087182784
-6.063018020001176 0.6351863267805936 26.76989953420666
-0.6849336323817639 -1.9837961498014223 53.84047043705263
-1.750485926537548 -6.121103373741396 4.34923887664722
-0.3621532638271544 -6.828401737289565 -20.608006331417048
4.019796150371615 5.189845462204338 84.06894118615294
-1.0563900625889708 6.57900640476883 62.455941621783296
-6.451836320874307 1.4962630297743242 77.88177728059523
-5.9673289363802775 1.8992490818781769 81.34247121795043
-4.355582216030645 4.858194667415568 78.41028414935309
3.1877350676846063 -5.857354441464917 -58.89083605048229
6.75687971433264 1.0080080773359028 -35.992448422730014
-0.030882713343900633 6.627418909667176 -50.349526063498715
-6.638372907695544 -0.8856052536979245 90.05181985120183
0.9261045528922199 -5.442780871961131 77.83513989400056
-4.407164884937096 -4.9822130302928 90.79606282701624
-4.072482474114736 5.376877624553942 -31.34417950583592
-1.1952861101224506 -6.2220660495664895 9.603973443629668
2.700404299890523 -2.7449795771873644 3.0143276353242037
2.5514222971550713 5.906569828199226 87.46928127381092
3.7451515564778135 5.047445453262334 -91.37186296166186
-5.302998946735994 -4.040706021491176 -69.21359401886323
-0.28075688946195876 -3.230785313116229 -84.8914146677997
-0.7838779721018894 -4.041901663966912 81.7353708620044
1.277650749748219 -6.55030107757992 93.563132959504
-6.082560150267972 2.8768995266111075 -82.54266996626221
6.23204069241027 -1.4895854245227937 -28.754247914832426
3.790368810372866 3.469334134055424 -45.03881810501004
-6.363631119480897 -1.83795902254623 -97.93456189691454
2.5100509889468774 -5.7164028092973025 -65.30403083628943
-4.422190667599908 -3.8467314719188788 -35.397592407819296
5.610043291880571 3.121936365077149 -31.282344910468424
-6.531548564750329 2.0170331490130846 57.26953628785926
-5.286408524694315 0.15108578132427372 -1.3892088737063102
6.338437308351528 1.7929587729964844 -25.324032575298023
-0.35085152193079044 6.248108463396452 -26.13125891196192
-5.104428373151305 -4.212277560729194 -99.07186337077648
-0.09624090799257234 -4.039043311235104 -7.413167351337164
-0.06960683359098499 -3.1604482171786095 40.971397737278174
-0.5800266002300187 5.768630755310888 -47.33989709005821
-6.124889036263167 2.9850958866089585 69.63377446468715
-3.231913860108695 -5.72543728972715 49.4430678166569
-0.900591154125346 6.577092265698401 56.88401473422493
0.29422948596244947 5.8606897915575376 -86.14178368363656
-3.7094930037175278 -0.8330596324977644 -93.76836097564843
-4.772268200546744 4.597541260059595 -88.64309918536209
-1.804942352335386 5.625241170647903 -59.495303489929704
4.370930210839748 4.84429877073548 23.34505239419188
6.377473734309573 2.1078170213660723 -97.33530114830893
0.49679239105367945 0.64933584104332 93.59191561339773
-6.6579591757990855 -1.6915663376631491 -74.14999680647121
6.345666267664797 -2.4820269760555935 3.4343975298802008
2.651186606567596 -5.849213641567862 45.42884426392613
4.927889575085581 4.324243767703692 -49.50377177218136
-3.9279052778940917 -5.5332843376108265 76.41930562988276
-0.20583031718227446 -3.2994939988357546 4.562503030743619
4.749960340940257 -4.911627041462526 -32.659620725699014
5.333342178963976 4.14984637569452 -39.00668555821388
2.9704977289142454 4.545762722305323 -19.656245843472078
6.731133793629913 -0.33386176038815213 -55.54348972645622
-6.306863067207605 -2.449278087373242 20.44236442007144
-2.578798049889623 6.063319248623523 31.21550733558264
3.0612139792201285 5.869246311661036 28.590730560148383
2.4466325328649305 1.327114787443875 4.840889595655489
-2.547642660649126 6.0179470685285565 -63.46644877148165
6.191244360618155 -2.679435174250529 68.70354821453824
-6.328965969553232 0.8005193578487447 -5.021211172198882
0.49524557615819514 -5.918347801526073 -51.06242133118183
-6.671824520120893 0.9379259125601456 15.600391101035642
-4.380013337668118 -5.10010756092634 -44.210379693436174
-1.0316386841094862 3.6867615904793585 39.30950118203556
0.05950268602946979 -6.781904064850938 53.39278740240482
-5.228790310801096 -3.354727933610688 24.5951113218954
4.091838706279507 5.1108911389145515 65.54597475307527
3.2098087234484196 -5.928998097090577 -84.65661774803094
-0.9100661592219622 -2.278903976556347 8.382748248579082
0.9449358895514993 -6.3213024945841285 39.46134576854535
0.21407579506464408 -6.685572388664395 50.453322358172436
-5.542040697501415 -1.3610016107208072 -50.96250507550938
5.99277307020418 2.9519470952303815 16.296325034908435
-5.900801942111612 -2.0846191791553026 46.260895213407714
