-3.2268099372896972 1.387949917143955 -34.297175574053114
4.234367322654938 2.3952567945744176 -87.988125942964
-4.884546496955233 -4.122626851154739 96.63172177388225
0.6845305866418783 6.813570378563587 -4.699643560938081
5.3732338285411965 -4.0962593075650755 26.456057077875595
5.672477643508127 -2.5884194555703366 50.12031485362258
3.65469942414997 -5.3724048523317895 51.5980746513218
0.12864004347641492 -1.941674813805392 -93.27868832044783
6.702069695259422 0.13195500643830427 45.62857526475413
2.1522264645986704 2.676577335764326 89.07699763891719
-6.399568448778885 1.193988665391244 -8.92050724466396
-3.9925512761083537 1.7843655942286787 -37.47171153249624
4.395293162270813 -4.779752579584028 -28.05739902095994
3.6972561203454672 2.462147416852426 86.10753007587793
3.14198388957149 5.821969241775544 71.93258625616218
-3.4018366029758975 3.7924150532940235 94.50864825368897
6.640027647403697 0.954613550855721 40.63314700116461
-5.7917032599761 3.771681106891212 14.907653161674954
-3.7363645920271593 -4.336657285573063 71.90131637375936
5.373849102656398 -1.9848222078426792 -71.40789146437
-3.973240220320251 5.47117993447177 71.97447752564817
-0.5363669299950187 1.0893581274701947 -96.60040636296763
6.361604112043232 -2.2395223588154294 78.88469492462316
6.0233671057061935 1.1556792645943443 -99.91700599545997
-0.0785811381870838 -6.148425456457348 22.34920940327489
-2.4524518036057286 -6.288948584988617 -74.23444344042757
-0.636863123918598 6.65026966110286 79.47966733128638
-1.8064923711413443 2.3693745668001958 1.303737068703974
5.09302996771475 3.0040419502657274 8.441155715820283
5.090247628921935 4.145899699107406 0.2169396994294246
2.309401852486655 5.661519333421643 -55.18964321695551
-2.5184214509382934 -0.7427432457158978 97.432308568281
-3.245944367805626 5.746692192468082 -90.94133353279696
3.1461607645621057 -0.4888046326972663 -88.83886591448426
0.15128299907197484 6.5119630597981555 26.52490054834312
-3.6463134061710107 5.584234726195309 42.34257369230523
4.647898823051501 2.367428760544832 -54.106726097415276
-0.5650603469716253 0.640948348840527 -30.46800822715947
-5.803932482700625 -2.3813372032760456 -21.7868973858461
5.1292851802718875 -4.060763333754352 -24.878337151567084
1.1261248549045584 6.307745875803555 -38.528202678902765
-2.9061657543241646 6.204426172855742 -49.42916053290364
2.4904798754851645 -2.8664269385671113 35.53047153415673
-5.04787821889927 -4.373387665678726 -32.04808445578947
-0.5406209020289963 -3.4339825173422454 73.54133983245482
-5.819088952629397 -3.0587322969095414 28.49115484392535
6.561440918872103 1.6937301733271721 -51.3854720242459
-6.395546004563106 2.01956754623346 -54.99052001542279
6.736684722134671 0.7341683945065852 -61.29174723225452
-3.8595390788620865 0.7451097678492924 31.76999016606289
6.569176919910073 0.0820428491247227 -73.75398566614064
-3.7836920176957074 5.454381676202431 -46.10296493844231
-2.3598134140338844 -5.911966943833196 -11.690639647528569
-4.140692166893725 4.523867431134528 -70.74938120033327
-2.143933420465694 5.947106006630814 85.46430181231851
-5.712308524772174 3.4611127767488155 66.35680751075452
1.4275981759512215 -0.36965783044208267 -38.74108328439946
-2.245115454303524 -4.881924738008731 -86.5983814511824
0.46324897754643346 -1.854943889948665 60.966395631088055
1.9587666014142202 4.597888722218064 78.4794742241774
3.238038294021905 -1.2638518592744608 -94.66142850641657
-0.07404287581062108 -6.703802848702177 -43.197224218578675
3.6496075434169057 -2.522868930575915 -22.694121133147494
6.415249615328219 0.48163157669621204 -33.983190662776664
0.4139444002500874 5.71218711459216 -14.698818763249326
5.773684731892739 -3.0887835788127567 -59.17664558039109
1.4992332997017193 6.666858289735247 -66.3758161441706
3.174995433775361 2.401407467332009 -91.46763347268869
4.042986846186115 4.335525027736459 -81.64809891139693
-3.9303631606750655 -5.190718705024017 6.8294513231826715
-5.994324512093574 -1.5990070369185903 56.02670591797008
2.95286389757708 -5.631063364254975 -36.401956657849645
0.998132360267225 -0.6747095606328212 19.411850787366664
-1.431261795776335 -5.311436643458089 -32.89409005099556
-6.25045416713192 2.1685010306016657 41.25753136171027
-0.46766703390677733 -0.7186395247114427 -60.995515197528434
-5.965596736481763 2.7778724000167996 54.2144021841484
-3.223720445115932 3.0753100249937475 21.969661198152977
-0.5029078928218347 -6.277189025349607 -1.650754036012975
4.386563150565752 0.39711617806045774 43.368544883206035
-3.257194565056115 -1.1672791119572832 11.238651083425822
4.656254947479387 -4.439035438737228 -11.468730763894152
-1.416101022749015 3.602193083894476 87.28830833713396
-3.2625176254446084 5.743270551555004 66.7037035310522
-6.428071585341063 -1.7178435438233153 -77.22079600399564
5.136220150630921 4.091540201097606 76.7991275970639
4.5078297034904695 4.598768081358823 46.194240826800794
-0.9906391273591043 -6.375373107317868 12.558302322697255
3.078016538086983 -5.855138638047797 -97.41591197169075
6.446847716641761 2.3528857778640777 65.48404920444321
4.000289009862637 -5.185360591123134 58.015290828159955
0.21722619802239818 1.6516311325056874 -80.39651244002799
-6.328306656892614 -2.142069052053068 13.415015627629957
6.116381743068303 -3.242243564843785 -66.64586917924912
-6.430461350728217 -0.7218638784239286 52.902551599587824
-4.264683447740069 -5.123591097395922 -24.30609503816686
-3.4602949766458635 -0.8924383714644767 -84.46676494689869
-4.256045330980693 4.684677523080909 -14.849124717673686
-2.767583474358151 -5.924039409155514 37.50150764157628
6.6507185869938334 1.8275561928435828 0.961782333649521
-0.015019793255826946 2.6300457060618045 84.21144107508108
6.315844427755632 1.427206664116738 3.8535235594645973
0.7042779162022181 -0.31769888083965947 -67.59423996428796
-2.8180339076107317 -5.70683270419203 16.83902751744369
-6.808664195940444 -0.040890802280548075 38.47744006781551
6.315719895417227 -2.034918235223419 39.65280153483855
-1.6146066888914747 5.989995160265423 19.521779958950148
-4.89813423784901 -4.278718583569502 -93.81036813919471
2.5302774294906736 -2.677101125731468 -68.12680031874653
2.5923653127216753 -6.1543889179950195 55.1477349267988
2.798305410351487 2.6750040197121985 -2.1478817621599497
-2.1362275215613233 1.708069199854834 9.942492597743872
2.6211043405245733 -2.2086193249642907 71.8554716626848
1.2461523782205315 6.486728305427136 94.27654160119548
3.1702836903555722 -5.975716446975097 -53.77908140314976
5.965550592942846 2.9927124054124032 92.26742167402371
4.37783552211296 -4.713888558528667 -62.15633295465259
-1.7803640614802083 -4.756494462515305 43.24989877648956
-4.916843684498683 4.530877598368143 -37.45089849534938
-3.5638059394908326 5.503558578982839 -85.32426046167596
5.502323431299068 -3.4942330601183356 13.206639917606934
-2.3498795956183214 -0.7138274973262355 3.219278825193213
-6.037184500999885 1.3576421930376752 93.68441164673807
6.446225231045788 -0.19671960735799893 -77.1213243973717
-6.51540108642905 1.1479401829564275 -78.61117544648418
-1.8710806437035745 6.2662307449408825 49.17948134116427
-5.236507653902713 4.358294855406065 30.288548367901807
5.9600193086605415 -3.2330658850616816 53.32789612932726
6.610048925061084 -0.9547995594711324 7.2947244903085995
-6.899059979365588 -0.3457411756134028 -27.197221279929252
4.086586241340904 4.279050984821367 12.378710537201552
-6.626756515329493 -0.06607564910937104 23.480411448228793
5.285956599347264 -4.007064653265338 87.14268044098195
-1.8202034841510863 -1.9327048331466545 47.382387522602244
5.355148194824669 3.751977633542938 27.49046888329288
-2.1844747370750057 -6.581095053614104 -66.23607863828053
-4.4215412992184495 5.210322718442976 46.76442196565752
1.8720822707756428 6.072301736230545 -30.247582901324673
-1.4779577604160425 -6.49721310831367 73.71388886050006
-6.2676702620847 1.5903614329830973 -51.07833173482084
6.035117813399819 -3.193284435343707 -37.961609190298276
-3.4982807094949697 5.1382042008881506 54.097676805736235
-1.3999279336778452 6.151689573647811 -80.62275623564966
-3.921465218537375 -5.4110068668742235 -78.27353762394377
5.954466720664616 2.883773413901255 -64.7227250595077
-5.662296607087059 -3.4650236785500765 50.95103036679429
4.848625266094502 4.22274188085011 18.9474811205546
-6.389968925403532 -1.7716121680756922 -65.22348850088387
0.06585431580022122 3.5043499920766257 -59.932596390213455
-4.269118875856896 4.701608503388705 -94.03693608504085
3.9149476412096194 5.357941990893992 91.7519207034167
-5.997865742377582 0.9623203929874227 12.40028690711673
4.178253794528367 5.417468118389002 37.543010806930845
-3.679866631763018 5.18770304962161 -3.0333141835716013
0.3585219850488913 4.549740390450364 -97.08329378698265
5.727277248123701 2.7151303565974523 -3.7146662716784435
4.651173510259966 0.14696299612990416 -66.29623212532944
1.0392332431560078 -6.331878052539375 3.126613230012054
5.0782124418400905 -0.12696571943672752 11.843361461586822
-6.054399501319954 3.248875850246087 22.396968216091864
-5.430216605511595 -3.6880511964129807 -57.4580320680001
-5.700055483300177 -1.8044494943537601 87.18126870410566
-4.187296340227561 3.7328013943729736 38.779095524256284
1.9603612322771429 6.41425362386083 43.33968529688393
6.453072433728975 -1.9576953187056925 63.71889787377923
-0.14353740259139092 6.610563622114542 0.642699751574926
-6.434890632045895 -0.739549208734095 33.59179723893432
-2.358090992893122 -2.304223387510157 25.529980474884265
1.0562802607132185 -0.9354503963491435 49.446432843753435
-2.2769838656736345 -6.149064347957167 79.756432527685
2.915531621188372 -1.8380814912398333 -25.67785082214785
0.049878624631271906 3.1335324475810684 -53.4267088561972
4.667112712396878 -4.026939284342116 -8.130565635757598
-4.968818884713546 -4.753280839742554 -63.560881999102506
-2.00813533367691 -5.756773385992942 -97.7987820917433
0.5178895981128698 -6.696937944426231 -95.91565792249467
-2.0780629951368903 -1.8747462940654787 42.1856308540458
-1.6628452163541239 0.2548570656841698 -14.992217076517509
-4.9285747032083975 -4.316073021660998 -7.745502338730995
-5.555638597357585 3.3647786363773853 -27.81484766344898
5.828756383762408 -2.7509961061664576 58.66543482630479
1.4800840687483356 3.490041352881999 -41.92507043034785
-6.883795171921621 -0.569257784883245 60.19619251336773
1.5513103556611652 -6.470634316105769 -79.62661799454897
-4.452474520358529 4.814137508563687 83.87987719935946
-2.03928795918075 6.377329171183083 82.21112551392544
-5.5946715339671815 2.9653133583316165 90.7143970637417
-6.075969179950659 -2.692896694561854 70.29635633381938
-5.74637794399854 -1.8362769231662133 -33.42761046867073
5.439214745387614 3.6176296040627567 -61.12661773344633
2.4437381422336464 6.318706552791344 60.95214411804292
3.569378988097981 5.7357124200060365 -26.16397570790233
-2.4334188110890587 -6.27972740711983 55.207610182637175
0.8656256730337795 -6.744573885554393 -67.28090151490413
5.699502351450365 3.172619185567397 42.886475332043034
-5.786054516073449 -1.4812737119483328 -71.26902708441365
2.1100155436581165 6.07888784318258 32.74934558908625
-6.1385387260093065 -2.033794777312706 67.27821125883632
2.206478825602156 5.95761941577465 74.83771974319177
-0.5375061053620533 5.283126573351241 46.468661130017885
-6.6250429470937355 1.2972799963481951 -88.52714755572607
3.809415723500342 3.0267349836221733 -74.98111109033748
0.7669108828618686 -1.9108838760346956 -82.99766222009943
0.5430019214029596 -4.1632317978749365 -88.55851512377339
-6.6026192540670205 1.5975272399203257 19.62743564253629
2.775017439205467 0.2512307873534985 57.32529109025654
1.5581457589070715 5.747024345517995 6.122138698780951
-6.56464608550214 -1.8485082878631602 -85.272060588646
-5.213374849569636 3.8928999149176553 -80.00884079007656
-0.85006533856594 0.5829954057281205 63.393459144651644
0.9823859467247884 2.5300558931118027 55.124511590502074
6.717671868366673 -0.381048139369991 20.195524107575853
-1.4517018819016878 -5.799456570801346 68.70265694678747
2.499164163440361 1.9093434207209885 -61.10601969812318
2.318833170556197 0.6435711049690058 52.66997991980639
-5.889882486319682 -2.2295815465374598 -5.667069221315174
-6.010168527656055 2.4544286577646623 45.860926484692854
3.6597372997355215 -0.09223428423319158 25.788087518258653
-2.3356659615069106 2.8336922791032833 -92.06162564486779
-4.389956505242418 -5.005672941934245 -81.91339242376557
-2.425148602293886 -5.801632534234357 82.98349634572075
6.253309167664795 1.5756791583110519 95.5454206936417
2.7978346593245726 6.127670823266555 9.131385000837394
1.2791115585664554 5.805372432189504 81.49817111446336
5.836413717513371 -0.18124581405731213 57.070595553760036
6.194118579435266 -0.9328101158375489 88.43194306011348
4.514485336825517 -4.8893755308081905 5.214481064139287
-0.2108274957345611 -3.414660436405589 50.989592913328295
1.7875211169926581 -3.491319998099825 -28.722507773744788
3.018699302432171 5.993351965525849 -44.017632556016245
-5.504479663863721 -3.311291901461474 -18.705871404948
4.6717011381767986 4.646345881130293 94.8045782256988
0.9593121602237499 -6.732197273340209 -39.23387664350678
-6.421155577004324 1.8454110861977395 4.9728962034029704
-0.0027247527797440996 6.727968232262792 -42.26426301611447
0.1665455647223723 5.229780081792491 65.08445892571895
-1.493957307394361 -6.2966090238400865 61.93043196177034
-6.196471561377916 -1.714616965512708 -68.13315597827999
4.345892456278744 0.35988820789186704 92.76307901076487
-6.006687763594315 -0.05521572434840932 -31.1931120618717
-6.102078296488164 -1.2178786833103794 -80.9968813765756
-2.530217550798197 -6.168550389442659 58.73032915689826
-2.764847649115066 -6.0000485729486694 -91.03771417525944
-5.399771612967897 4.0485871832654645 34.135381715880506
-2.6391492025582988 -4.04649555322811 52.79114573170775
6.699911274420302 -0.15074239642748588 67.83735950557623
3.2648612734614617 -0.905272551801198 -77.47507200713993
1.7408484491971685 -1.6606003241017744 87.30429274182885
4.911295890526872 3.9660704436207492 -16.196231809104493
-0.2736508701733472 -6.449207965078982 -62.97958827669324
-1.2081223707910094 5.733403856727476 -30.47931464963324
-2.5916682309810533 5.744086286184454 -8.602390677466172
-3.7541649798254024 5.442328694835486 -23.628118075497905
5.802309123281074 3.685543786681648 88.83349965516666
2.513157161976554 -5.892355463385869 12.323184705923044
-5.835065620366014 -2.8313191548919834 -42.843320067914284
0.8889775395296793 6.540194894685924 -78.59433197544986
5.206894746263483 -4.079953249667698 1.058135636879155
4.07675077310375 -5.261063243605114 84.51101816114478
-6.264156160636784 1.2057097012485813 63.52350455216746
-0.2924580364824888 -6.6248354952572335 89.00193934851814
6.731432933205052 -1.2807831871972915 -18.43576680746978
-3.703672268263211 -5.328585998541372 -50.82540684353817
-4.590015494266426 -4.10913656498805 -85.15741573771169
3.6305992939969842 0.38324315313416935 65.32949532871424
3.3812926115316295 2.190466883700366 96.18261603862688
-6.409197796057718 -1.4636585340748776 -11.657171603340203
-1.1639084918638045 -2.0777325762969747 -89.40711053970263
-4.672964749441332 -3.944102939984901 -74.75311702403019
-5.39400212024665 -4.279792911481228 61.45042227837444
6.733378930154814 0.20657946351300543 -23.51963077844362
-5.734431510013384 1.9870745013691828 96.31816832922158
-1.0377998331501268 -5.923839339935344 -70.70661749769198
-5.9805356829289025 -2.7163879595665144 79.07413162763778
-2.976914309029038 5.409781654284823 4.160486040966764
5.812312607383716 -2.8835677306641325 -96.25400995283594
0.5034036884588056 6.652079109593973 51.20053344745142
2.8403497418491086 -0.9786025638548448 9.634866690702687
2.3285813272077296 6.243641474996317 69.14967359662634
-3.765386629228365 0.31210066342911214 89.72301732215014
2.4796118519962125 -4.227179695088075 93.20692743338475
3.9356795748226716 -2.096644417190266 -41.626536407442465
3.8375946308542046 -4.313514851986382 73.95782033941268
5.131766538012458 4.479941077330523 -99.99510868834341
2.7961019356739194 -2.656547861195464 54.49500346176523
-6.476570927490969 1.457010365572274 -12.566730612929504
-5.059519399584483 4.039940708805246 -33.99104112758687
-0.4930861686713176 -2.5333929506752746 -39.64792084741197
-4.663530057128805 4.562905483543529 97.2424760022387
5.910021673830458 -2.1936570364806807 91.7077314104279
-3.3635555612552257 -5.717804372049417 -4.78734263954779
3.6299414286855445 -4.998906740950515 32.328935596758846
-1.2137889903345103 3.8153236579708123 5.986022347789531
2.171345460814279 -6.314638469563692 24.42705022639751
-2.3266667391538665 -3.010008634910878 68.77864446204205
6.22828341554281 -2.38915150927791 99.20599369084236
-4.196859363264741 -5.240678186709818 10.98443706827824
6.565052168607392 1.7248085484160427 75.16667013403965
5.67322826558111 2.923333638174972 -42.985810802038344
-3.571985335672387 -0.3053347925483485 -28.939425889180043
-0.9504410540644994 1.4829406680700021 15.902872500394848
-5.5743913528456135 -3.944579200031704 -29.008536512065962
2.9414466781679787 -5.684601536729736 -81.89210689802343
-3.733433979747941 -0.5581038344821001 -87.38452903090217
-1.4592119423475538 5.484287682206275 8.796538110549974
1.2317802166146634 -0.47870282002810777 67.87328934623538
6.2986158096661065 -2.1750580565015443 35.06365651142923
-5.251170071523904 0.5791623863330554 74.48637548024101
-3.3621993583202023 -5.498458857392355 65.46747254908439
3.06714878917051 -5.823564070059511 -93.85595080185246
4.396900733152806 -5.117902231771879 -45.756974926118566
2.3225468921791736 0.2688615352733207 -14.233141502232451
2.7180175897756627 5.657972069092782 -9.599953531800349
-1.5459393270991497 -6.113362961271568 -8.59612638854343
4.679872180210165 0.8517850228549346 77.49003398576727
1.1411554369148067 -6.284831753803579 -17.329617883102458
1.6133604196088869 6.4017109604339915 -58.53335597338031
2.2999162771756856 -5.654137252022899 29.09745384338826
6.546529293685767 -0.4073385452335906 -84.25938785585427
-6.301194168338258 -2.4172504715995715 74.71547687057975
-1.3395391699244537 -6.682171452765323 95.90265743740359
2.514942281281739 2.0646967361771376 -57.16160431669776
-1.8747293528459432 5.458273012413498 -76.83811493735693
3.3687628608332165 0.23036887718348964 -27.569336896857788
6.095665699206785 2.766396660017506 72.14068116244003
3.4751508584149393 -5.344301176812922 -89.66446049212841
-3.1010845341817546 -5.582149559601483 -57.81182645458688
3.998912213924599 -5.203913834221258 65.02718117135477
4.80103882630306 -4.390302018591138 -56.3098009583894
3.347181092470675 0.6110753465331826 71.93352221493186
-3.783818418673158 -5.339261981379519 -60.570074534445425
-5.259852840760334 -4.234300428660166 41.778601738021656
-1.8889892639988233 -6.579805880453169 -55.143121182365306
-6.287579953364743 2.2365802528585066 -46.24270242648509
-1.1651959293288074 -6.595629760158054 33.427697898398776
3.78381616456732 -4.748592937604191 48.99154264843933
-3.736056755325912 -0.6647745236613826 20.29113649475383
5.678487573940673 -3.2141397262858797 -91.67669936071692
2.936811320226854 6.002509447965403 -1.711237733798088
3.2552391745447045 -5.682108244295848 81.61727452771383
0.28701108534467573 -6.600843764557545 65.44495287752156
6.4754855627786965 -0.1693270389522438 -69.23659491086175
1.6112885433506476 -3.3023446632117954 44.36157002272711
0.7917456133814498 -6.770179008003416 6.735001623726443
6.312916897005236 -2.5541771769332144 10.267943514575775
6.459583734387765 -0.6124879740726283 -0.21695168749050045
1.321867081238897 4.879926834607573 -63.12127692096054
-3.4423581892737767 5.164995988281265 11.7327770855885
-1.5514382891160352 5.2164432099019 76.16448815624435
-1.64490299693214 6.4224021946580105 69.32077625864456
3.7255045612145583 -5.483354759642794 98.21177591146663
5.146933820915208 4.491386431778214 -28.71104187354875
6.216683442828996 -1.5641382761111382 -51.42397096368249
2.635291440010587 1.4972120179623751 -23.863213531778303
-1.197745845543839 -2.8053639953581486 -35.92316111804049
3.6677529424565356 -5.683527685681761 -20.5452730894004
-4.661569805712244 -3.32636352864567 17.390698620724297
3.9052217603873687 -5.216534656807871 -2.7283601240062962
-0.6646590495425171 6.35908194242298 72.38881508614615
0.9946384969531152 -3.853896574494291 -97.4844647532713
-3.262407321867759 -3.718780625939956 88.31497547796752
-0.743060750869829 -2.618212900212658 -52.498540369246506
0.6396657374513334 -0.8345420508721231 -56.37491556697235
6.653554312141298 0.7017991216250205 85.67084383896878
-3.977158558781147 4.846523819161318 50.93972737129295
-4.227707142366904 1.6723604339903388 99.09480318992888
-4.1727545678020395 4.543110665351581 -67.06015049424866
5.807033555421073 -2.0024349380669775 -2.663948147435933
-2.659773220488632 2.223609600787747 44.83915453148731
0.2401703949755099 3.1121439422803694 -17.16845439646999
3.8165905079973985 -5.56660638231174 9.036295051606663
6.4934251582930145 2.611427071629461 -91.9933225793734
-4.056516793031477 2.9887094814075654 -56.79622772978665
6.727293896400821 1.1110905237152426 90.33855732071233
4.017123904774908 5.1904050322342155 -22.86704108488667
-5.736834368519662 2.2710412360037946 51.20042720790014
6.716830847930896 0.310230445127753 49.547169041555215
-6.400948947621033 0.9081157945245077 29.92111966265863
4.225959534843265 -4.748900471882867 -70.3467623408064
-2.24251256904891 6.35734830350649 -71.94659299851011
-0.11501285749133276 -6.643013003873145 -13.884574680730529
0.006911708271833961 6.59299835869791 -91.82743634679237
0.5404655768805243 1.5576248486812776 -69.89254830990836
-6.608976528131201 0.06845456055790648 -35.95838129581606
4.480143794662807 -4.7999004092379 61.942366498785645
-2.243598764106506 5.322372940632217 -34.35055721677199
-4.11412046339468 4.874877787235567 59.33114131620278
-2.731006840871988 -6.116593027011893 -16.78334733904992
-5.847885863539702 -2.691390739405288 9.562074311677698
-5.302378819420035 -3.827427186275987 -39.26844641357731
-3.7745007352561144 -4.105718350973632 13.67191147198306
-4.8298574914354955 4.937561643884438 19.932719454576485
1.1278023882819532 5.831255880577792 3.106748842695898
-6.741553150907801 -1.4451728420816243 -90.40553015683813
6.671156180372174 -0.8483830595784542 -80.30137039021142
6.407682915872579 1.4257987319241199 22.83721819368784
0.2391988501853941 -6.619604055200111 -99.67283911114144
-6.287888023446126 -2.152702704303729 99.09238619529866
-4.269060372557886 -1.0900061926527613 -7.819092090722184
0.24833812404162794 6.7685046568923894 -11.690081626470509
-6.664687903984104 1.6810262361217752 -98.7914786841659
4.718098159701655 4.295645644896824 80.58453009254771
-6.268996912493514 1.277912140284807 -39.55587281560186
-1.1641682587082467 0.2794240558288199 -37.18814259196162
-6.236101286713929 1.0587668687781673 -85.07595343605611
-4.112394788943464 5.333485716713346 8.77006713494735
6.851588237495733 0.6401043909588375 27.257468461911465
-6.133873437146635 2.685593728381018 1.0767267580409583
-5.933910433496667 2.8975042591469533 86.76239954149231
0.3651190406151002 6.636066277410717 13.732459722099131
-3.4914044443250463 -5.67337123572598 27.396820345622185
-0.46350654457468143 -6.705162646273587 -4.8142685461205605
-4.458582198178527 -4.99916185615181 32.32256635944585
-2.4756149079017034 -6.193749254735102 -29.039318885020055
-3.0492993396516797 -1.0754558337715485 -54.169840956659854
-6.269600677134693 -2.0294850521484884 -45.69165446777322
3.395784993844586 2.4761925940410845 -34.312238217593865
-2.9687244515774456 -6.136664121940374 45.9987020855958
5.698959411418072 -2.8188769216986582 44.103046185096794
-3.5808645509873136 0.4618278523247493 -50.833687443603914
-6.151023893223587 1.6953989950084347 27.198261575477314
-1.0341207238866306 -0.9695386321465166 53.36336296837648
-1.6598906843897323 -6.336615593245953 4.144030049986807
0.1411657607208957 -6.7285710485691315 -21.235442901616732
4.346423095465989 5.16603640600364 84.72553488702125
-1.2426928950808933 5.87307202196552 62.2659368106156
-6.726552830189659 0.42603970691204307 78.78821872744206
-5.240629212864613 2.0721135056659357 81.40558412380793
-5.042139477771262 4.410000133224239 78.28146706559394
1.1690445930032336 -6.474368462536328 -57.63795145208012
6.624060126844088 0.13958207616848817 -36.87967832033373
-0.7867142575084254 6.522876479562711 -52.17686012921947
-6.8177822212341574 -0.5467982307842594 90.17849166880526
1.3580251919641046 -6.866786266359057 78.94786094756668
-4.0253525605105365 -4.840561660306743 91.09584810632371
-4.072482474114736 5.376877624553942 -31.34417950583592
-1.7501168094047066 -5.731143185163713 8.79365677515112
3.2149784860013035 -2.2427834563842968 3.238649919776367
3.0275665077442295 6.05289392609988 87.91941377721746
3.151092232826611 5.440074749043194 -91.39154369308531
-4.656617952171451 -3.9904046345641326 -69.01062177939093
-0.9378095268141406 -2.567239080695943 -85.59489898957011
-0.10834232953385686 -2.8783716328982094 83.21811047547526
0.13324486244953188 -6.569497182686809 93.54551791741002
-6.10357731099233 2.859964556178999 -82.5229202345712
6.505407495902964 -1.7637989680409163 -29.13394178558559
3.859377862898253 1.836372432617707 -45.375611643388176
-6.590770990075055 -1.4159943709118632 -97.67550214295221
3.112012142948431 -5.947671487752762 -65.01261930388694
-4.362362432581539 -3.870539819662712 -35.33131974914554
5.53482915970638 2.615574698164541 -30.86708772720708
-5.7706917836660985 1.9341365535896131 58.22582706607147
-4.900818755056893 0.744030648780931 -1.2236384160912621
6.209640919672821 1.249485011330547 -20.476115681154173
-0.5292463842215605 6.828065770278054 -26.571846949681927
-4.112977352332965 -4.088982844671403 -99.6875319424567
-0.562954573230918 -0.3818113478028161 -3.860598303567353
1.2391451869039127 -1.1681464064563158 41.72165855181087
0.45256526329782093 5.941431406118688 -48.469596790606246
-6.000180184757048 2.8484533632450786 70.2173876903082
-3.6006269984841657 -5.554986265525543 49.297877303004995
-1.8940896744985085 6.0837795554805725 57.58532432762169
2.063491557736855 6.423465300302109 -87.76959161749582
-4.463741990304079 -1.3425176324403854 -93.0004344768823
-4.703810595976599 4.6395380617031154 -88.56286594070635
-1.9003802837349988 5.7298458440354825 -59.10106051898085
4.7883753035173 4.761133079020066 23.08818156363983
6.2200813110018816 2.6088467385862817 -96.50207982765669
1.1986219844472352 -1.2805279043673061 94.60270953517332
-6.655809575919951 -1.701472669351628 -74.241164530914
6.249223897780278 -2.407653934313199 3.3572219658524696
3.1356458482072864 -5.812085013359045 45.605548775106946
4.011293288144423 4.936225641783387 -48.5786371037595
-4.116234942718265 -4.683599919570041 75.45449754231534
1.175454488697716 -3.620276085318205 5.097978802331157
4.838737838503783 -4.403377012207846 -31.94358363895357
5.183622663030708 4.020742380632964 -39.696542450166426
3.019102770607665 4.270964571158225 -19.78514235298637
6.772201402354283 -0.48481338961670034 -55.880896885449175
-5.891081314077888 -3.017728905926172 21.40066265055548
-2.36316033797039 5.884331129026171 30.71595861109045
2.746394291169071 4.465560277230447 28.729017359242143
1.8271053563934987 -0.7033279955546694 5.379756360359223
-2.6038327036846907 6.046745927322772 -63.263888544111715
5.132656340303495 -3.690897743908999 69.31578252000439
-6.382180925439441 0.6552952716763164 -4.921366332844054
0.7661525317535228 -6.134354205768121 -49.40414901358243
-6.6102940047660175 0.9517779367653284 15.328338092472189
-4.132508610772281 -5.307886733572284 -45.594574717328825
-1.3286770773841676 3.485370280637625 41.41898594362851
0.05950268602946979 -6.781904064850938 53.39278740240482
-5.402566101026282 -3.6920320614421507 24.310805019708422
3.790780312846172 5.624692051395128 66.16940251611418
3.2431521210790155 -5.294366730139109 -85.13876658441819
-1.1658059202289672 -3.239724455060424 7.560788854136583
2.7743399037549397 -5.828656660486136 40.08482066887423
-0.05801564862668776 -6.675880952953347 50.293903658850475
-5.576797761385411 -2.4216319604711503 -51.3356219233341
5.393311266993706 3.1811562914600153 15.876555524058432
-6.411629255200532 -1.6370407492336103 44.09764715314079
