-5.24070745816 0.884584505919 -26.0089666904
1.9957200678507787 2.4390400448341416 -86.55343304188884
-4.160857256115638 -4.676071992603178 98.37107482631399
-0.6795761977308958 4.430507232603443 -5.217205407639282
2.78136281088 -6.98767151953 26.972131657
6.470544519668762 1.428732867102788 48.062897712926166
3.42822950739 -8.71937123546 51.6460492574
0.9280540437147249 -4.018681623778173 -93.28494184076534
6.715461488581905 0.2185762203667575 43.99253413863319
7.57625600511 4.28258967222 84.2197335168
-3.577073710072069 5.321323609101325 -11.160294881250138
-1.3469925395617015 2.4904876874833817 -39.70370288421795
0.7720237044886493 -3.469287843149047 -28.61734393039541
1.70148214811 1.6850358594 80.8403541696
3.7101418921005713 7.040574597232086 71.51165651786032
-6.358512999186252 7.160198906472498 93.76086345012598
7.198956634848983 1.0235723215148296 42.63804809453846
-5.77750032649 6.63215860547 14.7064704703
-4.3393922015931725 -8.515689365043585 70.61960739171793
5.919924061017298 -1.9220455330501243 -69.959000307263
-4.12217506362 5.37583774555 74.5534049256
-9.115040356700423 2.1779742554534365 -90.59422561251301
4.8696926428811125 -3.559825401402258 76.35698263378707
9.61271513687 0.108407472961 99.7017890752
-4.000828951840225 -7.976133864553361 20.08072154541931
-1.857111654949556 2.533693632830781 -68.20475246496558
-3.700568558936186 8.444697501944175 79.15936179684493
-2.44421521176 -0.791807343082 4.01459691851
3.1068561672453403 1.421693356798824 9.426317215503394
2.40252270891 8.81242510848 1.40536318913
-1.5205938803173393 4.742967955401866 -52.17664723983916
0.37533553924032326 1.0025175907836879 -97.80027091841379
-1.738592639674194 3.8208129312475108 -94.55601601898951
2.694792489411882 2.180105544624687 -87.8744064157368
2.6719116484673138 -0.9182506226198277 35.9002586185579
-3.1184423929061786 4.250724100028195 48.720517157765286
1.8143949374151622 4.4061791116522855 -53.27805771103979
-0.873757407272 1.85343751333 -35.9949228504
-2.7341748143012654 -3.7427634321577554 -26.150963102686188
2.2569170096193005 -5.504471087804026 -24.83577468716191
1.38516004141 4.70346363357 -37.996660918
-5.54924314414 6.0761534079 -52.2609646204
-5.4668570218072405 -1.9903812324792427 39.61343950277266
-7.96316614736 -3.56068030757 -33.2492699103
6.67077783115 -1.23138534877 71.107038797
-6.61431534887 -3.2657952991 30.0464752585
7.69796543843 -0.977956314296 -54.9944314554
-7.500995899532813 0.46086638456214624 -61.82213894869706
5.802321263258743 6.643860086521181 -63.33626060583914
-4.42815715967 6.14452836334 28.3874512993
6.1018499860223345 -3.1064966225241006 -74.04775999814383
-4.16114218259 5.87723848968 -45.7651012171
-2.6709254704736325 -2.898276892674881 -14.427731383923737
-2.2653919577931236 8.071578631637337 -69.4921425650217
-1.329347132473602 8.508466974640228 84.75977118294304
-2.6250785061349386 4.344676814215821 65.49180710779106
3.452056511829632 0.32366706628197134 -42.20360592983264
-2.7972452652600084 -6.11582340720525 -87.34937472891096
1.77355438038 -4.25977645516 62.0383758016
3.87411214595 8.47709599114 79.3134329968
7.99349672048 1.53906808039 -97.3711006626
4.90596534622 -6.56356818927 -40.0223862543
1.8250257451542322 0.06369937532951825 -18.34904613369043
8.78084926502 2.24327819252 -31.7294685164
-4.95050311506 7.23329432919 -4.56050066419
5.64650223574 -2.96316739607 -60.5332655874
0.692740811056 6.33621694434 -65.7395478495
6.12102078326 6.46997525107 -98.4990559705
2.335282943138733 6.878031730725546 -89.38471175908842
-4.454137745478758 -4.479274764993953 5.53772828296365
-1.54031991199 -0.541999738944 55.2995321446
-0.22475879181553493 -4.615443400778236 -36.90279216816683
-3.1582182575547226 2.8625222548277405 18.12235466793034
-2.8536122851223014 -5.97699170593233 -34.145038483472
-7.408095847022031 1.0001625804571208 42.95941876633443
-2.4255464045785256 -7.910170792384254 -64.32398702893404
-2.53450848746 2.08869735156 56.524366947
-2.39470636298 6.02321819118 24.585302005
-1.36812805339 -2.55159711429 -0.769679605896
4.05761321112 -1.58972204472 38.8246423279
-0.783201751422 -5.09833407124 7.1674768181
3.725676748091817 -8.391209002749296 -14.601249865799423
-0.7550845040511444 7.615163827589107 89.02039017951802
-2.51528606283 7.95708396421 58.1833792781
-5.174262596675858 -1.561355516622502 -75.66205326597603
6.2780930661511585 3.1963990201323798 77.4822960933071
5.84938770181 3.35123153159 46.7470352626
1.27687909185 -7.93733510202 17.5517539927
7.60935833689 -6.41692790099 -95.302526144
6.87886508034 3.4706953886 67.2363902574
9.0482263691 1.58152838042 59.7494499218
0.2699811599980279 4.270579982696722 -78.70875134880309
-8.77721003441 -3.51506264963 12.7954694337
6.56118662318 -5.15747875 -64.0455117137
-5.753678036680844 2.065402749359932 50.568546384319625
-2.8595084488623446 -2.5387428689574563 -19.892025932013556
-2.1554164847202646 -3.0285735058466985 -83.9916535226011
0.00619221259118 9.46112914823 -17.4337255305
4.828098389082394 -6.742233341812296 38.124921476164545
5.826292091136276 2.763151595266513 2.319494730350194
-0.7921902333866421 2.79893828946837 79.48248356544882
5.396820036425912 7.425565425522237 4.76209057686258
-0.19565904655343458 3.798258219862425 -63.60078275055212
-4.65285275101 -6.01640326581 17.1234630281
-3.6918173260431977 -5.337102445084756 38.219829886971
9.06851109557 -4.08272733221 41.0666582812
-0.9902510972235974 7.1230588941313355 17.4593514370644
-4.65652959207 -5.64790244293 -95.3750487147
-0.410207688198 -2.34499794235 -65.5504516216
-2.79059287327 -3.55915688238 54.8409102318
-0.7385715222871927 1.8022076252160997 -6.402325947587288
6.69223471012 6.43230239338 11.424249452
1.84698300205587 4.082800029413522 71.37826118200972
-1.390373569771935 5.491773626345394 91.68943940699948
0.3630469443285915 -6.032386448860419 -53.55083693433712
3.2724298290668545 3.906556355566085 90.46588936204243
6.6494849858224345 -4.6727507603949014 -62.02666994574001
-5.13598991105793 -5.620023650600376 41.878646371383134
-4.37075816945151 6.614778948800348 -37.19021622984626
-1.5326089096579272 4.5805720637088445 -82.8169353794192
-3.6970762540839384 -3.441363382869764 15.701785418195241
-3.251922282562976 -1.2480056677397868 -3.037542694588668
-5.79807465608 1.70210789775 91.0674609095
-2.3188854875406353 0.9288552590330361 -76.23764392140697
-4.50477509555 3.3086610485 -77.4941989207
-2.6110673713340455 6.0878574239946746 51.68033652738084
-4.138895352197226 3.5844416217505635 30.75995884969804
6.406794577809483 -3.388929339423645 52.41991273096551
9.2265272645 3.45650100202 7.23346103084
-7.73407896357 -0.122385545271 -29.5684455938
4.572910248007548 4.451300266572926 12.730521685599715
-6.36040424618 2.91335608515 26.1768879735
3.10742623422 -7.53738357004 86.368816435
-6.282506809361568 -3.6065970523975994 44.6462299313227
-1.450307787823292 2.5136802622597796 29.050406421526883
-2.6410662387530484 -4.6907684250255794 -65.86442315024185
-8.62807451078 4.31670877058 50.896088114
0.6565765963587366 5.877897219672814 -30.3672743534556
-4.598238496120655 -2.3657774618796723 74.53712863940754
-8.757861671674679 1.4166155829876816 -50.924262509869315
5.37802763503 -2.91781263422 -33.4274724945
-2.0818996006270893 0.9425370647932241 54.38123884437316
-3.1745296199818647 6.674179714666964 -78.28016852435243
-4.34877870164159 -7.4627070222789955 -77.80911769945185
5.5796612665 4.54578654648 -63.0308140842
-6.726438788259802 -0.9749481220471248 48.33731157056134
5.999511408280991 4.745120170396988 17.821060706709268
-6.507217224287883 -2.107839839308241 -60.23963725790615
0.4238005516671974 1.5554816427858515 -59.866152854603364
-4.975835731932558 5.5432099960323065 -93.95623341994839
5.811985383163176 7.324011075076349 90.04401213183456
-2.33707393468 1.05212806257 16.6113381231
2.70921271801982 9.49152602170725 37.7070016674396
-4.01192949776 7.20021585638 -3.18556572471
2.02727946497 4.53668767721 -99.5254216977
5.40912967264 3.23875132707 -1.62549142076
0.472793821248 -0.789331019088 -61.3127160338
0.590958328827 -9.25875472833 0.0894083470821
2.5011649347822638 -1.0245275073449278 12.049346456066692
-7.2100778795919584 5.921050261265569 24.497084198630002
-8.98786022879 -2.80197968806 -53.3172421069
-8.43627871521018 0.7223660633986531 84.8222739893556
-4.298017049194695 6.646854103192047 38.4719073444434
1.292312792585144 7.992391726493587 42.8400031686622
4.79439303192 -3.12814265522 61.336061664
-0.9931864682230951 5.815712089645631 -1.7589952505428548
-6.78355479367 -0.0571992288113 39.8555950343
0.6893360287710468 -1.3639835373996267 29.990709634264913
-3.401152853060937 -0.2078516558199046 51.64839843644504
-1.2897537926202403 -6.190464622564555 78.87029530227795
4.3937603701766035 -2.663405018963604 -25.802687592883725
0.586623007287 1.92948362258 -55.2306026671
5.66360523844 -7.13045658836 -8.00245026675
-6.0940092565 -5.81425159838 -65.8472171656
-1.92505486255 -6.63448368956 -94.5034725379
0.9124662834739947 -8.056334564267566 -95.90958720561594
-0.7874653648646641 -1.9395028936181298 40.23669667770202
-6.737604615715645 -2.98541523746028 -20.001295984518396
-5.499957718130382 -8.11267198626446 -4.916448294148199
-6.70481721565 2.4490325326 -30.7281823267
4.55352504414 -4.49822321813 57.5678600997
-0.691921891382 8.65837722445 -39.8903690449
-5.00054455383 -4.68371688871 62.9338552608
2.9664007816031592 -3.516937243806056 -80.20533547452237
-6.147631706209277 4.748456291447901 82.00088850120925
-0.7834433568155288 6.05584665281982 83.5010605616479
-3.4905670905045976 2.1385483877188585 89.00553038172528
-8.24441061209 -4.13132933019 69.9811241225
-7.523517179094439 -2.292371972299581 -32.92860608590596
3.708337008569531 8.305944032862605 -65.14725485272602
4.807718627749011 4.7158211648419135 66.18006779079452
1.06673097003 8.47006189584 -27.4349096392
-1.8465484469351314 -6.6344686752044355 54.92029161203298
-0.6321323441548032 -4.269093867434586 -65.62835988724034
4.082258308388477 1.5460545182898624 41.997469256053236
-2.2634763557720055 -0.3057702937808229 -69.21772510422298
-0.7314973834473538 5.409715760107173 35.053927369706685
-8.034901104473128 -5.239871419383734 68.83242308026439
2.847773993404534 7.5692332502423785 74.45085922768072
-0.9088399593254786 7.925862351329332 46.643829836957956
-3.32576811359 -2.59813860034 -85.5886381941
-1.7694817101894464 8.650762622587973 -77.87293082166792
3.0586832551461782 -3.670996159897456 -82.4103067791595
2.93325447555822 -5.247436320659417 -90.20175668419945
-7.034322185326111 2.545731581411728 17.648776819324606
0.8660101847216031 -1.6118146110588951 57.505541594173984
2.08706353887 5.77282382293 7.04398122754
-6.23680152484 -6.44780403042 -84.1743841152
-5.913050115981219 7.539979779820092 -82.69418445804435
-0.695306003224 -5.5449474118 65.8943737755
2.064634481811315 3.9243732154119115 54.204433642263
7.43400509648 -3.07902806955 20.6213245706
-1.0880689654 -7.78111095848 67.0757739918
0.09731919818204382 5.869554066111871 -58.705611801638305
1.138918215875227 -0.45292867405137616 45.49792440001039
-8.238962124019078 -2.798852388140629 -2.4359930421279268
-8.5694587344 1.05404923653 47.0635702679
-2.778348983581436 2.8512949900647477 21.533884094813732
-5.384737377937738 -2.878054699218817 99.11780837943353
-3.3673233137699095 -1.3063325393359828 -83.27923291429367
-5.569073950073021 -6.537712163143612 86.4048254421721
4.416974835530982 7.195403137080746 97.12325690641703
2.2428641414 8.62691085208 7.14332290376
-1.62520194534 8.96108212935 80.6184226629
8.701806668691594 -0.29269423197874506 55.11794948916394
7.875458806834444 -4.062731766165367 86.43060572739546
4.44717588286 -4.11405198224 3.8913534006
2.7910509986097307 -9.159075692292399 49.02898158869326
-4.48033385102 -1.35211020147 -31.0422964868
4.470740117980656 5.101674057360567 -43.08736905298695
-7.9327669078 -4.0133325892 -17.7838959637
5.25460747033 4.00847960775 95.2806582674
-2.1710172096995595 -6.657319639811479 -38.52919350506469
-0.736925531313 0.518809109714 8.41478589567
-2.675231217795627 6.507640618602297 -43.2025569352352
-0.42761202439503215 7.255771150033485 61.24703031544462
-4.05202750154 -5.14793486444 61.3340340846
0.3584871856400989 2.6574032901339235 -66.34983143001152
4.7421243019140125 -1.0840926390220846 95.6812633037566
-9.73624046492 -1.35285602444 -32.3462041683
-8.97474667378 0.920313568596 -81.2364735454
-3.767696133 -5.0553448987 60.4254014769
-1.066670286048436 -5.228293325757876 -91.48473864567502
-1.757246036930662 2.285073998875844 34.6884788720133
-5.05253062345 -7.28669140582 51.6620454809
5.918591691975826 0.16398294376976066 66.11640542283037
0.7402898000996474 -4.4162379679830455 -66.94170699707314
-0.65026126487 3.30973234097 85.723866314
5.986014922017777 3.2562156360907704 -17.03282775591786
0.4964913151124409 -6.64185170686075 -63.169045344884566
0.941330358619 -1.83708760527 -29.6197482286
-0.902166027063 6.05892408722 -9.49678527856
-3.3971240669152936 0.5768224629614122 -17.394523665584856
7.02135462023 6.55201874061 86.265175917
0.933660603416873 -9.581345644937649 13.686351274538866
0.994960981019 -0.248255711015 -44.0301004268
4.18791648056 8.23247690017 -79.5085051131
3.373846274 -2.57395088171 2.95859647841
2.368517060776863 -5.579289121638198 83.74759406811097
-6.395467115428587 -1.9913514911019758 65.33812487617644
-3.8419017660399994 -4.864539061431209 90.07889609660205
8.650229710485704 -3.566259511183305 -21.356635294697956
-3.8431785583038485 -6.464647252769509 -50.21886988065303
-5.5000726741821 -5.730722416861977 -84.06976708990999
0.11293304326161802 4.997148523321517 67.93217697323841
4.7904981753738145 5.873501331057616 99.13854797282538
-8.6100507268184 -4.634304576778036 -3.43760791423516
-4.641319940933127 0.8886683915167808 -90.48500755299264
3.6393262980848577 1.970578450465211 -71.851418456252
-6.47695909277 -6.20803242197 64.5386235874
9.21531128168 0.694333942871 -23.5229376275
-7.85878860455 -2.20269736919 97.5034639631
-2.7329248258793637 -6.967119966591 -71.24985457864788
-7.46185371524 -2.95162723394 82.9928138907
-2.3797655300275555 9.13045331456158 -2.8925300758220915
4.06823439104 -3.73456396569 -95.7315270015
-3.09258438187 4.96351970048 56.3873476422
1.37738621345 -0.718636581604 7.62625233137
-1.1708016982435365 1.023011856964674 65.96292827600341
-5.99086213759 1.88621674412 86.5583743895
6.96687903219 -6.41085933138 92.6900772136
6.80085196481 -6.6416339104 -46.8216943146
8.912218727806716 -1.8512580588696188 73.31398756845398
7.39557536282 5.88016098788 98.3120509519
3.70944073412 0.504643722924 53.2073591279
-8.1494250203 0.807626035942 -11.7618019494
-6.516534007679273 2.0464951785140184 -35.53516761865234
0.4408231459826762 -1.8953056371071086 -36.795133247051396
-3.234629287704643 3.912519536908086 96.11462819392143
6.70452063402 -4.26412359236 95.3436572814
-4.60491594935 -7.53641641109 0.16136798457
4.542305940611611 -3.7556156230163134 29.442891583030004
-0.941939632614 -0.442789892178 6.2861394713
0.56958772557 -1.16889283142 23.5600740486
-8.614425895 -1.49040988835 69.4958472409
7.08964040603 -2.31950875949 96.2544740361
-2.66768701166 -5.70699422727 9.74091216039
7.5276402500887585 -1.2768841877846162 73.1200873511275
5.027513923387374 -3.2039974614577136 -39.93104986331801
0.07746011937855965 -0.5961923062637502 -26.374624489292977
3.03439478358 7.50257434014 16.883151971
-6.539240596510734 -6.113544822604867 -25.500144401143068
1.6256567818808465 -6.690004830593534 -83.77133843670654
-3.58711102081 -4.34040990519 -94.1019042903
0.6596491785801555 8.330146049892704 6.845275987843756
4.576825335434088 5.922650549245578 67.19084722796464
8.149181816256236 -1.1691970641819478 35.825621318922565
-2.677373043259437 -1.416951065190055 77.827332196609
-3.859977388112754 -5.072893776413151 65.46461692144432
1.9734417681946708 -8.288914378012464 -94.4023363967262
6.063954401111592 -6.384772980598507 -44.76627277110079
-1.924582658993435 0.3381088610058891 -13.008375171971036
3.2326484378692237 4.462967878014654 -12.503299888497445
3.813682733470556 -8.089306486806402 -12.790527264727965
-0.18882947575087516 -1.3591624347726714 78.70549274596559
6.5297351271 -3.36851080594 -16.2476094342
1.6051867933334771 7.791943410870369 -59.30086669460778
-1.8293892242925371 -8.26741417775272 28.55800016567572
0.474519020232 1.47806552485 -82.9433751404
-5.938235854074865 -0.5370136466346204 71.31286271515744
0.6551155644533146 -5.113627095415655 96.27537288085907
3.326925120091493 0.460838412652788 -59.442306741455496
-3.583235150787284 7.299775871750987 -73.66905362203013
1.294413743063115 1.091962917678918 -29.545439067867843
5.37411270441 8.19913604627 71.508071903
4.75993298378 -5.9283941318 -88.0247835497
-1.2550332058881282 -3.8052704429256115 -61.14504169122393
7.112330889643895 -5.572010189622874 63.603926719780496
8.27154941875 -2.05704020825 -57.6097722122
-0.8330184259661058 -2.050515366982037 69.63447006797264
-1.97369137899 -2.21615102538 -64.4735346959
-5.064348969061408 -4.683799500309891 38.54198651241767
-2.265561070408041 -7.097236207106463 -55.242564068749225
-1.9831138079312636 1.0565556780430216 -49.84522255008966
4.184488535327408 -5.40477411790731 33.16666999113858
2.2702463831147903 -6.303327635726272 50.27172570882393
-2.3066174627061233 0.9785550579705133 19.66849509353212
2.56268207756 -1.15318754697 -88.8030810973
5.828059296178226 6.44228975972739 -0.5002707838328166
2.0419657067377512 -5.196544464720975 80.07394785627858
3.71332712395 -5.56229868693 63.4924121211
9.89057785951502 -0.36426496950871995 -64.2816936314125
4.159821569943742 -3.6936283959277354 46.20738409260211
2.1746864546521554 -7.463102922421641 6.059973803077806
6.5425600194758475 -0.14601885190924685 7.712688988250544
7.203382666652502 -0.631549631764865 -0.5710526927759016
1.534340541569331 6.287933735631105 -60.906271345432565
-7.904717359798745 4.741778684276364 10.289119376332353
-3.912688592933048 7.845431325622075 76.9150532518006
0.829464543379 9.76866176876 67.1926586683
4.96099243331 -4.17435915414 -97.8360169784
3.5235083179097555 4.989608146098338 -29.76375826319942
0.8492128578107934 0.9806567829719404 -50.664725811552536
3.9228646739967354 1.2570232227712106 -22.842713681873445
-7.80792052686 1.07894274027 -36.0647098494
2.7423392754667644 -6.941256045029509 -21.729882666182398
-6.131336613934855 -1.7271554897222534 15.441441086500065
-0.354639783226 -5.9691068283 1.01944009291
0.750312822653 8.46374577093 73.7079628659
0.5838796319153936 -2.041233444161612 -87.76526565322952
-4.462790055537778 -3.4575536897480013 88.36932805246343
-0.5935735569623362 -1.4290407400505607 -47.4630011800256
1.42686959807 0.215117327466 -60.0978990392
5.81595679337 4.66888954389 80.5792527005
-7.641664362760646 4.480729682281625 50.019857553591834
-6.138163073239473 -0.5135514347343957 96.14023532530611
-3.46463399701 5.24697290985 -66.9441669544
4.584485437015262 -4.722347589423021 0.32936182900160627
-2.55242215099 7.40648633854 48.9712155285
0.21947259864341898 3.4412279941996586 -14.887014290070141
6.08559033721 -4.85081608663 8.82975648688
3.2865239197056004 -3.181311065832685 -91.53314832926364
-6.4394002680410125 2.0156939744876605 -58.03731335590268
5.168900242098885 0.42356319163671 90.24240155790291
6.83589666567896 4.2982451445913785 -25.693546169849004
-9.12973886307 1.13288187439 49.1342588744
4.7859006487930085 -0.3202842500258983 47.68993035569414
-7.01137526084 0.88090514195 33.7271240577
1.403195945121827 -6.178474775563746 -72.98043540801919
2.4965953946 7.68701339969 -72.3767189751
5.70426605918 -2.18439464151 -8.84365804063
-4.73361534236 4.01925859254 -99.6041922719
-4.305321544934759 3.86410399195558 -65.72699338600357
-9.000309394556583 -0.5272525256017506 -34.44659599877414
5.479927295833531 -2.795984861101442 59.781575735056826
-2.2374738964664007 2.8174625584129553 -33.49614054922239
-5.579486788795321 -0.9154564500734481 59.90702676962354
-2.3244862538619935 -6.279497277694637 -17.04093763214687
-8.08215880462 -3.68541121763 14.5679743806
0.910412470469 1.94900605735 -41.9965563766
-3.21998712073 -6.07078321962 13.7939535239
-4.665024329777001 5.137077054477818 20.23709365207532
2.955101173355738 4.690711609306414 4.405142334355944
-1.7518310004020485 -4.016900788204315 -86.96429553032537
5.933856859910524 0.1990211847158169 -80.14838479523267
8.53252782511 1.64004742185 24.711528641
-1.22697196611 -7.47756089144 99.9064557581
-6.63646947951 -2.67507649569 99.8670105565
-2.0718931145716306 2.9861303630124927 -9.068478899607065
-5.04720900351 8.49233579189 -17.1620756085
-8.67317937756109 2.417930286762091 -99.68687400889976
4.16994698468 7.38072238565 81.135122498
-8.457625205943687 3.7391574441558113 -38.14831501667207
-1.7174940607803952 -5.001269907015624 -39.989178822378534
-6.282165202478467 2.450884550917354 -82.13924328383146
-7.635311976319672 4.812603260374292 7.113013553913382
5.2068966240716295 0.15156477747061525 26.411653470449817
-7.874046277449674 3.3410540086784004 2.8398230388330625
-8.606454591769785 3.3183597014156225 85.13797514129426
-1.752150713483566 4.4076698940332415 12.023942771436367
-2.224341580378372 -0.10524772785384551 22.833551020590004
4.76126888918 -4.83754205902 -5.37019558584
-4.428532900349793 -3.0098341529298174 31.17274308884157
0.9432901838614447 -6.714352475037451 -31.444528679180596
1.69086963662 2.22191369565 -51.7043227174
-6.42715544796 0.028212286858 -48.9648603926
7.020187917674898 0.7402686351607499 -32.11594229614555
-1.37848290518 -9.2001236432 46.5775308259
5.02175649916 -2.72732035754 45.0979953876
-4.481494941820909 -5.51701574086943 -54.48935849106968
-6.06632742797 2.11723074779 28.4220448335
4.095575027015596 -7.851412085970022 52.79053173772835
-0.434531498242 -2.43041358846 0.615049240794
-1.34467518139 -5.99824570502 -20.9964781131
2.852976364680954 4.448826680364084 82.92759449640134
-5.418944890922098 8.030437483272216 59.9057409520971
-6.225676165108478 3.784823374484387 80.74302129036043
-7.55927412149 1.8933859787 89.4011019448
-4.13962892453 7.10538076291 81.263526413
-1.29798486949 -7.09612829124 -56.8906043612
6.59656474392 -1.55676566097 -36.8654331175
-0.7418500649896098 5.864319891004342 -50.54733973869331
-3.6225869888654456 -2.3759981783212942 95.11171772686252
-4.3619879784 -8.28521248597 77.5435229979
-5.12260737202 -5.56834073782 87.5317965953
-5.41303564025 8.02258120357 -33.3775526903
-3.93512297066 -5.68345102175 8.46098841341
1.20261680028 -2.03315660333 1.48564226103
-4.154057613240671 6.665899221368185 86.74391265984444
5.06151277987 6.39547177933 -85.8529943359
-4.77074568690382 -5.794092760304952 -68.12386074837869
7.85926436408144 1.7503154605817768 -76.61746229908117
-1.45929586126 -8.8754948179 80.928533368
-4.833300259760095 -4.004620638048028 89.85076386649143
-3.6346898231889577 2.033346580841561 -79.4398728673273
6.998202221170972 -1.806212406683256 -31.080641697488634
3.08741298 1.86784360378 -49.8048398684
-7.246011626917922 2.2179149247118013 -93.7960096585646
6.8652971173873185 -3.2307197168154613 -66.8618222250629
-3.1045092119238915 -7.845285496482246 -37.233712109679345
1.0918877298361573 -1.8467011834288358 -33.11681269171925
-4.1039030830480225 -0.4326327154485683 55.954755738241644
-2.578447951937473 3.336415229192431 -3.1758712176029076
6.95283783289 -0.414181459237 -23.5136034377
0.3170904188170755 6.957937871615877 -24.900082189481093
-3.1080484897922966 -2.5538275025476596 -97.9176258347404
1.2667600988495238 1.5333127080568494 -1.198019564715768
-1.0270861177732764 -0.7019592462432902 43.136602481959734
-5.5178872617983385 5.9683037614651075 -49.42356406348763
-7.772294360080533 0.7021746398947507 67.5429900424323
-2.41925520225 -7.86167880285 51.0336451262
-0.969976879878 4.88145045709 59.1450616845
7.50416839897 0.969731620115 -83.8640494511
-4.38877775025 3.24802001309 -94.2761722215
-5.78411295274 4.31363231544 -92.4688039373
-0.3308362258837681 5.935827732427904 -55.44124744931183
4.56245107287338 5.063810090668587 21.88023398895624
5.32647748615 3.96363361996 -97.1453877391
-6.096029441765707 0.7153310865867978 93.9433456788467
-5.544991463769127 2.0144657912254926 -74.12657527642921
6.9366460068 -1.09712309846 4.39364971254
3.165201251242424 -7.130306984376517 45.4363965448189
6.2879845801431795 6.489328439581529 -42.82910262478254
-5.31359318517 -6.70086956847 79.8759748544
-0.9696231537008959 -2.0191337269987457 3.5853980272106085
3.97045620316 -3.63830040518 -32.7386746633
5.32433774337 5.53371432002 -40.8083016086
5.474667468289145 1.8169279371417502 -19.78218830682515
9.17641244981 -1.38742419766 -56.6910685279
-7.461008208606479 -3.897269939041012 20.476596414256054
-0.9285517339577267 6.092113139447809 29.247890389883565
-0.836253534292 3.20596066492 20.3503180322
2.3965914499695953 -0.1409656535281622 4.6251557468209334
-0.41900158813767285 6.724674607456385 -61.78242732416183
5.718114963014175 -4.043412236962636 69.76458987162499
-8.54406478807 -0.300116273344 -11.414458758
3.8239484431530495 -6.1898435018726365 -47.580609882883365
-7.34098792678 1.2290075283 15.309340152
-0.8826036958718516 1.4224616121060345 -42.42975066920422
3.19388213634 6.25953085972 34.2408762888
0.10747624209788453 -8.894810813902522 56.52962305705029
-4.371138244178632 -2.8904101845079238 23.674225781108056
1.9187279156713861 0.1611551740806296 71.51788968073481
-0.41292703529196284 -3.9682848698452715 -87.66890653604186
0.6545035054876439 0.4016928336073966 10.677036510335519
1.6824596400117116 -4.959027579570685 41.78091829822218
2.68934377104 -8.75966504047 50.2527245065
-7.1624179824 -4.28320354825 -50.1754636325
7.375198891938789 5.362793358385306 16.493989625384977
-7.0202817836 -1.42681231051 40.3992882446
