-5.236227785997204 1.0564426714572421 -30.33061863523516
1.0992214910428608 3.6494682574202195 -86.65573057878518
-4.54668709716403 -4.642725355898483 97.66013723623479
0.23280956237193037 6.384678172295196 -4.033152119974571
3.1637190651911062 -3.2147861883136373 23.82842146410737
5.892407129943667 0.8404542256929224 51.684942428809265
3.9995300297256215 -6.46965312724646 51.075230101887286
0.9585330980598048 -3.603062230315632 -94.87896333495955
6.3843253652314536 0.46570192606976113 46.201592179289975
4.230765620655785 4.778361827594711 87.91752510046743
-4.73837653652945 4.721120902723757 -11.527385379224283
-2.036959668860362 3.9702455529204 -38.901318347424294
3.32163252037488 -3.950052792442028 -29.028794371946482
1.8892597570179175 -1.0507493424847525 82.82902463027764
2.6644617116920615 5.6006584631466545 71.53663505700361
-2.9173735158723275 5.131003585440781 92.22335724265463
5.31975241415018 2.176617244415349 39.65045729915719
-5.5402927298269375 3.556453189254887 14.197994607552072
-4.144736979775774 -7.11089747442189 70.85299504686255
6.03978831354973 -2.164202340697594 -70.72375330393226
-3.4521097662849822 3.8949335044566347 73.84549705591456
-6.233461795612303 2.5816481348357563 -94.18578325325156
5.65948999650392 -1.698556922188147 77.46298673948758
7.059984589966617 -0.19015196251181127 -99.0047550560657
-3.498330166756571 -6.037356687138036 20.934908919263275
-0.2411536274005116 0.46695099628239944 -72.10103671355695
-1.5637918942241322 6.554286659918758 79.62105301626028
-5.442503960114411 -1.1215497545040354 3.434791020252311
4.7559228235666415 3.039819537233761 7.168431917755192
4.67677648859824 5.03082121869877 1.4705835052519642
-0.30943630402383515 3.764688847324244 -53.415942653884144
-2.2404772817915113 -1.2164888861559098 -99.60217131609376
-2.6518162427292093 5.838690045772003 -90.82636523093856
2.0781573211892836 1.2430758537350353 -90.50203280212808
2.792613216300957 1.7216544560150278 32.402388049407534
-3.177155249075862 4.9167511345296715 45.569165483268804
2.9686481583032958 5.347257847542092 -54.310817217446164
-0.6135755278705916 1.4358549286155284 -32.46000266647321
-5.42549438394378 -2.1815892291674626 -24.615168238644124
3.349585100754532 -5.344029461133564 -24.512635349907967
0.6245801682204184 6.587724013794199 -35.601667354945064
-4.704802166886468 4.168592059786393 -52.37649156877809
-3.977095171470706 -0.9472781677147838 39.15821769210123
-5.183408252042354 -3.985794591417149 -32.5854382526192
3.0693209890289497 -2.456030134746772 75.36129360569227
-6.025912789612269 -3.5025287716877287 29.134694853005207
6.179993124463039 1.8160834765280993 -54.02187887893436
-6.591815167583966 0.699764181965128 -55.28797615371551
5.052400931490738 1.8208042825185915 -61.251811497216096
-3.228041603351689 3.812372751509214 27.14428538030764
5.399684690298432 -4.0248449214824875 -74.86214137960066
-3.7185914728498153 5.747852516773257 -45.217336064107535
-5.793189902740054 -2.7006765703126536 -16.131227452761834
-2.7989593682729104 5.701891559187164 -69.78736138122926
-0.7109831592412907 5.419924526041109 85.22035017338852
-5.982074033512899 2.655671227169498 65.66356246771055
1.8229492434589716 2.895289815588195 -40.46741397546159
-2.8309252912581737 -5.403044479476743 -88.33945945062506
2.2049016547619513 -3.4189425593936713 64.77873155337005
1.3773064235943087 6.0417996317624665 77.43239533393213
6.3052713023492215 -0.33444844969961773 -96.36202325180858
1.5434507711065169 -5.7984334126355455 -40.07710302503436
0.8180632882885476 -3.5081170964009716 -20.264851641718113
6.056006565279784 0.699382597001215 -31.775886434880874
-2.4221398346367815 4.217444098567977 -7.289769711079007
6.091664675568968 -2.4442999982646465 -58.73582391391089
0.977335363961171 5.3245309415323705 -65.35861327633921
2.492756212156583 5.232402462215091 -93.2005246120517
-0.8042535180280781 6.335303042650657 -86.21125856534853
-5.82547003840679 -3.291085606985946 6.2519004668502625
-2.145621063853204 -3.976905433378693 56.72803211382038
2.2808493716683063 -6.254673592064133 -35.925311739286684
-0.3115430497149987 3.606600228897498 18.89214053850568
-2.9256944157954132 -6.176252599510308 -32.89382701348713
-6.482429229280177 2.2564301055164813 41.68212952301285
0.8112257026006421 -2.201809849020293 -61.36803120365171
-6.214892236754386 2.80250944704552 53.70618367581156
-2.266593543923433 6.4300457519463485 24.32151286761651
-2.0285656290951133 -3.5468484390101422 -2.7456606050686023
4.572650613909316 -0.12127567700229994 42.66851246872545
1.6803713039741994 -4.951696179589915 8.225932934553908
4.939757864061587 -4.813614167211006 -14.669006110881572
1.3115917697793107 5.871044134182281 90.7987970232982
-3.159207950079041 5.549864696918236 61.46194373574726
-6.64748002073872 -0.008789461542332117 -77.36510726506366
5.8522539993281635 2.4200199081458247 78.28816427674566
4.443076214592935 3.859832418926128 46.361690012926054
0.7841210011848038 -6.622841361044804 16.424202284002217
3.1601798691010643 -5.890542113066805 -97.40593717615222
6.6140944409688815 1.3166765644507268 67.05139112569043
3.0760785751523043 -5.8557995961532905 58.145054643023016
1.8642230538460356 3.0865977712911863 -79.23102094152888
-6.5917486364744615 -2.465169451951902 14.882926593871524
5.276128302109601 -4.003327750637447 -67.12932801099684
-6.559111920143126 0.19410143574366298 51.97363112744296
-2.967409312744679 -5.020612769804165 -23.49997685512438
-2.630119982453178 -1.8270397972559573 -83.8934181306706
-0.8168483651945809 6.585611247729516 -17.548171336132043
1.0327880248719439 -4.966016921823281 38.701574980271495
5.741382400924669 2.478996275535155 2.2104288308512268
-3.0151505625973427 2.000013016451354 84.4160410587349
6.68436884131194 4.144403826684951 3.71605458524225
-0.9184439641799881 3.3417928666731678 -62.618153515552336
-2.54108078820778 -5.1439501639641 18.172322715747423
-6.281533975599343 -2.7060819862163052 37.78761059479686
6.540888577787687 -1.79181622986646 40.505793230991955
-0.3756802726623123 6.572577608753667 18.991005499299625
-4.628091681820098 -5.515739932314553 -95.30556593201668
-0.36472800917768333 -0.5924094162493939 -65.11102346367241
3.6674656258881977 -5.1118582535067905 53.904377725264794
2.078863272125782 2.1334295944406674 -4.076829433634917
1.4743027275911977 3.076587457493825 10.131055524098892
-0.1344173301617619 3.0560336981841125 73.14861050187072
0.4919116357653829 6.268486913307377 93.69778058028425
1.0588000840092477 -6.671729401359076 -51.344958104415674
5.897770581532238 3.1521168353864977 92.71310581657563
5.827121810232461 -4.183979096365417 -63.21648176772456
-4.125597421285934 -4.837788055180198 43.223220751615365
-3.6561837424748713 5.6179625954435055 -37.061291572034385
-2.7889689676869818 3.7246329181201263 -84.01915309695711
2.1067857546909607 -2.7161706425175303 14.781465620329067
-4.7116405520601 -3.0054035498759517 0.7413608004142678
-5.750146185107365 3.776554400030788 92.27090758830626
6.147546910810195 -0.3675981403217563 -74.45486010814628
-5.871985450115307 3.3761843190532628 -77.15841804054017
-1.5380680494223105 6.53028037955159 50.44053371528611
-4.829191842936366 4.505934882491338 30.189366537586125
5.863471017710387 -2.8235475622217616 52.62357789159414
6.592113078719473 0.8458427909756779 7.373029301643701
-6.720149748972628 -0.5701144644572019 -26.813231248026828
4.604694237817976 4.501662509498102 12.340574064572984
-6.339491030913433 2.101554834784338 26.012029147883162
2.5319840386083445 -5.820832652600049 86.81160603808998
-3.489218223708515 -2.209982441263021 46.002872741884225
1.456780187872113 2.2333020809579045 27.936364290423334
-1.7934900282248265 -5.527955328084137 -66.59142283280154
-5.66783552369834 5.952913367288667 48.04262842120299
1.3770355554635554 4.729721694834801 -30.670700846769954
-1.4251455752194364 -6.3029926956309925 74.40922765511313
-6.741407171538927 0.69595992552476 -52.130093836613284
6.01734826476265 -2.577301553062872 -33.23750187190081
-5.022083566052146 4.473429363557705 56.400918099706466
-1.4312580571616904 6.66211293305965 -78.0852338832855
-5.419501769797782 -4.223868651191439 -75.48804951608109
5.307096497377292 4.380612521591407 -64.0108307152869
-4.703258527464033 -1.9902242779461186 49.3526897712726
5.334953426058434 3.784450919567013 18.305905132082646
-6.772803622354406 -1.3006782164969404 -60.348338501389044
-1.6234734505546013 2.190929306122747 -59.64494754944038
-3.9107671994000817 5.659308161314533 -94.39639999933816
3.6847406896215498 4.800567921653836 90.98710378870847
-4.527430801855635 -0.1700040638250845 13.866765345661115
2.1664252950710305 6.400266822024863 38.5077394047381
-3.099371371749556 6.108036159591494 -3.362164447195316
1.0929263067951018 6.732545907761138 99.99202112985502
4.7868047307945645 3.6679854227133273 -5.15151832647223
0.8939028065564183 0.7183091033602811 -62.31374854196325
1.7498412327888606 -6.461871358216157 3.7717674167600386
4.017983870809874 0.726147816019742 11.699479197130648
-4.7629255302517235 4.485552045161953 25.28014840978014
-4.791332187007191 -4.842967221007925 -57.92306436827009
-5.821433340645918 -0.024163602779281756 84.84158733234077
-4.41509013764414 4.839683810909925 38.917982746629626
1.5015494843919994 6.366349904849838 42.71973327817454
5.829602295446529 -1.9226519301652625 61.38993501799281
-0.2180833826369446 6.459716376695687 -0.9502354206092394
-6.403977403545144 -0.8919894391180299 35.177804046670225
-2.188246438881216 -0.33737324705593336 29.681492689181084
-1.2684838963925802 2.110508160375596 50.59051683719332
-2.6162758982149414 -3.3696052761422766 79.08186380576713
3.6274137751600497 -2.182859354574005 -23.99864785702357
-1.4272442693731777 0.8750625246856296 -55.71937528607837
2.9901101054325165 -5.8509347859720275 -9.188339492926174
-4.404582843798624 -5.084446471701562 -64.2826065676115
-2.2399268283133447 -6.505119696300422 -94.57154740445954
0.43353116911483564 -7.023110372994399 -95.39479331932
-2.354438229250212 -3.2124895099685222 36.79631379177324
-5.9443945305673225 -2.595963642006539 -21.503566224861423
-3.6560559024609574 -4.213833947384947 -5.133440673122611
-5.865866894926198 2.98152827336686 -28.245854139819258
6.289274492369601 -2.586557239971948 58.71479868576995
-0.30722882190959855 6.745985156914575 -38.844600701814294
-6.2664492575317094 -1.7547676841805866 60.3032586333147
4.810382848310125 -3.8898509965261403 -81.38647244595298
-4.074263136535655 4.356435145920018 81.8358988550807
-1.048505690407628 4.901439478478859 82.67313706637772
-3.4981656079036227 2.5429306374700853 90.34398226714283
-5.99764697859804 -3.4289736172855942 69.97259807849571
-6.4670164022766565 -0.8508833274275482 -32.566536433039964
1.899106250537224 4.340586927516384 -61.22894718707224
2.141769404358791 3.783414791896556 62.399321521830466
2.890193980626881 5.867792631905736 -28.030252362356453
-2.5148367629444177 -6.5758471707334705 55.06209619284078
1.1218083859280379 -6.544365194080515 -67.02072719764669
2.4721892814657918 3.497194793653913 41.49823848523935
-4.592447949352214 0.4034476927637474 -71.24949482646629
0.3922805437539377 4.369074510633251 37.172843135006
-5.925657535685391 -1.7475309364042153 66.84992734526253
4.793161779152838 5.050517720102098 76.42349343474577
1.8410980584309382 6.278326830244017 45.45604320527451
-4.340503890428255 -0.8873827165659096 -86.8602359271695
1.2709970823172236 6.42052024885975 -73.96040858685798
0.3195765903636548 -2.8810764051558313 -84.07816100469222
0.9181900784950409 -4.405662856855981 -91.65627796840651
-6.538681278130913 0.9232699750718872 18.839270838716843
1.3114631771814929 -3.2584260361012976 58.50668149253608
2.30396815271565 6.063636463210076 6.08635864953735
-6.486394982865391 -2.0343991922987588 -85.21351019918404
-5.27823810181926 5.334160967640041 -81.88916183367505
-0.07679937160994006 -3.1282174516746095 67.26477472796951
1.2681008281459747 0.6199994685861516 52.16601264465615
5.844967657604335 0.8942070102182628 16.783198584756384
-2.203546627450728 -6.407178451155625 68.55707538644009
2.5146137022638464 1.7771594320985846 -59.86784493751021
0.7909532322172816 -2.9357725143334954 49.59911244577834
-5.90113787479993 -2.862520530290005 -2.0752216860301083
-6.6392509195229605 0.35307981298108243 47.062692565960674
-1.7195930313478196 3.138269291619497 24.38695789258382
-0.5404119747064903 0.5989513818377044 -94.683186972729
-5.223534928907334 -3.921992325345369 -80.67264910730674
-3.721982160433817 -6.07098601713531 87.18648427241634
5.769505789225452 3.1786241613451045 96.51863822124956
3.199704836481208 6.357766792641748 8.41902179611054
1.2656594829466987 6.647775968100266 80.80090520274454
6.938181720595092 2.467953680907899 53.71502034022817
6.432654356383942 -1.477481156749757 88.3190039062354
5.151909218123957 -2.9915909860477465 5.234808625035819
-0.09783017047071463 -5.7499934369183245 49.96215894313527
0.3972585952173706 -4.284857609028756 -29.677039621144914
0.41593370327447676 3.7934849867276914 -43.238749712765255
-4.355449043073574 -5.167298284151246 -17.41713869661134
4.4395265577409635 5.152919497326188 94.2284875459927
-1.6177070099157755 -6.610800589522345 -39.00517527094258
-2.7083803293378983 2.5286904999419435 9.80475518882751
-2.9430915301027847 6.039486455585566 -42.13744372691437
-0.44226518309905577 6.586003981288592 63.5567588530234
-2.443006657521597 -4.2889409027462 61.318641979961974
-3.5089442059122296 -0.7724466337106961 -63.96035461467018
1.5034314027397555 1.619550954211015 94.09050564069716
-6.95974980251407 -0.8171621295464622 -30.325125874781985
-7.024002664139921 0.1426041482070874 -81.53459036942188
0.3872476810189498 -5.041687315672486 56.61513129670116
-2.2422735120714252 -6.530479244216695 -91.85976806699969
-5.546322454168711 3.4415727530059064 35.17689690431631
-1.4629215119649708 -4.185310965479838 51.99742520577043
4.896110480900322 -0.8649019495827892 66.44100403936692
1.7449251460598223 -2.4003092813544717 -68.12083869265213
-0.8613914608078796 -2.6599513142334734 84.28781072824462
6.512961560353513 2.1445076793919875 -16.157627255181698
-0.1916255148148835 -6.687358282989913 -63.71833552807709
0.6371800003539292 0.04146869183624324 -29.56540709383024
-1.5011034748442507 6.602444643119953 -9.489853057205725
-2.3072479170436577 0.47711338124082325 -18.34895935709908
6.996348010366429 4.267152930159219 88.90596760924011
3.0328590589566304 -5.989986962101195 12.732424841065773
-4.309195673311979 -1.9306191889105244 -42.876319384152445
2.0920094063785433 6.196176755346618 -78.6443493200995
5.426921474066328 -3.661855011126238 2.049102012667242
4.188112791471369 -4.519576782113157 82.81713412939307
-6.912420042311679 -0.07416509522327333 64.27402170957583
0.3808464535874412 -4.864438834768571 88.99513717396394
5.917123073610937 -3.490218960189385 -19.067144587916445
-1.9374737638744308 -6.424528890634463 -50.7364070195703
-5.138061915220606 -4.5708442875861115 -84.23056131804802
-0.573753820128905 2.47191019437913 63.2296120363145
3.5786673321712947 0.9481805990091472 99.45554204753437
-5.945182552613561 -3.064777408212575 -5.906954798384627
-0.9040741086544323 0.9688320436424702 -91.62697463221305
-0.47847176319329665 -0.04084403689609384 -68.49710420174388
-6.054946793340336 -3.4496470036807887 64.6064151166646
7.025420590539029 0.4469319298978217 -22.66167104599539
-5.80822014626672 -1.502598650887768 95.84779378363476
-2.9500702031789694 -6.1135905666689725 -70.25064587243212
-5.978799055095639 -2.5592724936343636 81.74404874104428
-1.7814668775284321 6.324821099903585 3.1099503080836968
6.137854315626975 -3.014940455364724 -94.83497014041785
-2.0950554435915323 5.6924961936801655 54.06273970774038
2.2893309160397206 -1.5749897684153162 6.746564325292217
-3.149782788935276 2.0719178653154637 67.1510505340566
-2.1010599240751007 1.2049925274067343 87.58032957040358
2.4178400653799885 -4.538953815650909 93.72620451622714
1.748999985119961 -6.302412566285743 -44.96549243704831
5.648389568209487 -2.9848690639093305 73.1342035580276
4.5642760099879975 3.5893288614710444 99.39818620039624
3.343721136128142 -1.994329622368066 56.16731652333854
-6.532913220487963 1.9783737097446952 -11.423376876797096
-6.176999337213925 2.795128711800483 -35.335395795162036
2.300575983699639 -3.461143845165755 -37.65476909360036
-4.154871992310581 5.000777440604104 94.96790769384315
5.96016580501628 -2.556137028294656 91.27563258173683
-4.249893256892573 -4.887274240988485 -1.2312879979516906
5.108451080355584 -3.674435922961864 31.759032626744105
-0.16245738504889784 1.3402530670155737 8.068350199085367
1.999875482829482 -0.6190679728186418 20.149237586960474
-4.173382749854386 -1.348748277648246 70.55786144700518
6.872698234967119 -1.249168813794034 97.54133636568297
-5.556709177176542 -3.4537490963620185 9.96245391116225
5.584905149444511 0.03116465737614038 74.93848255201956
6.3853544681910925 -2.091006695156441 -40.75279186198577
0.12340049217908947 -3.256142074366061 -25.521177113685383
1.1833567660460238 6.26023191153377 16.28092722105919
-5.086432810891079 -3.3939681003821702 -29.15230852536515
0.6038235828072005 -6.753166616860087 -83.40462936611098
-2.3917760025876333 -2.321272112795531 -89.341628065316
0.5294894734161971 7.137938371486861 9.302331697630704
-1.0942746727110988 0.24204239275235176 69.44415622944662
5.025320361196944 -0.2014594433358159 37.36593918006183
-6.307232452152741 0.3552542380810859 77.67165506107654
-4.096806679791409 -5.3629998711613505 65.61850490101959
2.8104185797011145 -6.132013245347918 -93.56119101446939
4.239851347917043 -4.517635793444153 -41.556728312674714
-1.185446685939358 2.147006054805953 -13.3086073588537
2.5996179804196453 5.710655189927397 -9.897523923485807
0.6447077974243174 -6.721144624099923 -11.08638979100756
-0.6662143319692457 -2.6329586136819487 81.32909658449974
1.8596376474293357 -3.206371910226652 -17.578789607547535
1.1912659323598183 6.448042024060319 -58.475339107134744
1.015345842544458 -6.7347245517013805 30.70357019333604
1.9337344135262373 1.7302991024833847 -84.12905609566087
-6.815206441423441 -1.5484866138924729 74.56648766262461
1.1582751260554323 -6.491642278037593 96.56965101207503
3.6773948913402013 -0.10590464035340369 -58.19305186270997
-3.4798400469583646 5.171714178776968 -76.25649520179785
3.7583639749608246 0.13912449593985965 -27.33826848484499
5.280734600497616 4.03328574110743 73.59405397164203
2.7597474419550276 -4.495402196996482 -88.63753248028586
-1.0049587623257252 -3.4057497689203244 -59.04674440336773
5.985515459293287 -3.3468012291257674 64.3337988256518
5.235128262460481 -3.686787217283983 -55.59115587604791
-3.3918066499984794 -4.309496256461971 70.59947677343354
-3.9130013696090455 -4.913474597738791 -60.750375527196944
-4.589710996266147 -4.23112131404214 40.50456741348524
-1.6733701351037733 -6.5441732299098785 -54.73124383918167
-4.397780278875838 5.125267885021424 -49.2366584869087
2.1482260950531638 -6.058206624600677 34.95694954704694
2.8388552362981634 -4.827164457628084 48.1951350782284
-2.717170811945558 1.1428618774132655 19.22344850527141
3.398793724736166 -1.6913908448203885 -91.02560943980997
2.775462210189672 4.8954001946043935 -1.2921513517641527
2.4641889247194486 -6.2603146500897635 79.69038658215032
1.5380932845440318 -6.564565937361603 66.11997928866437
6.558862926873614 1.1858720526170858 -65.14288925847036
2.56022520378267 -4.110938575490548 45.402455018246854
0.20084061941740947 -6.610040665387782 5.861606480813053
5.693002810307818 -2.595393987738535 10.473952545378879
6.577411827207242 -1.096160691927294 0.6218952543403513
0.7518784583554097 6.685089295662679 -61.50066114374224
-5.8679190348381525 3.175957665161373 9.902624089723153
-2.3018885873810464 5.772156092234269 76.56186002866512
-1.3052690079695013 6.430542549346234 67.23709633418868
5.2559220154305555 -4.13453257262305 -98.60738529853226
5.5785886799305935 4.004894803532873 -30.23076159716787
2.108376786529163 0.2516809455534973 -49.93621320522993
2.598010201749426 0.5392117646511674 -24.647740045135023
-4.013997836266179 -1.3866181468346104 -34.75768807915568
2.7092627255963864 -5.9369645810112575 -20.838877556387587
-5.3792182576759595 -3.981749653233558 17.51286920314331
-1.479644174655012 -6.584884590836729 0.348286145687781
-0.2867829356772529 6.660145083966609 73.93008471106967
1.5255013910289121 -1.364922973723408 -96.42608624941079
-2.395551208588506 -3.56718974419919 88.52994204689523
-0.8265028115745194 -3.524511894827423 -50.16806188996112
-0.20649793542828693 -0.2665316005931532 -58.59046440137387
5.967580244373664 2.77246942435188 82.90460438553188
-4.893736339590157 4.2995534403694915 50.1393292252263
-3.816839071363729 0.7606230181352887 98.22865046532917
-3.862844425042645 5.468159808041436 -66.98496276398956
2.323154032064636 -5.860820457055664 -1.5517615001034062
-2.1530008044102953 2.5977829416964138 47.867582334243174
-0.434314837918909 3.5821976137684346 -16.937460458511246
4.853372504439144 -4.458092483876997 8.165374805671606
2.806218970522959 0.8470737503280182 -94.24343299332314
-6.408246457151102 1.806922340637512 -59.410330203548035
6.362332767931367 1.5153724329554386 90.37535706371413
5.050658856459733 4.496914942334071 -25.106937599279217
-7.096165429402245 -0.2062296207837906 50.139678894941966
5.700500257425986 -1.6264320298624173 49.876552368748456
-6.211795848971688 1.3009529209980797 30.540686811212765
2.80156694856902 -6.055620190834799 -70.23473152194472
0.08256663064337445 6.6224568068273255 -70.38169333227853
3.13345866937604 -2.7714378765810626 -8.532143865612804
-2.2859508057212405 6.510210624460026 -97.5344853879999
-2.23388434527734 2.9728058758565896 -67.15600724269784
-6.382929384930354 -0.245112381882472 -35.38382748073789
3.4882731724229648 -5.889219806310824 62.50820806224068
-1.870229138179151 3.7811734389314338 -35.628457128737125
-4.085410991271703 2.3886284369758313 62.971581227156705
-1.4713205215503151 -6.417726061029872 -17.299853794763617
-4.91442094503717 -0.08186679703056288 10.95821283032772
-0.802961965118485 1.5775124814430193 -41.27200647203359
-2.865570750594693 -5.9377638345124 14.33620537901365
-4.632125790154388 4.01244997707863 20.05494503912636
2.817189773655924 5.142951957715811 3.6919603468279694
-5.076426443036035 -4.125206563091799 -89.83206054586456
6.338931125824498 -0.7643696832145245 -79.23196758054311
5.5374477063993846 -0.196278277065966 24.44585638006477
-0.8052135065129666 -6.477451623464254 99.22906490574358
-6.464277961205926 -2.0613765616716115 -99.49146003776545
-2.915251007780723 1.6665143388251518 -9.694476026052795
-1.4404441121284965 6.655773391322867 -14.109454136313968
-6.35473460964983 2.2202784395004356 99.01362833451788
5.317450380794687 5.697300748650875 80.70248998383808
-5.188254834107646 4.213561112635783 -40.17088210098006
-0.8220055673685902 -3.7668598265650695 -40.338705058827124
-5.193532223012281 0.681100925298083 -84.63390656464715
-4.2104106645470045 5.3115129565998185 8.355364774384393
6.120744071366705 1.6962723191813902 28.959515940895315
-3.9678292752754865 3.874975370642705 1.6660807953587087
-3.939845589047855 4.934721305511489 86.54055135886776
-0.9557477210845703 5.951061096778496 12.766751247132094
0.3062319488464202 -6.675872449536056 25.21042226990848
2.9467870123839925 -5.5879601333714595 -6.546226210617946
-3.009744602791946 -5.039052105540296 32.01331772016035
-0.2710990875544591 -6.715038792553405 -31.57964003072044
-4.727275341594411 -1.6331494445510175 -54.895740283366784
-6.603400298295743 -1.2947557101074674 -47.22476994022307
5.55897594814547 0.5501752688754432 -34.71413051180872
-2.663807482048776 -6.116900457489883 46.57374891931928
5.418935961404731 -3.262065383443902 44.11506310380628
-3.158858458076101 -4.234976919061414 -52.92441036186702
-6.397623683778752 0.4879215191302222 27.841030448332496
1.6839814363331078 -3.22161132015187 53.365240605740844
-2.310978479105686 -5.1275936068215735 4.778913041137203
-2.383260655571078 -5.697292572207721 -20.36720216003532
3.6305583861970536 5.329279571574043 83.76251936417177
-0.39976950477518836 7.298408004888053 60.65985187660632
-6.496977579217951 2.8701913023838412 78.83980192230041
-5.106912046019132 1.8326982792121864 87.19955335070314
-4.18937586944254 5.465792320184043 79.44884058170454
-1.185699187200925 -6.738819564501691 -58.176114003305536
6.263867243783197 -1.5050672088285917 -37.586768065900536
-0.21443588705937047 6.230593815425295 -50.814991629985315
-5.439156847261365 -1.4981433259247945 92.29604370037437
-0.12499940714939295 -6.921422230707548 77.89396596622984
-2.294845169044102 -3.5328082062875623 93.73407332909835
-4.1940275629446155 5.270055084600793 -32.21061562705094
-1.6189912338448345 -6.491224464077925 8.72310969167402
0.5323183636505817 -3.707964787675193 -0.7808975217561334
0.7684930714611724 6.669124425982852 88.2067535658564
3.993551221073932 5.348457458612797 -89.17937204836676
-4.656413323911937 -4.709279750243937 -67.62645511189496
-1.2429737787463273 -0.11815775957867869 -85.77112960495847
-1.6962293193965066 -6.518930215678278 82.92446926592106
-0.6401602090211689 -6.664323504877595 94.05538137210608
-2.076912639145598 0.5932276011464516 -82.39096817253154
6.127398424903905 -1.9382318733501833 -28.882966808564987
-1.7147043260646013 1.6590073210531555 -51.20070152895465
-6.620014421178423 -0.11663389494620163 -96.0456987789485
3.2753010749054803 -5.848601972081217 -64.6108373164671
-4.4177338178221826 -4.964892756431231 -36.99839367761844
2.53207567008435 -0.03203896978738502 -32.4824343114799
-5.434719450823799 -1.1219934031606777 57.119217761168514
-5.272645964390416 4.351088680049175 -2.3560324632230323
7.3336540134802295 -0.19753100157023296 -19.49520261809006
-0.344446631325074 6.756758853907515 -24.99751112865858
-4.867662383675238 -3.318663090611209 -97.04851163272359
5.424865570305502 0.9809988841871624 -2.242011913396855
-0.25234786392314473 -0.17961802923673295 40.931226189885344
-0.7191065253102509 6.180506541075216 -47.79270908542782
-6.344004621508139 1.0481644270342088 68.11760699398216
-2.937552634018788 -6.024575956317854 49.61162143278997
-1.91820792647491 5.922440885995424 58.22756775085362
4.978503355751873 2.183895680697799 -85.5850819868868
-3.5518587271734714 2.219349876044821 -93.72443752084618
-5.348259164135539 3.619693388686207 -91.58908158545401
-1.4440585334864329 6.43560699781167 -55.22409023106902
4.694645796036448 4.174342065279386 22.670344691949786
3.279350849837487 4.589893024384163 -96.6533917918457
-4.406282284862794 0.938531810590039 93.14993352470722
-4.661867495864151 -0.24849143452255468 -74.11038603614948
6.786468954934177 -0.6235381283830161 4.0290264703321945
2.545890061347655 -6.921282157602783 44.447345372220305
4.775370150165842 5.001644519053839 -48.52514276002369
-3.4270216498267185 -5.342089112437451 76.23767828870898
0.7668649660066684 -3.52440678130521 4.80467141909175
3.9947708360162495 -5.385957627583671 -33.65106806035626
3.64759235204187 4.353668709013985 -37.64323808538472
5.544163920839083 3.2135643893354406 -20.020022786219354
6.786292272707185 -0.09868001277115698 -56.34355941756177
-6.045241679616107 -2.404167589774536 19.674352457365632
-1.5466304005403866 5.487681631733442 33.512314338350876
0.7063140021160724 1.724838247816675 22.31357786752533
4.016381023943144 0.30311451387322164 4.856482317411716
-2.4377014596068367 5.210564188194444 -60.14947420122915
5.28507983771547 -3.976562159575925 69.78781628530203
-6.314348676573947 0.18678940526640705 -5.846688594289243
1.6158583866614027 -5.773976875689488 -48.48885154176595
-6.859141826058434 0.4333681367370824 15.51968653180094
-2.72467584878186 1.1959723430020999 -44.773910536144555
-0.24002980488147727 2.9803665308662564 42.16351434357413
0.2680407522813565 -6.888506220676282 54.40058945071427
-4.346990853604068 -5.312469987150386 24.38988639146673
5.042080803551339 3.6468095116123105 68.95083204903851
-0.012677289473515818 -4.690924038310176 -87.32905480627059
-0.3242251306656324 -1.57408103406929 9.234208436756449
0.7719797160194884 -3.422468362616071 41.64799071910399
2.143425470439745 -7.082523882373458 49.34571121480429
-5.6032813183364905 -3.2270274947862085 -51.0530370844754
5.141976565389359 3.5536657795169786 15.256897482028554
-6.265017249130922 -1.319136901459495 41.97747826579889
