-4.293379949575644 1.1065607817983523 -32.99542679841883
1.7791093376706184 2.661996582607539 -86.02000279533469
-4.737265984300436 -4.45386350513752 98.34495509988197
0.43577774266425884 6.589528863575622 -3.6869105311732717
5.307337978608053 -2.860297278324683 26.275151687288105
4.310951981096438 0.18676212362300834 52.91025410912511
3.481027959494732 -6.139092617387303 51.32594780801001
0.7209295294726197 -3.711122890919273 -94.45249508069426
6.7023925830783195 -1.0257473681911544 45.92856193566307
3.5211403177771703 2.96806013061152 87.3587617107964
-4.698941296683307 4.085389727940537 -10.149942851460791
-2.408086001713691 2.0841475084005547 -38.127230728607216
3.5593710199323576 -4.045120259482696 -28.8828675054166
3.012508854100431 -1.6317112190862055 80.856044916453
3.2655293431840935 5.492140176441708 71.7228527918352
-2.884862726635093 5.157528438656195 92.41379404876882
6.519293658419321 1.6087806679113796 41.296750611944404
-4.847593905598153 4.411936305373735 14.10070141281273
-2.933017265640246 -6.229053144158827 71.0845734365357
5.61044444261667 -2.107468099670937 -71.43841219659546
-4.906282458258384 3.749911221542794 74.6718829135616
-6.095571127059604 2.9873485345360744 -94.35022117549111
6.279291607567197 -1.0263715260523494 78.82487774361081
6.994487175502605 -0.23187592888529832 -99.09149746156852
0.684027924997551 -6.505702685899145 23.356078074866126
-1.5431003023583552 -1.5770595344393186 -73.12603506790357
-0.7932482721364515 6.722213172375175 79.3247618378029
-3.647794033514652 1.041646235167153 3.287055394911073
4.657265816548919 3.516958348199834 7.725672594426818
4.574320480752998 4.729924640769879 1.1435459887636372
0.5238675647248524 4.617542561630609 -54.467778217563605
-3.152337078084039 -1.0665942679326885 -96.22141842681378
-2.4093037709917637 6.11032402252296 -90.74152223721661
1.3126482424953236 1.74556361008226 -89.25744743900752
1.1876056805929653 5.665717639292034 30.681661854183364
-3.3989392815998394 5.015436925960003 46.02102608167763
4.26755227068061 5.189190986432893 -55.20794798682573
-1.2665615930225727 -0.85259973153558 -31.41781847320851
-6.037818472583363 -1.8425814237452651 -23.88350025432247
4.541102378970691 -4.670261146401493 -25.64353482281363
1.9984921266062625 5.106973582159204 -35.6750358046533
-4.113019259069275 4.784176284755404 -52.377874082750026
-0.6934656409601138 0.026505438106223328 36.97112841975084
-5.155479338948589 -4.442178746493835 -32.20560472516673
0.2819324276812382 -3.116651086717679 73.74990090298971
-6.136165074782463 -2.943683362532223 29.61554513345125
6.082377745815459 2.3952825728272074 -52.77312906441501
-6.32256507328805 1.1728312837868902 -55.27115714609901
6.318030889017255 2.1606899706831286 -61.737026400306576
-2.6013870879337366 3.1796777428343184 29.09442361596327
5.594639462407173 -3.65417950345051 -74.93162767826442
-3.265231162209809 5.664524131256143 -44.595738200656584
-6.397189324787293 -1.4825177761550037 -16.04946274351776
-3.1664730864342365 5.6276293724785935 -69.91683133415319
-2.257112488738841 6.2411259530524115 84.8319534130913
-6.021028866049836 2.8000749527602067 65.37884183083065
2.4903517478289285 1.0336150833462305 -39.90501935927086
-3.388424210581133 -5.024431841253131 -87.67421587457325
1.9393690196428381 -3.294877774078501 61.95990186139259
2.1498049170503872 6.4092768667942694 77.67241314095445
6.068817298498237 -0.42623144582022554 -96.48366500764267
-0.32376313637876586 -6.037575325913218 -42.15726707371127
-1.4883535664839005 -3.663285076803069 -19.649727912961175
6.768902677548791 1.0483814135261187 -32.73907807323293
0.3368451465203439 2.0867987802124293 -9.626592353409375
5.569116813838797 -3.5938509782096295 -58.50205341746324
2.477351413851886 6.051690271442131 -66.05042019290424
2.0871277936465513 2.880199197461668 -93.75539486935472
1.037989822460596 6.708905843067782 -83.95030944350783
-4.925099413695839 -3.826649941610981 7.543056882904656
-5.982269310733214 -1.8723845279709423 56.5513460877722
2.225515392816692 -6.162484172356622 -36.24106594926417
0.4245673623180723 3.4765422536984114 17.823424486663203
-2.569011978283121 -5.65217980044691 -33.31083289656087
-6.324037445784688 2.194471417070901 41.9494539673811
-0.668183644670912 -2.994310047045183 -62.3587481700701
-6.108408426352661 2.888734491005495 54.14198211527219
-1.7498543686804255 6.255215395684873 23.199268544379223
0.03272835494505161 -3.808131099878336 -1.8450540214656834
4.598573178447663 -0.08642572658125412 42.73190968791098
1.2108720599785523 -4.88816502470338 10.464065573808663
4.226581507011693 -4.629913094360506 -14.3428053771679
-0.7253979143321693 4.702672980258823 90.23093834308916
-3.566688826184106 4.353161970271786 63.92740050156035
-6.628976757218088 -0.7080797238411498 -77.57267195489618
6.04552907510428 2.930364125256951 78.06846356171121
5.251834535570257 3.997682151659013 46.208952600460655
-0.0035064979560419374 -5.263574666695463 14.547817812066366
4.302151481751384 -5.334546152547242 -97.21529938269904
6.6125395329509535 1.7099948476005107 66.09673950098252
3.4784683394174967 -5.354450852815973 57.88109289814793
-1.7333257321151194 2.5869819471477395 -77.81226995983475
-6.344074411986615 -2.12836793127066 14.556123545329777
5.433621936994637 -3.952876090654843 -67.48505047214422
-3.9623549408370278 1.1263299347423492 52.21385004177183
-4.921864232806641 -4.432754376184031 -22.206727558781385
-2.7683448815399188 -1.8796692514154902 -83.27230030057773
-1.6009582990051667 5.754362067477554 -17.0729888844629
-2.273913751494052 -5.708135307396749 40.09802956002074
4.7680727591012895 0.5197862259633332 2.9701205107432007
-1.2132865003851774 3.2579488026134453 80.70232263744349
5.918029306149965 3.174312242790919 3.7431422395490275
-2.7932089166277763 0.6279065025282331 -62.52126703298323
-2.0649883143901913 -6.44274154747196 17.027036478673452
-6.028217064413042 -1.8731730348987632 38.405776855512464
6.598173497551411 -1.4269384368971292 40.32124695116049
-2.662489089362315 4.873718779054174 20.63599471810089
-4.773313541770897 -5.18215912358771 -93.61324250239544
2.7242976039451734 -1.5852728331385442 -66.48232630603874
2.8771094581289294 -5.679725364489575 54.52064877124946
2.84031851707425 2.4051074322705017 -3.416693228096279
0.685584209381163 3.066375791917852 8.955711401065841
1.718223517829308 2.2806051238182334 72.50734505596988
0.6439599231073971 6.2067468948530955 93.74114071765744
1.2771467402433039 -6.190414835040229 -51.825024117952495
6.064866449762248 3.1596437845685728 92.82776914934188
4.226682476710833 -4.906004361108686 -62.012570165540964
-5.188740079235659 -4.373368455208833 43.25248098534593
-4.236274976593137 5.176718899262839 -37.265754447472936
-4.039728248040031 4.450657045366229 -84.6035881283492
3.3186734379589025 -1.629859648494213 13.070641862701624
-4.335279027619022 -1.4587455164022078 1.1941705673292735
-6.206253817438023 2.277636857837374 92.10777619459901
6.641052586689003 0.07230731566389503 -74.92021334989472
-5.841755845258427 2.9634312268531007 -76.78368093995824
-1.8637194747767576 6.511988503197301 50.21172497633135
-5.381209831456835 3.815780690692352 31.17219186047218
6.005197876132112 -2.9964795219534754 52.75224097771238
5.962199051374268 -0.9252675654020841 7.522615823358761
-6.822119025684783 -0.036882421281378946 -26.614182053128957
4.816541816833771 4.219143220478275 12.377530722021413
-6.103475039590728 -0.5854619291487946 23.455964179808564
4.975189060554786 -3.6349621184904635 86.94141513158239
-4.151144139804673 -3.3946603785476643 46.94146907938726
3.313786780314657 1.2515183149983597 28.087867342428762
-2.231045505547874 -6.025772068377162 -66.07230302872755
-5.395817578931746 4.944634152375019 48.43648881952854
1.0085053247452507 6.740982392941027 -31.995552268964637
-0.8794103865219804 -6.4851747343659785 73.66823456526824
-6.107092934464128 1.152939959067418 -51.77276773387142
6.0238014740664685 -2.6756686618164105 -35.246209065214195
-4.670500274883694 4.7122194145136485 57.0218371507813
-0.7562002985858233 6.6111381642477705 -79.32483715493798
-5.3071591992980665 -3.435324036542881 -77.56331394577258
4.988047716166829 4.010883651164013 -64.80585149768467
-5.016449987687693 -3.4836287889975326 50.52525640967874
4.504232937901563 4.80940069555528 18.456689390964904
-6.477808144135853 -1.3939694558533524 -61.609359952790854
-0.10609618055868505 2.991073524331043 -60.756834669473655
-3.6417370800135567 5.449475517148457 -94.41672279192929
3.6369409751830823 4.8792365958396795 91.0373378579207
-4.704034558414322 1.4314905246841643 13.936387380930707
2.5699442470625815 6.152782498916862 39.21719488824058
-3.8608239035871774 5.584614802948536 -3.214855388765009
0.9475801452026315 6.432561572581315 -98.85418182822856
6.057941780746518 3.1989029686615527 -3.7148469552313506
2.1621391224465203 0.7779486714925045 -62.769777571211606
1.0662415206896392 -6.443284232760135 3.2263778244416517
4.259503227554941 0.6954186526394384 11.869344300638653
-4.408912497514435 3.1784658896914064 23.09756423079487
-5.344739150947292 -3.8830178074056794 -57.852851341259054
-6.382892124012679 -0.8397524964608856 82.9025315338708
-4.720142956635786 4.553956573836429 39.372691009273844
1.2775930310336927 6.511041280606241 42.67481314003378
6.423356176211929 -0.009495629545857587 63.53837196868008
0.2912140941276113 6.672217200833598 1.5646719737990997
-6.297368466842551 -0.8485127141407646 34.75853788221062
-2.932294571640495 -2.1033690234378115 26.964337004535505
-0.6855781818111247 0.36136837417746437 49.01788929688245
-3.007724221489846 -4.7892335861690425 79.59394135106703
1.9015018041360503 -2.108189289479549 -25.520665060755995
0.49045441429474346 2.4463162230690356 -51.7693990142455
2.855430188428885 -4.8135295774885245 -11.380894732134017
-4.487066336286046 -4.888289756161376 -63.70780373680655
-1.65279643590247 -5.8101540795994895 -94.7272526788937
0.613386902730894 -6.872568089659354 -96.33354197008134
-2.1564935280496633 -2.9214817903654056 39.00441722283509
-1.502164533892814 0.7840308924822746 -19.436057230454633
-4.424699624505684 -4.713912313917076 -7.290986828671464
-5.587463695225713 3.3633410461154343 -27.550066039918402
5.920284830992085 -2.9533936291963285 58.56918587579144
0.777865523643725 5.072520964104349 -39.81129487982894
-6.684550983226526 -0.48920473832815925 59.83090949429941
4.475275201977739 -4.436338240951092 -81.04860275809374
-4.737212457439772 4.133869099990606 82.41913366281001
-0.6311760779282773 6.584374360159474 82.35994135846845
-3.171311708773976 2.854270074623081 89.97099452230479
-5.875557445763682 -3.5015814144678568 70.16414445016082
-6.750000592490147 -1.3233042214189232 -33.12665625054051
3.8079066186595463 4.629749084900447 -60.7739232313342
2.6565671902728742 6.078490701553663 60.6681904279153
2.8968827303333184 6.04151715493157 -26.23098804502117
-2.6649706664980846 -6.317588636755784 55.092909750567614
1.243858832723573 -6.582795952862069 -67.24220359609956
4.59881714094168 4.213554504082527 42.87334773087996
-6.408164991306858 -0.9437421039842606 -70.43359622114738
1.8027319608185548 5.792045852356393 35.44851588650389
-6.4031218142333115 -1.3548608856523907 67.63794692064116
3.992318375712634 5.573782180989046 75.47555394658264
1.3836177135616101 6.160726598347926 46.07017627016143
-5.87238260352414 0.4310766396718094 -88.27747106161199
-0.31083839495091525 6.334880200065089 -75.17002096126035
0.20960681421116323 -3.9664796753954854 -82.66348729938375
1.412286527402216 -4.323260118576619 -91.08708481113896
-6.49103897930491 1.9666045266738217 18.63208514034159
2.661891263074632 -2.167456099302928 58.35358546895315
2.591489543853396 6.124107349755818 6.480823391084946
-6.4102456458044355 -1.695500112785118 -85.03223035058498
-4.174708530543012 4.847998734409101 -80.39920121179563
-2.0917929330453466 -2.05850688689958 66.80588886480793
1.1523431504143387 2.200062685378229 54.786397891816335
6.633328448177103 0.6770607918743647 16.2214582747674
-1.9277568501947446 -6.375729747831428 68.03025814573999
2.4667950231597984 1.8832015401411148 -59.893534318351
-1.9575285625566246 -1.7943488112743735 51.509240363985654
-5.518816722582202 -2.155589012043702 -2.61727888914238
-6.48595814657099 2.3310380136108515 45.39706538087813
-1.778713519364297 3.4919879380706003 24.519861062210143
-0.3867242877720011 -0.26046279136485534 -93.9011634388621
-5.306831477326107 -3.9033087344836437 -80.66329300206333
-2.2609649425574956 -6.454241693566845 86.8469806277648
6.144725323591954 2.497837680854666 95.79493816935984
3.754650221884574 5.528249193814348 9.694163722669673
2.1679920007088147 6.2175837944984185 81.0498936683728
5.584888929620749 1.3520210622876747 56.15641002268711
6.729196704590816 -1.513416989867921 88.34877788537038
3.6923501911623946 -5.370142092492036 5.033983527484639
-0.3360106797014819 -5.165852579986175 49.95032155677744
0.04773520034048247 -3.975749374610566 -28.70776135065384
1.8525221207249625 5.727339121915234 -44.23352920719029
-4.642945219611642 -4.207426851511767 -18.401773251153326
3.704472877459256 4.1863762101867605 95.13330576233979
0.7564531975890584 -6.738158604557547 -39.48938217333234
-2.5129988466345488 2.516316964491592 9.71710465312046
-1.9992139899493668 6.443657991067403 -42.047442713157935
0.7098960961217576 6.600572930573908 66.89480928089263
-2.882595064549307 -4.990958649571237 62.300670050892315
-6.446756691471953 1.3075525010707088 -64.55604060752489
3.363573162684569 1.2039508330941053 93.71701596366216
-6.8619742180051775 -0.7368147435360259 -29.90435996177991
-6.44758081420829 -1.5394687278901888 -81.43951593450728
-0.7803042260576021 -6.4410502532824925 58.43352308633295
-2.5502628691571667 -6.453920262701954 -91.58832640256692
-5.313083167785849 3.980102520353562 34.636264194835896
-2.718993925940203 -3.7337890124434576 53.37827437263982
4.753333011984955 -0.9712397362378178 68.40424926662577
2.7662472861041407 -3.2544001713801514 -72.42621656024146
-1.1213503575897785 -1.4983015521814123 86.03757488255506
5.442177988180536 3.86039076246153 -17.05240116067209
-0.11182659263703087 -6.597136427119144 -63.461680760298904
-0.9661539640151873 1.8228357566324966 -29.822589219773295
-2.6408932271782755 6.161056773000842 -9.972742419134393
-3.842579694054539 4.5112290833575255 -22.193354144131256
5.766305130453592 3.741530087612752 89.44081134942645
2.2155820041742507 -6.229730132506377 12.704202647609254
-5.947566116915089 -3.201839341416592 -43.43706399588322
2.5760549335267946 6.01779730380702 -78.74233004210988
4.90720136409326 -4.315605675236128 1.8249272774629888
2.353362682078427 -3.95145441213874 85.40349862693023
-6.5405924129688655 -0.29667929127268633 63.6453737042482
0.2991761832557296 -6.79281476330351 88.74330466035238
5.854495676815343 -3.3016473567573814 -19.522465815262596
-2.799391493798679 -5.224521226808348 -48.940544251644496
-4.173980321818517 -5.213897557420555 -84.56734120865026
1.6474196130256322 1.6392211470060496 65.74343768299836
3.733057408375407 0.9188138210006741 -99.71967062442856
-6.010006906347622 -2.169852736408351 -7.092456698592811
0.5524850206453353 -1.1057997106252841 -88.58486316708066
-4.5234198890257264 -3.3335955625607876 -73.99571593273431
-5.5205741524468435 -3.1942316765210514 63.39802820892745
6.83398389569011 -0.8304619783153505 -23.565333095932058
-6.237651001684982 -1.1978661248561961 96.58584387832565
0.8487260283539401 -6.6198359869140315 -70.71719462774655
-5.626845069582701 -3.097832554266616 80.86686756844558
-2.5938994727460574 5.80836937589098 3.310277766029407
5.4665091557029974 -3.3228424716837717 -95.26102613876141
-2.265726648292011 4.80459202481049 54.48432316563839
2.302468926452016 -1.8533747943977208 6.921732102936695
-2.825791963248801 1.5841903081322875 66.77037237683767
-2.255029848867746 0.5624722174022498 87.98613588698248
2.8847136809974954 -3.836848010213214 95.59845400173438
5.907544971872957 -2.7834840386529622 -44.554149469131495
6.082845213173584 -2.930285407616463 73.97513424895551
4.857321156653369 4.336931575264962 99.69773955182247
3.2215418677197993 -2.435503438561812 54.78538060535859
-6.910653036847627 0.46323800828768424 -13.636821785687362
-4.454113235495851 3.3220333300535794 -34.67998059565338
2.34446161527441 -2.293061154281618 -37.48450910902471
-4.339337580756922 4.497670395665915 94.84268147987049
6.420826510614519 -1.9316338235579107 91.93145552499789
-3.3954077492905452 -5.002062107633446 -4.528424577044845
5.221811730600079 -4.305189743019392 31.97512177156829
-1.5268966095878205 2.8595823223906045 6.210409498235967
2.5042586643129265 -1.3328324605758337 20.243752726746457
-4.414987313060562 -0.5730997435675323 71.08271391816488
5.3050396927611 -0.4917527926957631 97.0653047856328
-4.18025604693799 -4.357963559636143 10.626149707313482
6.4263930326207745 0.7694262597287398 75.54149392435555
6.142169066402494 2.6512665354655365 -42.77166420362836
-1.0371676699658203 -1.3326504683730331 -26.932944784866176
-0.3698455613340133 6.943431510359808 15.711891084468316
-5.469945092828789 -3.379722363663405 -29.48767439728715
2.8287464456137785 -5.951211811915857 -84.02717851689138
-1.8882357432536059 -2.0371146799361677 -87.09222454530834
-0.7178915411720803 6.395325496441164 7.264419254930163
1.4498970745374025 -0.05620171645013278 70.37966304875324
5.281077794494909 -2.429750796624196 35.987966257842984
-6.525641540739914 0.46332080888841987 76.57604302917609
-3.572260189631532 -5.835446950947789 65.37638481509211
3.1540618499701143 -5.7920305451003 -93.716621904317
5.07142952948622 -3.8065813483842246 -41.69800357099918
-1.5972281578041059 -1.8093168933446315 -13.47440581472668
3.2663170258800553 6.0511425004022135 -8.058600804045872
-0.9531082048795182 -6.510383056787329 -10.329255272502737
0.8034862830167986 -0.9591102293996778 78.99554313141712
3.1223122648013732 -6.088701363779866 -16.686438618347825
1.9478066634792586 6.115143001998251 -57.89565096033456
2.926755810772195 -5.490060737789054 29.4321219213512
0.848318474257744 -0.04977783130089744 -82.40054614193892
-5.751261888489626 -2.708587897598874 75.56314832297724
-1.6791686107248602 -6.283182910086202 96.82294943900223
3.7595266831435685 -0.7115371063918641 -58.23896577651277
-3.3435222935291673 5.123512978654201 -75.5887388721924
1.6541592486377181 3.51953449329331 -27.844933175395127
4.671463191944986 3.343101590524831 73.51270057072232
4.048992288951225 -4.498858308564051 -88.5255395062879
-2.010479457343657 -3.89627099591526 -58.278695901859614
5.190311500184747 -3.0486738310373354 65.71147476073102
3.9948219578196684 -4.732153802045371 -55.97782102920085
-1.9286571113390905 -2.6185684766947475 71.00029192698871
-3.9305762866150697 -5.3692539150087315 -60.77144832684236
-4.9931599499776 -4.652828885129431 40.346579868239516
-1.51706908521712 -6.002454540392519 -54.73755885988181
-4.877862918316259 4.731706653649329 -47.954572052315356
-1.367336955194074 -6.183397719257267 33.741396618090626
4.218917683819561 -4.514298882503713 49.08958456219739
-0.8510523774562992 1.6335714760144728 20.081324262995892
6.4135713893101975 -1.713960653219003 -90.34411170510869
3.6442408695837765 4.873925839350562 -2.2413258784830274
2.780652751622393 -6.046328135454204 81.29068340047797
1.4165548628101379 -6.6417678857289015 66.54680073286058
6.431215056146594 -0.014362348676521629 -68.43971842779814
2.9500092822000132 -2.3831421636496914 45.87229734986232
0.2731035153202465 -6.532791519293047 5.925018663755834
6.046974552197483 -2.1863117631449347 10.436349482164983
6.396852587462396 -0.2732943891144574 -0.271455193728239
0.6424939381897032 6.647958411544484 -62.471365103146226
-5.857904365126219 2.512491228061372 10.217280605183147
-2.6718016890270624 6.008368139300236 75.46614962611012
-0.9501388194184996 6.55950112553845 69.52928566847659
2.5948587999751767 -5.429614404727617 -99.89108834618914
5.385227073943182 3.1093109431350623 -28.23792391743177
3.383565324768015 -2.6556044304547926 -50.97998934255669
2.94776749087178 1.0370830496175514 -23.90772347432736
-2.183667987558357 -0.32814850850729693 -34.45093775204618
2.2708409474273856 -6.499012622014575 -20.44648025479596
-5.3094098184888034 -3.795476045824022 17.95516606812874
2.9546417114821066 -6.182309790636489 0.5810439548427242
0.5472643691508451 6.768318460475044 72.98063586204958
2.6508816571531653 -1.7607458446572006 -96.15205567468651
-2.6483691761901547 -4.521779281802482 88.72530405474566
0.2859414781918256 -3.3560116013314025 -50.6329481521679
-0.7129388254619148 -0.7936707910778115 -57.05201231975043
5.247269090035834 2.5264223883890766 83.30670719806973
-4.684904740493094 3.957549266309827 51.403756871399366
-3.4036253954928286 0.13280541663737952 99.31497820471158
-3.4181804573051666 5.799032863160322 -66.92103489730289
4.876046489236751 -3.5116338655133497 -1.6462191278387712
-0.5362381093696132 4.0724040493057645 48.714979199263546
1.1830669658570756 1.5516132065995292 -19.57424693849836
4.970457276260316 -4.574753988841144 8.285439420830645
2.8709944666510947 -1.2100963087342087 -93.1954778230662
-6.16264199567187 1.007051367670315 -58.626224983155964
6.1724331640568275 0.9306893128528314 90.19054449316889
5.358451801118408 3.5165909094168706 -24.29020167691427
-6.775035318970615 0.34343330470741074 50.97745118574472
6.378853251751258 -1.1169722682429128 50.07419209416235
-6.530150144499704 0.9475819291922878 30.371560582171778
3.9158445988648793 -5.253192765149073 -69.49296056646924
0.7225779843853697 6.460556055945588 -69.73495934106457
1.3467867874881856 -3.445038474817174 -8.466627239767812
-0.7231202496308703 6.344913669620196 -94.99248659658375
2.66734875681319 1.396082413514934 -69.82235199173128
-6.751779945019618 0.8585361440908876 -35.26886198771346
4.8433661451854295 -4.174408491661181 61.13868553869683
-0.2537215318709884 3.2607229744952337 -35.54015886136888
-5.5075512147675125 2.127256523422015 62.30200994591799
-1.248029108540028 -5.76241657500783 -16.721704832271918
-5.759283971209813 -1.132903281508388 10.271031495049595
-3.188366561902728 -2.1136215164637573 -39.782196020079404
-3.307002833380566 -4.104463820640021 14.495631720736128
-4.602640879530512 4.292699626290385 18.16508220677399
2.6517426064928995 3.7053655876871083 3.540463748379785
-5.981511158056013 -3.0790760380100846 -90.35175952732196
6.497856409306331 -1.3643840189287906 -79.88117804946944
6.668071320430423 1.1586158845760004 22.652264787828337
-0.5227181398220504 -6.00091360781492 99.49666307004269
-6.276642558956006 -1.829663321740233 99.44195427427735
-2.5398584514978007 -2.804855995562317 -8.167039440737828
-0.9768700470780965 6.610323078984342 -12.814886231929217
-6.3144914965153385 1.564130178157166 -99.1144984130568
4.675549108293698 4.140793474875822 80.39139761437164
-6.0418755617038595 2.7122532468354046 -39.66009226555235
0.11906812053799937 0.24552290741253935 -37.24773014601636
-6.020841623923634 2.1185041200527257 -85.28070268029066
-4.3449627376105875 4.704311271451653 8.839574550394087
6.3685418064504296 0.431182373491977 27.182640968741733
-5.53217119817391 2.259848792255979 1.2784748213542678
-3.75109058818372 4.837045025452434 87.43560487521816
-1.2368701311511079 6.355338114839504 11.359921592358203
-2.5880157912984942 -5.776351782405601 27.248307318751205
2.045830344592831 -5.661216095651347 -3.6675566948879874
-3.742280002391537 -4.653544189364897 30.547133854012085
0.19614817559948639 -5.023105682098827 -31.846172167769662
-4.028736875471959 -1.6424923088974048 -56.86023666797617
-5.891334671055573 -2.350476652435514 -47.092533867063516
3.2401217664050512 1.9277342423387225 -36.70245767624385
-2.4179082071222835 -6.101793744348952 46.43826987883984
5.442887473473194 -3.2200818349808507 44.32979768062185
-2.6331755396449985 -2.182444211041311 -51.111464508011714
-6.428002730583869 -0.06301745802846928 27.80934153393804
0.46367734880776457 -0.8082390807666588 54.579830392212834
-1.7412980029125837 -6.399696059894605 3.442115541865493
-1.912818961053618 -6.292391390629603 -21.071843417047216
3.4864608228127465 5.480148974274529 84.0916460484016
-0.54973513833169 7.038162735146666 60.93010032687248
-6.127753725882826 2.704218830397702 78.60742142150319
-5.305892563040791 1.8324509933143913 85.59397242267225
-4.534503843935877 5.126065740935009 79.71230658601856
-0.971910275206593 -6.765437255294536 -60.89485098297919
6.779233611218945 -0.6685453942962957 -37.71426143792043
-1.1128977487167504 6.759654187497486 -50.73748138298147
-6.597244412522533 -0.21583115812426368 90.17899792423069
0.6693918960353921 -4.358187035405043 77.9292493138698
-3.7328676044013154 -5.370316141601715 91.54506996852598
-5.03380246793563 4.714925941907008 -32.01885275676039
-1.8969306366236496 -6.336864148150849 8.962066702177228
2.658814881145999 -1.9289105236703015 2.3354850977059667
1.533203863013164 6.193141607258763 88.00754098469858
1.6406979856569255 5.861195286873095 -89.81034765685581
-4.552352311359221 -3.7217268052281582 -68.48716368883245
0.8760885597505244 -0.2621502527825338 -85.48846971823252
-0.7269654807762622 -5.592299716908898 84.28972477177284
-1.2313730791906579 -6.636659373008825 93.2110816666766
-4.616506486356194 0.9817654066248519 -82.37529728401836
6.329879127409858 -2.040518295178304 -29.170541164558546
3.041331574603403 2.6945959506760477 -46.71996787427661
-6.213669157996352 -0.2792389208433003 -95.21557817433253
2.6336230202463184 -6.33920854162571 -64.73990342936615
-4.368488204842474 -5.1295736086942085 -35.68366080324683
4.764577718813757 2.82553346559554 -31.682270159581336
-4.306486482343524 1.4571528210982547 56.979835740488156
-6.288180185709544 2.5548007797671284 -2.3900287566833005
6.3713767075938055 1.2073606739089615 -18.784786416222154
-0.29811704056946453 6.577851222779236 -25.541980552441803
-3.4272327693781404 -3.6884066201032746 -97.949197853673
1.319692080094442 -0.06412175511499177 -2.6170664866525533
1.9827658008982207 0.7099803332451107 41.29638945486984
-0.9681037600160547 5.468435220387846 -47.758318211237565
-5.688694206464328 2.255173140116131 70.50299753114007
-3.2532212591114624 -5.8427783800672195 48.903417725303086
-2.510389895344169 6.018404991796125 58.12430672439274
4.427206709367933 4.824872467512564 -85.95260512040984
-2.7175372148852586 0.5210817814421032 -92.21354782698144
-5.399967076468098 3.34148629677149 -89.80867281560158
-1.5479178051859357 6.376324743171727 -57.18814373160599
4.702931241095088 4.322992601854193 22.37912117701426
5.519137804535931 3.2612712896368237 -94.53264064410482
-0.25738985525729025 0.12692411296254696 92.6499654204418
-4.872117353187853 0.17491827469467033 -73.96272431539212
6.814064126979511 -1.01112587006564 4.120882117800199
2.180647770097603 -6.272716688301172 45.111323296716556
4.206335246913015 4.721772853221789 -49.252688395939984
-4.298556456088362 -5.546726545939059 76.02456002773116
0.9356804213201171 -3.26448891251655 4.66744690779211
4.6292207326383945 -4.642805177596954 -33.7282325490531
4.107818834088587 4.898158630205613 -38.28996773407604
4.354528554639693 2.545726681157262 -21.507698213062604
6.560801464700746 -0.3774345063712347 -55.64622273023139
-5.116841499191585 -1.626162085139054 20.283768593888432
-1.7698665606601653 5.5683815555591805 33.346242294261884
2.0588687189822563 0.41257771798323606 24.248180859345407
3.5711077890871 -0.14649265885482893 5.38009878686403
-3.646677298765444 5.730447192165146 -60.769665491506416
4.392236222755356 -4.534403202447616 69.21670976669242
-6.016552927821225 0.7083991142331635 -5.390370935679433
2.961876659241937 -5.773059777845097 -49.06940972234111
-6.857769508268188 0.4226131880688831 15.503450024432222
-3.234822274792909 -5.555692246880886 -43.65771372236498
-0.5157775936466308 2.945998675392801 41.3533407830183
0.2819182326795696 -6.560903305310144 52.96810000732101
-4.667558721272934 -3.897946995584028 24.402778038286037
5.211281033279084 4.53517694016406 67.8110859687596
-0.2942064860336567 -4.8834666302148495 -87.05974547302816
-1.0205982928906574 -2.1509725363511887 7.521639326361763
0.7570741685050307 -3.6941383713784774 40.57653402207689
1.8801557121242183 -6.817547140806213 49.16128392101802
-6.215116516109226 -1.5668180682756743 -50.92018892637141
5.530428692140993 3.5463117108098974 15.252228243927993
-6.713735386039485 -1.7906035551807151 41.87931877992079
