-0.8604321045301939 2.3660828013634028 -36.40083803910003
3.959647176573727 1.574138899233285 -85.77577365615056
-5.028119471032967 -4.5046326842597635 95.01351542453942
0.9364682153256192 6.725213233330124 -4.928980953140334
5.425484372084492 -3.659237699435265 24.515566706447082
2.434093514634073 -5.181178866145403 47.25733890351025
3.9404745552926688 -5.350100793112969 51.24303440088873
0.5482536629254279 -2.957658306421835 -92.3893050799407
6.727915457884401 0.9481011068376171 47.240149495381225
0.8116627209691769 3.751423556361988 88.64066082539699
-6.2354093861493745 2.443709477951806 -8.477089270264784
-5.56097965382918 3.4922189922374347 -40.01697097076446
5.6144092336345075 -3.829762690723057 -29.898939678281582
3.9348570355254746 1.3497502498855343 86.66977932622645
2.7703608118253378 5.518523279471966 71.61636488237362
-3.188793953751638 3.0903147068213594 95.1401008243192
6.440562843935064 1.6405368967600291 37.26532134190422
-5.399105587374615 4.024678706969728 16.25229631711162
-5.072656804623102 -3.892083158864334 72.65397936318516
5.744827707646532 -1.9407904437410757 -74.12037951666193
-4.549137689844887 4.722479025336995 72.87909886786284
-0.9305103695519699 1.069409959928898 -93.89413429539235
6.345563990535166 -1.5760752460304517 78.96759313942447
5.045182890498909 1.2533884511185793 99.34512315688058
-0.46161837650239335 -6.7144220099295255 23.875422893086142
-1.5383960689640614 -6.419855301379841 -73.04484387658327
-0.3733175722075146 5.956885832751924 79.25674984413794
-0.8005807765463959 2.6654600296947013 0.3423015973611188
5.7795648988595065 3.1516717316771925 9.194343758070312
5.618287139558444 3.855448973464091 -0.9443239736205559
2.572847500522906 6.165129631671282 -55.30649289684372
-3.443045179881273 -1.6731279348559118 95.16650603660912
-3.1053949347346315 5.976820116309048 -91.13616684127243
0.18049752000315344 2.623386315543619 -89.59491907996802
-0.015267878991164462 6.029459297765838 28.13571476333145
-3.130813054851844 4.9297877936465015 43.35859114739281
3.84665918970316 3.317129036840858 -53.657121585738295
-0.21198620676420865 0.10070042424005951 -32.74851178715179
-6.626445293670631 0.37245257494345785 -23.118659736075696
5.026772447390449 -4.349172321529107 -24.513952686051393
2.614132953654641 5.98447632161172 -37.96084748256448
-2.5074229436030353 5.7511398162450815 -49.88472306327953
5.908400418695521 -1.271717893574099 35.12168339344197
-4.466898990934799 -4.2770824916069055 -31.76316351331215
-0.5559611812136076 0.28025550905669866 71.1238145387411
-5.423277862771948 -3.2785269937432866 28.103466514877418
6.090706512625834 1.4867844746887977 -51.3466736651188
-6.751775329688758 1.4029996209301168 -54.437901759133865
6.497916637642603 0.9627967158091202 -62.774224371983216
-3.321062551568367 0.768369354934739 30.808173943010075
6.161979416980504 1.7368610600441827 -73.30525816642108
-3.6664909506791 3.0024227061345785 -44.80652314511107
-1.800993158520689 -6.5097668814999095 -11.637017090214359
-6.403726428455825 2.4703691904395337 -68.9937025503802
-1.7447082183768443 6.259675331995362 86.18920894247046
-5.003837936906665 3.5711818379346982 64.83838817521922
3.428906446478312 -2.8070324409779857 -38.02285013880141
-2.8111842952562336 -6.086981024011774 -83.91575077425371
-3.1940597984898944 0.8703967338505866 65.0871265467536
-2.4760662712912693 1.3234609520263136 83.13878180612275
2.5871896666076557 0.3453396259349595 -93.08370874075813
1.0418428723951154 -6.768108790994183 -43.14075669908373
3.782789480310054 -1.1448032506346606 -20.532857265385882
6.4868292783466135 0.7206056184859501 -32.261640885673216
1.8313631959791448 1.8054654905512346 -14.751655585776076
5.620196611815993 -3.4952292343117306 -57.88473873032762
3.6378610893563494 5.418290207007673 -68.72620619035273
1.5618319666973963 3.2347990985323967 -92.19529427109524
3.336421029168446 5.616242452253442 -80.99073221944973
-3.895274555198966 -4.064155956555344 6.722539127234203
-6.252060704566049 -2.074571452414388 55.187715339692524
4.881663737237121 -4.662862768825394 -35.49374806266047
1.6871272704814395 -4.088766103784468 17.900569389304017
-2.1051191042975224 -6.090052817459642 -33.03948038277479
-5.987522897344092 1.1133013548021122 41.16597999290468
-0.5546969829238838 -3.598674366354381 -65.68552609106676
-6.1294832423358905 3.1728579949299216 53.67853277348901
-1.4750020707485656 3.2165978300735207 21.46620693285587
-1.3990287782964375 -6.1763027438886855 -1.6426565145303873
5.860354482369014 -0.2342544651005269 42.43575374064005
-4.732897184288853 0.3819486932395425 9.081026055634887
2.6574725992991124 -5.423935672249172 -13.948753504172513
-2.2336273989899214 3.113884935266962 85.7565684905785
-3.698412750739838 5.654692649142239 67.34198842815702
-5.819164947695875 -2.821944886797673 -78.27797586667232
5.004024972111974 4.33666423383448 76.74534054758944
4.491229208108854 4.476830088614315 45.03023114612
-0.3161914309763771 -6.488430689637645 13.043259272661585
3.449810101901087 -5.369214915375502 -97.34738966691584
5.8942465884127255 2.438848181102725 65.66668845664135
4.017226803102056 -5.483188661036831 57.427865536922546
6.029692703325589 2.5345114371927884 -83.56189500591442
-5.808051616083455 -1.553737684415076 11.24669023234423
5.153440523187634 -4.12660133489451 -65.87397923194912
-5.892042205686942 0.14836969184909363 53.2215413268529
-5.42033301941502 -4.09888982880617 -24.176172311361505
-3.824833209763422 -0.2975560683787742 -82.49677681022573
-4.4001408770529 5.094025757840988 -14.504368923235445
-1.9738420013528883 -5.793502432070896 36.143272435003155
6.307191648943959 1.370687712821511 1.4593583875098866
0.9446570301353634 3.1565419333168037 85.52632625368496
6.155578816396743 2.508018802022032 4.406070593356394
-1.4794184792973089 0.0003761816869154444 -68.10513680647149
-2.103353407432499 -5.384356261670584 15.431644822014544
-6.094645772423693 -2.892355496998254 36.950502179176034
3.378212940346223 -4.782616256502928 40.75896245414896
-2.3679001943462437 6.196730006454936 21.142597515411154
-5.617467324673795 -3.1571046159160465 -95.21860850815766
1.7159053256161054 -1.791652905276575 -67.56286002819935
2.5280869636584686 -6.0862756891839425 54.95127953257269
2.239339272877091 2.9848974088472535 -1.4176558084185977
0.10137847187951166 3.920048839790863 9.290603934609637
-0.3961400824594432 -3.514039270332005 66.47425265736386
0.9760458463206126 6.6862327653457925 95.90423252541369
3.556943173463663 -5.909544993999319 -53.082557634116384
5.604242759860183 2.3967463933521667 92.72978647334486
4.662649894401142 -4.67782160624914 -62.47216602833627
-2.851965918364465 -6.3166016409273995 43.10810987226629
-4.9035479514179725 3.861814330648418 -37.24309504068127
-1.8117962373769108 4.3281411720116365 -85.31887163625751
6.217987177160363 -2.691698554770533 14.424900699258837
-3.697298518583667 -4.901958691528475 1.7374492779344595
-6.113174428649152 0.1655127525472456 93.6663592194231
6.216199915611331 -2.2798758198731104 -77.30315799183111
-6.51511821145509 1.4581387585050545 -78.75824260971683
-1.8662801009883008 6.351950874654697 49.98606671490713
-5.6419886309898715 3.6129813528826253 29.433200522388724
4.939680009240103 0.25784005818956657 54.02805643670041
6.5878709474135135 0.3784187089593741 8.676633374536205
-4.511399344490664 0.5523835206202945 -26.236230717411512
4.40050659471048 4.653153768931959 11.539168471511767
-6.465449977754427 1.1597791811195188 23.822788305661696
5.3860459818885165 -4.053546685204813 85.92586183292421
-2.15071474973586 -2.367531900969258 47.26118839177739
5.1454279252622905 3.8178153878457923 26.710061918233098
-3.0278281328670356 -5.809458955600784 -67.22934622059232
-3.9534794871030927 5.012688988721392 47.9434039140978
1.6696598002776595 6.722831722122988 -30.040227540794397
-2.484486430041332 -5.28690740284174 74.41412238754755
-6.320998677861682 1.8543794528364157 -51.47045424302892
6.372401917165112 -1.5018726895179644 -37.27921805791371
-3.275065526744822 5.40194555947726 53.9381002870714
-2.4412787169802392 6.342797848545337 -79.78628734420566
-3.868625655667153 -5.226951545961349 -79.08505882672193
2.8759296387974325 4.624269290616668 -64.98696475435493
-5.400069680262245 -2.9158144811381095 51.2539465401205
6.4754371633014065 -0.04798381073548175 12.084672976848926
-5.281510442161893 1.4952037743655933 -63.19050077783522
-0.46653785783301094 5.272991164291603 -56.88671624589551
-3.569070614487704 5.079638020363733 -93.8637947651965
3.48695269925447 5.154758419668131 91.09898181380922
-5.362034172659253 1.8827894109937737 11.85066458541658
-0.013428526611201003 6.796307336504439 35.17789095851106
-5.087044587050482 3.7501196254511986 -0.276932152829247
-2.1497645048508933 4.881681564389553 -98.98869213449598
6.488904062636002 0.18684801786604638 -2.8550295627660733
4.637007801103217 -1.1461318509035843 -66.2946771554953
2.4612025201806436 -5.96221201969018 3.107035977763968
3.4604596345903516 -0.6498288983675814 9.560751654630447
-5.559278460883589 3.657037848181325 24.045735451318183
-5.959519320692831 -2.830035283306569 -58.610153832713415
-5.285429753050499 -3.8040222866490496 84.2862932625399
-2.8445148423834223 6.098482816450186 38.43215291866138
2.0128268444001143 2.9852034840996198 42.22779063860947
6.126409373521278 -1.759403865961818 62.36184462840445
-0.08556856097648763 6.745358187897996 1.5571933171899985
-5.968474000904715 -1.098762481201498 33.75036007223323
-3.0471042305457527 1.59250827560224 24.700012694885366
2.9951076664930034 -1.596385660350436 50.575888452488456
-2.4687453659950362 -6.016671360615474 79.60067319219986
2.209254438798487 2.817318298037676 -27.69588399804971
-0.4329128121517072 1.6738060708267097 -53.14702965306674
5.688538031246882 -3.6964144753449584 -7.70918136527876
-4.159656253251654 -4.409285461209232 -64.56706166453554
-2.756141688839136 -6.266657011819541 -97.91582500686766
-1.2635295564343398 -6.513049904263098 -94.47504888209619
-1.5058984086186396 -0.6519221150719616 41.50358022215591
-1.5924661722705478 -2.451374167059062 -19.183270712663646
-4.720069258670955 -3.89535829991708 -9.096031051030053
-3.60706289186125 3.7232690301338454 -28.626480897452673
6.08435158217385 -2.405347174391033 59.22584076512652
4.044839188704789 5.140863675175492 -43.11540630868988
-6.822946521008351 -0.45890175833021973 59.36738406491445
3.245031167856609 -5.206083547335183 -77.09821474742888
-5.119633020963546 3.8950735638754406 84.62909420225941
-1.7305490591499475 6.400841269541196 82.92466606023237
-6.287481448656288 2.266342536561483 90.63977995005261
-6.597805638868993 -0.944784565801305 71.39407903194113
-3.458653209684611 -1.1865648779216658 -32.51567696947753
4.063103418502882 4.334469518045443 -60.66831364351498
0.9819406633776646 6.324991376994311 60.24203567539329
3.2448729856908525 5.57007007501331 -26.723852903319006
-4.002825998635202 -5.22202646159801 54.79770595306821
0.28978555586832 -6.628279278746585 -67.40265005466762
5.933672850092617 2.545548243243531 43.308605136223434
0.5796047149584279 1.856851108845192 -72.39815136052347
0.6186165415858118 5.970037843901418 31.655775717423275
-6.891022736727919 -0.4546901738983261 67.09764974019474
0.9533534748675438 6.549814297039226 75.25773083778815
1.2799082032276399 6.280431303054262 46.008769426989836
-6.56715582939706 2.0798029303139023 -88.1429485570382
5.339019980081869 3.478139067124371 -77.06335385747448
3.1722932293856867 0.6412103943049018 -81.45784427304417
3.527019758483741 -5.885744566645827 -87.11315083512446
-6.402763750699344 2.2073597045339444 19.739365661959308
-0.6673584491623957 -0.9840984637376188 58.68988942467187
2.847869377340803 5.248411686867322 6.971491854296465
-6.5655811902520345 -1.9583813372652636 -85.9257165355314
-4.807770379012513 4.179760909081289 -79.43743444660483
-4.705141282632169 -3.2122321057994823 64.38633997290498
-3.500614456773154 0.24639222030584984 58.33721655948762
0.5893863333641942 -1.6326372455064493 21.13363620514612
-1.1233263031815501 -6.342868011858919 69.28905434326929
3.340164404198717 2.3573706615649677 -62.817515404024554
3.576375681779549 4.805926656504984 57.83458829178686
-5.827493129126669 -3.30070626774222 -4.309757423868426
-5.61167123690596 3.562921518007775 44.65503327863497
1.8024694750230568 0.7971928340162977 24.775824852429274
-2.1345769972146624 3.166628359071252 -92.14626667476377
-5.337736389082205 -3.553932866044337 -83.53742828881818
-1.3588651694966325 -5.672227601454028 83.16505216731734
6.262685605800744 1.8808357115305478 95.87481195978107
1.9678140041422394 6.3551890376631865 9.772426135819924
1.3519258169797175 2.427180048507935 82.37914666850793
6.462233235024812 -0.1728909626562946 57.04121710510169
6.040581526918091 -0.8106236925399568 88.17960466051667
4.839429625715096 -4.469788370327562 4.8603063678292076
0.3175772500087879 -3.330121341481538 50.2947966657939
2.116720068845966 -3.1456663390779473 -25.77607347019926
1.4293848340079935 6.638165769580726 -45.14919209712247
-3.554666838661176 -5.592278243788639 -20.822707103924945
4.469413473034226 4.9004267005373565 94.07981590226098
2.7458490337835695 -6.2837787345754075 -39.47258955098527
-5.520146061814248 -1.7602360292044008 2.748677541814726
0.8000639056472593 6.367428187196376 -42.25128783156821
0.9525548846458407 5.399190444158098 65.36847852447903
0.09821125464938181 -6.533968841769563 61.873953539773844
-6.441557188197671 -1.1054674361580694 -67.04983317017724
3.5128354443460688 -1.0251487996927648 90.27166488504282
-6.2905719412353625 -0.6608490292401519 -31.16530619233338
-6.7502125850628545 -1.0789662860207787 -81.51738072001761
-3.0142311471055487 -3.33961931203596 57.55484450692937
-0.5081791567319246 -6.528464944380595 -90.48667843147753
-4.7003503119825565 4.348247630531252 32.7092236497367
-2.5669875841386527 -4.331419366274432 52.45602014069977
5.998968079529955 -0.4374505048121503 65.97022881051663
1.8144347425680225 5.370865359055496 -77.461924514001
-3.704919045877187 -1.9339113288863268 87.07570445968418
5.557301389820462 3.5878593702603374 -16.62166064517962
0.9113183793764409 -6.693584904731661 -60.98909411052865
-1.1241581700804553 6.490295130921748 -29.144570325691866
-2.0592463247726207 6.470900034265456 -8.751284624304999
-3.886648330853977 5.178141806766646 -21.580246534168065
5.590407757323061 4.020727633405003 88.94294587848263
2.6243983800945427 -6.183684665147924 13.579866463694065
-6.515147706329412 -0.8038694719274707 -43.55843271081424
-0.17969459599237536 5.328279536436336 -81.57503440394014
5.299400473867642 -4.327579648668632 -0.17351179279919846
2.712010709449742 -5.540683282912694 84.03712263367623
-6.306657919681537 1.0526114947374356 64.02651470718492
0.12862012256625574 -6.73008435322989 87.72445130607129
6.7366974561583595 0.7891236499813762 -19.725876490539292
-3.4291853276277466 -5.725072669518936 -49.72470618729379
-5.097835619974792 -4.488011945305776 -86.61804293179924
2.2587702060001114 2.900719204452258 66.2788392697446
2.859730105314187 2.411142313058601 95.61076860578014
-6.626002871893118 -0.40996933199752983 -12.771920161599779
-2.070644298577077 -4.022951268626809 -88.82710564003152
-4.4491471253247425 -4.38952950967954 -74.85872845253118
-4.513433817130642 -4.883449922137822 59.41649558938694
6.829053306837517 -0.2664435140705312 -23.880058668243592
-6.10762589916201 2.7609205649020616 96.09191508755073
1.9347017088695067 -6.430179243731387 -71.28521479302344
-5.29192323682334 -4.213523121624479 80.25278938309913
-2.9159461481231475 5.283357960267618 3.8572363441838085
5.652353856364791 -2.4504635305055547 -95.41133679296253
0.7985130144392343 6.727847306845856 52.693439462484115
0.3510887720146704 -0.1916999012760205 9.116717854612675
3.1230459298847815 5.6142332594166895 68.22913972939321
-1.595935963451048 0.009850156756071815 87.92899188727212
6.458049787822742 -0.9490622775797257 93.39519721354309
6.238110277788845 -1.791960357705261 -42.999774267964206
-3.394964221825932 -5.815502075734114 71.04717188341472
4.403413822979736 4.545248201441 -99.8903080020482
2.076494100734339 -3.2271187406645914 55.26112435403183
-6.088264109594614 2.816916012854343 -12.206424090742845
-5.276523257944041 2.2410129271236974 -32.58800722742711
2.066456576874271 0.7218421393136011 -46.66420529031936
-3.5790914611536793 5.2743295962544074 97.4472360495572
5.331748991357414 -3.970852070029774 91.56402374771905
-3.037562277055538 -5.9915510633704345 -3.9220094030471824
2.5329450905853106 -5.3017046692572105 34.72552681066174
-0.9458334218498273 3.1144699188857725 6.01068380512509
-0.8545539752606341 -3.711724063933156 22.266178596399914
-2.7068223772174815 -2.31022255274047 69.57638455543352
6.293056423835532 -1.881928714357534 97.57164763654774
-3.836001309231874 -5.470641401405601 10.392488041614692
6.666953763519741 1.0980642097381632 74.64861038161278
5.746861527200184 2.3216667471445884 -43.19486983605538
-2.9840010529385594 -1.2641757336618498 -28.80788186609397
-3.8557466180554436 0.7380808318655483 16.79490840020209
-5.828071989419897 -3.6485554899343366 -28.640982979498272
3.748290131396154 -4.568393845380162 -80.25864317442738
0.11436517991373274 -1.197584277362997 -86.98600102540969
-0.8958141179614416 6.439715611072484 8.607400529664057
-0.16638721729308759 3.2524758046992073 68.53951765644686
5.5242621857743845 -2.428844877558521 32.589342868412636
-6.189036395828654 2.1807660987664303 74.09492225408161
-3.365868917518755 -5.818460143552336 66.00546414081525
2.230730066523835 -6.095860763152115 -94.23908494610508
4.446955379299165 -3.1167019878104414 -45.91248009821899
6.324573386776963 -2.4228548242308756 -11.011582565929778
4.2007365397081875 5.305844653584464 -12.255220339489176
-1.50873732409307 -6.45056831677102 -8.42959928918638
2.80669644256715 -1.0869873234255274 73.4206883907047
0.8260257142129779 -6.004273692327241 -17.888597197353313
1.928522854442909 6.560976079935678 -58.7395529619243
1.6551696005220076 -6.559776413128312 29.587613352075216
6.406532214943982 -1.16824483502715 -84.96179196980925
-5.947409136596505 -1.626839203613571 76.39604046390527
-0.41779699967157563 -6.513632858216556 96.3928895041969
1.9764353136788928 2.3090258823553635 -56.850936915527846
-3.3063375240751944 5.756464165085315 -77.00385979300782
0.6358402431400589 -0.790355704322443 -29.64922990099103
2.0719198673956414 0.8753859978639263 70.320879921787
3.5755231666662253 -4.935251137653981 -90.63300639006118
-1.3704795645945314 -3.430435090266881 -57.37245872696722
4.575821959669638 -3.2742425079402677 65.71978124908294
5.612215017029009 -3.215256224968427 -54.07574877534908
5.064826080039077 -4.541023130137471 75.66491982370687
-1.9723101720853817 1.064326783290774 -61.239274619257166
-5.243301081840427 -3.9130614823731342 40.95432268626223
-2.7331263838722646 -3.8632364211055763 -54.00939381232318
-4.7126999867072685 2.0101135616489034 -48.50447987473156
-1.1575055788594706 -6.770419056441849 32.592453279114046
0.611360634476792 -5.9129112958539825 42.415971034316875
-2.6715212402628676 -1.461227020836365 19.552095329293238
5.998772014844368 -2.888615430744967 -92.13169646241339
3.050660570732154 5.839808506860311 -1.4538872577377475
3.131958993215997 -6.048260950724178 79.80757412611615
1.2216678958976617 -6.321924242720479 66.49110734732413
6.4322671949428525 -0.1531566069982697 -68.39674553070483
3.3365549363850753 -1.7389083508255192 46.193990039533354
1.1579920667749704 -6.4910999154662425 6.674777946635562
5.615681816928789 -3.493708963055436 11.57700546218475
6.228557882574919 -1.499582271122905 0.034019471019062775
1.1737558536921215 6.5627029203417 -63.72999818024557
-3.084637934125586 5.885255056570667 14.60233726430046
-1.5798233736050982 6.000931500036624 74.38673545826421
-0.2811756397877406 6.497744444506393 67.56467623671719
4.690299714818425 -4.3919129513428 99.93182161296653
3.367848494248112 3.6525569178558337 -30.301321546084292
3.2481847577736302 -1.558250319137604 -50.892518726358055
2.51080223270401 1.5310862151153726 -20.305004894504716
0.7765825195648314 -4.352307661902634 -34.77540338542269
3.6554250661081715 -5.708672329122286 -20.58732716187976
-5.511591230036499 -3.194697687644058 18.01200281777383
3.60994472807751 -5.930033953761719 -2.2806473336993864
-1.5145673087178837 6.2734587510521385 70.73938403049334
-3.250869319243265 -4.688992087639078 98.10042557810105
-1.0774168686361916 -3.6655292436007576 89.90430852125067
2.5335896009663426 -0.7436697191020069 -55.595874448620265
-4.680972218567547 4.497473908239921 -51.38567757609009
6.6383720466941725 0.29445702845216704 85.29078263945824
-2.3699230678047867 2.413046586491368 50.16287654251676
-3.6581486592571344 0.5680454026963073 98.22925160765284
-4.518800670629897 4.739849430658743 -66.27954009297247
5.805773521102 -3.2614212272826903 -3.907433687685838
0.2571344026171203 -0.5650712504333388 48.44404312647903
-5.520437114867689 2.499273694199265 -19.279068153327604
3.392770169807301 -5.760743455691675 8.589942758945757
6.5326285597721645 0.031100662334329315 -89.3744886992934
-6.730966598509172 0.813531713135102 -58.85782352486512
6.703546362763042 1.2242755264665384 90.33203040790333
4.597139115256153 4.962260729708421 -23.456407576459224
-5.959015754572986 2.4724385923914958 50.563528526138064
5.596181402606353 -3.795595477434252 53.72870824408958
-6.582745708181626 0.22474519333163523 30.725115640961782
5.160502768894578 -2.890504341584215 -70.94211646082545
0.7904194755429925 6.2377317606226645 -70.07242546551574
-0.7629554794407827 -6.453423715365121 -14.705357889010996
0.09775477604420055 6.748567129796055 -91.27126596235004
3.1485338649445054 1.6125418612747409 -74.8603163869663
-6.892119583577811 -0.30620336873019005 -36.39906042817415
3.9475097287088174 -4.610338938791782 61.57042961605522
-3.3008465032921026 4.639852176373987 -34.28317998287881
-3.683903010919006 5.181130663941059 61.072711246169085
-3.719424020507605 -4.7557585325524805 -17.287974533773003
-5.82522264626644 -3.695701798527853 9.253457317065255
-6.15086638030011 -2.6187718927828856 -38.5815364020027
-5.300244068252461 -3.6946104184418314 14.746826581181876
-4.157562509000656 4.374083507475948 19.462746248491893
3.8949545824729253 5.185990109380746 4.031881982327916
-6.168494459878755 -2.6741487806781694 -89.27325139957485
6.782088684778008 -0.9059190321193581 -81.7625628317855
5.561914994068292 -3.513801075311751 21.432571197638804
0.3349129733097351 -6.266425833744285 -98.73357018359853
-6.871016130447846 -0.3949422164556464 97.26527610517974
-3.2627684021247663 -0.7449709591497589 -8.83783476825354
0.19253420957784712 6.443921864183264 -11.076687115311596
-6.164247855241183 2.0581766426016976 -98.90611342211919
6.304390784741741 2.7329738314340277 81.73417310370195
-6.7556683250019605 0.1492441219837448 -40.7830110747973
0.45193379874826833 -0.0653184878116614 -35.909420028771436
-6.690474320239021 0.7258709617147019 -85.12054877577515
-3.3634335773004347 5.614378060829405 6.77043030700831
6.647971779680344 0.1422114221494907 28.599545045068677
-5.750736761333337 2.7763717595677946 4.046597401881129
-4.423835801636835 2.8148859157324493 87.60169059653421
-0.2365429938598977 6.3750459358986316 17.541952547328744
-3.207766407043237 -5.964460985373265 28.32711957427379
-0.04860038965185226 -6.494999672890865 -5.255565969884486
-2.5625348046457543 -4.255426231946797 33.44352199080941
-3.11897093653831 -5.855880644094785 -27.135545101649413
-5.477826143707449 3.229713988262917 -56.465385024315474
-6.395224452493324 -1.7315171446087265 -46.836324669140424
3.288041511601108 1.9456336890447454 -34.00902306323848
-2.775758439640793 -5.77873002074655 46.58644656161023
5.642576849578521 -3.107366432702274 44.558118381244476
0.39866617569657603 1.4003773067792968 -50.299303279779984
-5.783935160835236 0.02675072818655372 27.324405301414576
-1.0972234358791677 -1.801788347797203 52.41853627557929
-2.1452309149920143 -6.517282120899933 4.751789490184115
1.5467348447496587 -6.575539651764627 -23.1832649790158
4.459925514833753 5.017166658128847 83.88935017739037
-0.8302457446558581 6.75456100899487 62.50932186642486
-6.822089499158975 0.05494816880618031 78.74093223007827
-6.238645971569164 0.8419096796598949 82.43223659885075
-4.187596878001214 5.370386290933103 79.34888749654152
3.2606952945610344 -5.984018372518551 -58.500317361711346
6.657772452785306 1.3383734059995382 -35.14210452154323
0.8262489547982504 6.218762530918446 -51.05794798816321
-6.459950718419815 -0.9531388145741696 90.68526505660355
-0.520921167451543 -3.553358166739802 77.35973070877908
-4.432217380380313 -4.870725992744395 89.65126162984821
-4.039657781990773 5.168373100341805 -31.311175401030937
-0.7605028776318797 -6.264289614875644 9.939510649498215
3.221392955469661 -2.812866518780996 2.510264131592039
2.121036411493557 6.520130485208345 85.73703771093233
4.237812668533008 5.142294356148821 -91.21448546432076
-4.998643337586137 -3.968130356644541 -69.39376719549323
0.475112482910471 -4.81532538351501 -85.85720793006816
0.5283539265087887 -5.12430683167077 81.1539066920299
-1.664989940109079 -5.5896722969131245 92.4109201788054
-5.528305086919389 2.3531330856273853 -81.8017906355994
6.159410274855278 -0.40275519698549656 -29.561772324828897
3.617624747072918 3.5438026660296895 -45.905213254059724
-6.294436143744633 -0.6125653174191948 -97.79491655415849
2.2185127772027102 -5.714670523759337 -65.16375483555028
-4.044658367992257 -4.469763476258988 -35.29826267442209
5.1297629081063265 3.8993296029201296 -32.77205984838661
-6.372065933886091 1.9122156818165768 56.320079877814024
-6.496103994506063 0.5266919025997493 -0.22183987246369546
5.868072717457932 1.579525790458825 -25.863875915499513
-0.5778573078985804 6.550534912678712 -23.827660328974787
-5.123436451100686 -4.334990704048812 -99.09263991665198
2.3724963939858075 -3.013048691285507 -6.676699976057862
0.38976084279098444 -1.378915490441035 38.84257371375564
-0.6676653672084689 6.569522804076086 -47.81582455759048
-6.237227005772661 2.3873559676131335 70.97360835275826
-3.064060637523437 -5.913639530597825 49.57896086819467
-0.6045674457305681 6.548008595653854 57.16032441424757
1.40561064619863 6.3141834306298845 -86.14203296648124
-0.6614071691052096 -3.727904356662203 -96.61319140852108
-4.454145562578065 4.700629006228416 -88.19270028634254
-1.248748130571237 4.7794281393323566 -59.59760651272265
5.678629923911811 3.52218400748181 23.589934607348138
6.361967637041436 1.7484841459700537 -96.08469743005584
-1.0598451632508195 0.18342149064205593 95.64150358552412
-5.89821603539264 -2.639311418598025 -72.03454383250131
5.553548942987137 -0.9729381649538488 4.11689548666364
2.914586086946854 -5.8625001660050335 44.53887381740228
4.920354185553496 4.299412337708437 -49.34877469480283
-4.3985214105600186 -5.206634531753104 76.61557944089421
-1.8465161788008502 -2.7566854197610433 4.49885616897358
4.098248110833575 -5.187953057283523 -32.397270344898516
6.386752291164124 1.9697334305678695 -39.13223651980832
2.1325464375217766 5.090116808354894 -18.723580788147977
6.576376207642292 0.10637995591898142 -55.789085088409045
-6.364075852824192 -0.9049421341911092 21.448217054088662
-2.3768360789316145 5.806051190562808 31.356846476944213
3.091831483295712 6.052765023053656 27.782546604931742
2.106030602151217 0.02309541088348621 2.8394842251497145
-2.452522258421397 6.252893207453464 -63.75359873626196
6.213336999930265 -2.3602061854017795 68.60115711474904
-6.468135737196727 0.6686221417663198 -3.645423598907038
0.22445787959900937 -6.558793718156649 -49.03587444570398
-6.477750940559136 0.8111241824204938 15.270941424621544
-3.8066313180315166 -5.573492354383502 -42.67617180042845
-3.6422669426332646 3.5583357107602374 40.42538493985103
0.029090850081555514 -6.59387842305649 53.25005796034795
-5.950383353534419 -2.374416328798621 24.790631344514043
3.9486165061774394 5.081895583539873 65.03397949486741
2.804613046737024 -5.561212881781907 -84.1667784441269
-1.2579076344296392 -2.7048271774649693 7.8107503169896715
3.840040544418536 -4.966073818695304 37.81657960306351
0.4308347497791606 -6.248462116103249 49.73319992307757
-6.167359005477635 -2.4207068047200964 -50.12490528600181
6.436347108841065 1.715990920674306 15.257132811244826
-5.997380900658114 -1.2083046784222924 47.966630438513434
