-4.327998910235225 0.686798345449994 -33.89954226407506
2.4156352029139248 2.3756652973514965 -85.21835151577662
-5.518937643742348 -4.022214076921667 95.15525864178659
-0.5451382476267741 6.7528547740039215 -4.827108072892392
5.859672699473537 -3.154778975038941 26.479526008224905
4.271027689427802 -0.5003007441673194 51.9081813468656
3.630084282808955 -5.235053783691345 51.67632386213223
-0.4035267370800101 -3.9416327696593876 -92.298112961785
6.839477391508909 -0.9608803461763885 45.55235783461639
3.28989312642021 2.8516513677045445 88.6923210643518
-6.1625769852628745 0.9733658977207791 -8.43552613305945
-4.0500811454607035 1.4868031212747963 -37.44121798312576
4.17126262100459 -4.5847931959982615 -28.35410925162637
-0.17686090646381497 2.8296109854897296 81.28223156398597
3.3778225100676504 5.893541915372237 71.99380367404962
-2.4671725055892164 4.755607944485968 93.12032253604137
6.350187048033911 1.344494792518617 41.265122084779854
-5.177985489650665 4.486791246281111 14.500019028635048
-3.7072079629396075 -5.520328745775633 71.55677235279678
5.416965145917883 -2.0439020572357363 -71.47426975471386
-2.5638814256770948 3.4589679323198257 72.01203720797704
-3.5737004260665373 2.265432946202351 -95.12473427828212
6.140681328953103 -1.8476381340908639 79.38862800603233
6.503513006806027 0.1381135940099838 -99.21438895892712
1.3914851375217974 -6.518118248726441 22.569667735031132
0.162957738953186 -5.866842844036436 -74.87624227563842
-0.6402334940941696 6.647367907991027 79.4780392786619
-1.5767652542542532 3.2702104582850002 0.6608026376197365
6.015504053126184 2.846643625699284 8.928039974083664
4.349535393841704 4.955284615792418 1.0708828505598973
-0.128975547155871 4.246577378608633 -55.32546201918568
-2.235363057229176 -2.1245901368281004 -98.80935798481592
-2.9137559176121433 6.1014248758784495 -90.82654901901671
1.5820193977981003 1.192704656678554 -90.39159744218976
0.19040664075080033 6.557802682256406 27.292564689573272
-4.188507188516815 5.001517052279199 42.90526095073204
5.463676362033839 3.5419704550306874 -54.91097598771592
-1.5417957760018528 -0.01920293761874131 -31.233347637271976
-6.5589826718620206 -1.0037997371857865 -22.44141598258351
5.246016943813036 -4.399687185308933 -24.688542369001638
2.2814748564800955 5.910616277634261 -39.06912440001726
-3.525092575816236 5.622050461551068 -50.94675193833072
3.235984659397337 -2.9506496372451236 37.88033378446496
-5.066748794347594 -4.486780518817677 -32.149302874224574
0.08095832200293115 -3.9241493541781036 74.35936749145527
-5.736191417096581 -3.6104006273010287 28.76723171964506
5.5344898435352095 3.3393077476380206 -51.6339236230174
-6.322710388185955 1.294977515248498 -55.222931845874044
6.349571862329618 -0.1434322131323231 -61.39201030049488
-2.986510612522823 1.9333713048553278 32.964541641273065
5.805514815288319 -2.4246881934967806 -74.67346448026257
-3.5504701912496714 5.714466506814832 -44.9158781402669
-5.8290003210434085 -3.4137248714197246 -14.345816052566914
-4.920268907050837 4.490566694789694 -69.75311034423409
-1.3854489321239079 6.300885231492708 85.11457645347427
-6.260643532864933 2.7487273448764795 66.45043803875899
1.8852447087724649 0.5514084358959616 -39.60858549943136
-2.916338677124269 -4.490302143922317 -87.71071357956781
2.37739108941443 -2.168792177811409 61.510233123923605
1.8164097662409509 4.126221921808879 77.28529537096887
5.956235364775574 -0.22985987664440244 -95.38624417160834
0.2700595018410716 -6.1777314455956285 -42.39187598000212
0.7310174234993678 -4.32376218383602 -20.1670233072297
6.235025276320345 1.00486565462622 -33.88440735007852
-3.1122598833692128 3.7438370939724974 -12.902180192506922
5.834095508200562 -2.824610506395238 -58.87110829762778
1.0302120322358137 6.270160708752559 -66.09413464651406
1.9649043494559415 3.322242261936649 -92.54201884049424
-0.11545737873168999 5.319745510238821 -84.43379075373518
-4.1004782783697085 -4.607852150026928 7.672529454458694
-6.156653403912795 -2.25682659620657 55.34444208282911
2.5165259085370755 -6.173610152046563 -36.420273171287256
0.006943908732281623 -0.46908861286254416 18.12401918443195
-2.409315620352035 -5.941884145497855 -35.23506902532019
-6.437315409044375 1.6147019595714656 41.32217637433992
0.32821586536606573 -1.9043482493284138 -62.45702260867303
-5.791332816602487 3.2140007516463247 54.23014082646976
-2.0766575334802386 6.453194970903394 23.464004010930733
-1.2215388079294165 -5.870056919876782 -1.88441660813025
4.634721052391848 0.10515870478816931 43.463667985955794
-1.3375999539344932 -3.4321338732740885 11.665793367788886
4.628003332303628 -3.0636815681823073 -11.861804337857222
-1.0271444652793724 3.591631364437422 87.84039819566674
-3.2514893839675647 5.812243929408907 64.1076538751412
-5.945844288584217 -1.2451461121235206 -77.48524085785162
6.03708424363054 2.874551107790023 78.22144662119783
4.84843085602785 4.191066918386622 46.000243160255394
-1.0200303875209398 -5.8959325374647875 13.774106792259321
3.380851978319608 -5.545131831802513 -96.72337706993756
6.35216621073423 1.539747230476608 66.49825335446647
3.9819882088939136 -5.359486456666078 57.8083047347082
-1.1190678595999182 3.0451765787029244 -80.30498513472425
-6.262715275834549 -1.8346067742731589 13.660968935966316
5.822120969320764 -3.252759786172876 -66.91192967863053
-4.305690484029764 -0.7066770369065041 53.553520116098426
-3.0258486090946324 -5.7774916649230885 -24.202684340185428
-3.076179822484163 -1.3199165584618018 -83.02466173117531
-2.281646125835312 5.883151170100569 -15.469215197412215
-2.1785027005894295 -6.484992095677116 37.16931802517357
6.218867216214862 1.861700954696562 0.7438874153389836
-0.12241441421713273 -0.2593828688599146 78.1710346116975
6.020104318260799 2.565332935559101 4.557970887469756
-3.177629697009585 0.3505849304273483 -65.80573796139744
-1.8559340013108814 -6.197345956912824 17.146200819651327
-6.654678484328987 -0.6027284425494488 37.80128073348719
6.163841569841627 -1.7412646315409426 39.90288933594463
-1.2262379718253442 5.547885717394332 19.799117358868223
-4.049160692693639 -4.729115643936318 -93.48698785486475
2.290862895038527 -1.9117219498988403 -70.87874585821997
2.62505213924495 -5.611702040217657 54.4732908906493
2.968975445426103 2.640787792143501 -2.1368323851504085
1.0945582200898392 4.016196855782495 8.611858433641235
2.0885439718720447 -2.057322980504674 71.15539295917581
-0.05793050378103094 6.819886581371084 94.0990242274784
1.7285630815801512 -6.279170566576242 -52.37781849026283
5.8778746615478 3.2748999689730707 92.86829744334322
4.245191872991375 -4.815355598644587 -62.18572479184686
-1.9434304248902623 -5.37621304904515 43.106202239360556
-4.56292291901489 4.937590726670428 -37.77273046369664
-3.9191367493054763 5.213076825885774 -84.43602581697951
5.042032517018141 -4.188504009958557 12.686672930123791
-5.556010327664042 -1.359171628382558 0.1169513886628234
-6.2632085984873855 0.9840008856348668 93.58689110816849
6.507826023217519 0.29442937515755396 -77.20558967403589
-6.108775781741593 1.6089598165115162 -78.54851946225409
-1.8364229582543024 6.258980225146716 49.327203413128956
-5.1496596706396796 3.9889517103340735 31.3136027416433
5.956675007523517 -3.198262179230527 52.804457438869136
6.307324911580093 -0.853114256562631 6.8218474979357255
-6.277921933660288 -1.1737352102795362 -26.39594058143276
4.9873340281949305 4.567097565821205 12.238746849831118
-6.460050847575753 -0.7692244047448713 24.1558404330477
5.250495072378981 -3.74888709507658 87.03404647174759
-1.2555356882508846 -0.932127441777969 45.82487298435989
5.519497482726059 3.5058116026711623 27.084449784887134
-2.4788534659788066 -6.476971093291435 -66.48270418071215
-4.078927033660455 5.158148073447076 46.507808293929465
1.5554389446002834 6.801406553655326 -31.35804118141879
-1.41182998026542 -6.539216570891194 73.71810332630706
-5.85511583613185 1.2231054698877537 -51.24854208640338
5.990937973346631 -3.362383475865593 -37.86183423274785
-4.663923122979996 4.906279767073255 57.00180345664944
-1.7025655907497723 6.436500235460061 -79.95873621192852
-4.417300905108945 -5.109715110171296 -77.59040322757406
4.19650375169078 5.03952673305347 -63.292047801758734
-5.072025227679396 -3.578450069966392 51.346230816432715
4.46025834812685 4.6279551689066 18.85542048621105
-6.548735781328636 -1.4756904663204529 -63.13887570637459
-0.6046632198166895 2.9337229116175982 -58.959881444094265
-3.4092809779036957 5.302376426292767 -94.25902696336045
3.695991894340127 4.851439162288253 90.74099972054577
-5.163504617990639 1.1001739303737668 12.799747234778458
2.3674780068649723 5.25579982852288 39.01977543213582
-3.048886227887899 5.806814868377631 -3.757819899181353
0.8071165759408581 6.839989672905213 -98.41170836607105
5.69270170255707 2.523427943647901 -4.262275150562541
3.192655786582203 1.1427411083653647 -64.89589997978105
1.1937899833653562 -6.339340670482733 3.1983685756612203
5.940817336731172 0.6574057533710396 12.23160120005458
-4.843826543074003 3.5975579870524284 22.385910622871652
-5.414003362213273 -3.6555042516747656 -57.379640471327605
-5.98599406994231 -3.3377558674165013 83.53101455489755
-4.708270215302594 4.626175908818598 38.74469504382518
1.7280690048930563 6.265997513151447 42.520315725517406
6.202568544012665 -2.4596573049871866 63.7216487959737
0.6089748694117001 6.644215985514209 1.1132836673887812
-6.635756560401117 -0.6850702989712334 34.34989622416525
-2.6866979843987364 -2.0648731212871687 26.750643143333484
-0.3343326661570174 1.4531020144458067 49.39709539513495
-3.356672107924838 -5.082248881667132 79.47501865217713
1.629636342331291 -4.857256527482586 -24.279295920700378
2.8140510541734587 2.6487867784937995 -51.029341223752354
4.491224834849526 -3.6462121804274505 -8.823419783334929
-4.483978184434481 -4.618156167772236 -63.55217423708884
-1.8225279346159458 -5.563970870032582 -95.98275966768773
0.7975941731432116 -6.693036080439152 -96.22533251714522
-1.972958615501626 -2.98126881366481 39.387043230077765
-1.5415677438277753 -1.24912400454744 -18.21907818978528
-4.379689065523301 -4.742748453366356 -7.396506938703423
-5.604712086306723 3.4400373758711993 -27.944738639138695
6.006476060807506 -2.827540130227647 58.19288851522294
2.118654775948455 3.238944675082265 -41.13895781754457
-5.218592792306209 -0.5032502752250817 60.25947170613154
3.3893747505938894 -4.354548889289816 -78.04127654576526
-4.672132361748654 4.710609754075314 83.85487120472918
-2.036971813738042 6.40635205909328 82.18124910723313
-4.775973904333018 3.7615483204214377 90.88478687589435
-5.625603493901449 -3.555483594262302 70.42992175124817
-6.104336794037942 -1.459285113731525 -33.33226847389451
4.370075010227725 4.82723665963349 -59.91667428373125
2.378640364449694 6.454648223675869 60.30477592157687
3.1336539691271015 5.949057921463557 -26.104982535587407
-2.4334188110890587 -6.27972740711983 55.207610182637175
1.2725917537567317 -6.682590935334779 -67.21245351473652
5.162627801321544 3.812396916930558 42.53315204261719
-6.615461414854181 -1.2512840612893523 -70.86237491160243
2.0653389921627925 6.300332809527769 33.69889793796656
-6.597012461142964 -0.23597979406202407 67.65358409711722
4.0573359263224935 5.394364348048615 75.65103115809676
0.26561960178696087 6.569522903449172 47.44967703562405
-6.7073620573467005 1.1292990876296474 -88.3894399103276
-0.10998817744316935 5.617074687197539 -72.90158567054604
0.20972306127575843 -5.082638629827633 -82.10380003095766
-0.0291540264701734 -4.779875069587922 -88.96197720113301
-6.522964720858778 1.1812142547902968 19.065886983008344
2.102309223392573 -0.7513484477018949 57.1845977875694
1.2055049349405311 6.1950944127587055 6.717179535593798
-6.34787928491809 -1.7444613434478624 -84.87345641985863
-4.940102498705775 4.183697845610205 -78.71776439303882
1.15056443578285 0.6398379440566923 63.52061115478252
-2.227669352673757 1.1988893668346086 54.79293534367021
6.447669479439241 0.036333714166801964 16.809486747811075
-2.083701681586438 -6.289446716659002 68.3829011613446
2.111752118159243 1.0738870059448604 -60.3905690931894
-2.3838671155358595 -0.9418806138705045 51.679544344862265
-5.38502146204376 -2.6825975655715437 -4.997318995227349
-5.80983603976784 2.8266903934426018 46.32305082633292
-0.02853104187189137 3.1790651330304 25.961612412839873
0.9771013789518311 -0.32860037515070917 -92.83480614940461
-3.809335542171594 -4.564148685728191 -80.71418327189218
-3.1374905930089376 -6.054825630151697 85.67484097607236
6.152258621486691 2.079797863210674 95.51706566762466
3.8658240444674665 5.454259459199079 9.3721053260087
2.02681450354023 5.720007465924457 81.06691570817891
6.274565835041777 -0.8317337882591365 56.289186471373675
6.391930617255691 -1.2377723569565406 88.39527439187138
3.6923501911623946 -5.370142092492036 5.033983527484639
-1.4789998056233882 -4.602051313309394 51.30764073829414
1.911741624838934 -0.7689613501607508 -29.511231122879185
2.730962761028008 6.064117313926475 -44.23452431163657
-5.849764156419521 -2.9834776143462034 -18.530067234313233
3.702543357460546 5.144508200349163 93.65067252872787
0.3407427410170906 -6.58597036403974 -39.090397387427544
-3.427342327486237 0.1516079827642175 7.6863181681745365
-0.23858444319599548 6.6997448649307945 -42.200281473681045
0.7995647598645834 6.345996455647561 66.30147858836916
-1.8385214389140785 -6.023712496885285 62.011043906968006
-6.4654021081900375 -2.1036766257402886 -67.94797542514775
3.9088005722329067 0.9473545890866903 92.47500973398118
-6.537915226677844 -0.9387810452230119 -30.499009406552876
-6.1024036874178815 -1.6385730985678106 -81.72875910376523
-1.9431379090290681 -6.318351713326499 58.264656594817204
-2.377891405488512 -5.807268651360491 -90.96956895748079
-5.131113033804546 4.342311905013974 34.86668035038414
-2.776200747271724 -3.459016234205845 53.73830019224638
6.045871491310927 -0.5434498501945962 69.25699183302925
2.5229411077914143 -1.6106409049803934 -74.508574182152
0.08031009280241744 -3.3400703613377094 86.69739082722465
4.96307736076254 4.166487816938214 -17.241669497629186
-0.5887791165867985 -6.438499607458066 -63.93654504416239
-2.422276334722663 3.612481446583988 -29.44364318866379
-1.7216319762980479 6.164461399193865 -8.88807189717008
-3.391400137919568 4.938033489000198 -22.765327958571994
5.820021301092971 3.808876243077548 88.82095183080406
2.711993737826357 -5.972509029905445 11.761592219464355
-5.7351187981766785 -3.533016136093381 -43.41047706472535
3.434557889934444 5.7462749538631055 -78.18942427878346
4.70832672737608 -4.722595305335608 1.6775071373107742
3.0964143829226596 -5.5230643057872815 85.36922899645141
-6.76608462976386 0.33864245894360495 64.55794438134079
2.4229604447215665 -6.2137048004487765 88.30551153670943
5.609727789231679 -3.348812496970605 -17.984802968656524
-3.5049834506525457 -5.596739475923409 -50.30419365078085
-3.9523165415251165 -5.509978013903487 -84.53249768283588
3.333845556154365 0.22790233778379831 65.77718391905802
3.669142990160663 -0.037487186567819665 99.68450035149661
-6.345508764642039 -1.6245874254669739 -11.719487225992832
0.24913704309513185 -1.4946153455645312 -89.36423044147979
-3.9940903158490206 -4.754780311758312 -73.14255181738892
-5.618837979064878 -3.7165229910945534 61.88966018744869
6.622486721320439 1.112747371028255 -23.373669272786017
-6.401847312970477 1.6401607581578461 96.39555713509604
-0.22366484568364764 -6.76755902382149 -70.8362923868833
-5.505331666524042 -3.528203249428853 80.72499269430682
-2.232167494172809 5.884562632293874 3.1842423829594266
6.108563179255096 -3.1148888155313386 -97.10439268626588
0.026473971509821108 5.891020997370417 51.90648295515653
1.889456585419341 -2.4391780908761467 9.447923082234679
1.7593623238762237 5.529140599367 68.88248660210682
-1.9778314106526222 1.0540391020648618 87.07869351737895
1.7580308288468796 -3.36210882276438 93.40579856428589
5.78246801659447 -0.5610082190465442 -43.07525636512795
4.979383124257895 -2.333601229793273 73.5096953568505
5.289197102752749 3.829280581760351 99.66522033913252
3.6837948670755467 -2.30491823637912 54.72804673068779
-6.601340784708498 1.561226739138935 -13.44541552478466
-5.665440788097095 4.0636975396868475 -34.5824427296805
2.5537448829510767 -2.6930948804049146 -38.54830951042012
-4.381793115118029 4.437004058894535 98.008208975871
6.078692254333366 -0.9380272390249375 92.68025060816046
-3.3682991702336307 -5.517493517984096 -4.701922536038386
5.237350173543042 -4.1767233306843545 32.3645529234122
-0.9149789472160239 2.8401435285036136 6.296596829575249
0.49798452685845407 -2.436371297801159 21.88649809965193
-3.333822648801426 0.4794206823598437 68.39472667788982
5.366746547850086 -0.6608179145424703 97.56696367701429
-4.068600675660908 -5.205442780101826 10.889441590509033
6.671182704221444 1.0519477717239145 75.4249813065865
5.548426168381292 2.91615404614412 -42.771695123759194
-3.285642735227968 0.8225146936504207 -27.19993180796547
-1.2912134534076933 4.206545582326883 14.653084759553535
-5.187819399860562 -4.133892299721421 -28.600660217941495
3.114290164643448 -5.390058005018851 -82.96535267609273
-2.771205353026719 -1.077723823416061 -86.66889625494936
-1.217984304596344 6.731213377153474 8.464827452952004
2.9642344658576003 2.4848656928976167 69.06270951043831
5.755829980998963 -1.8171551566588273 36.7113608818261
-6.528391856265331 0.49764015651593874 75.49340287381615
-3.9313276168092495 -5.573229972548641 66.25248407602068
3.06714878917051 -5.823564070059511 -93.85595080185246
4.501912035118217 -4.164193323841335 -45.71472321590147
0.7537608562489163 -1.5704780930304019 -16.42815428248156
2.930688568283185 5.928657177025942 -9.808892027972623
-0.7573490772696452 -6.276794854027843 -8.140005163390686
3.6836966196932464 -0.3070929388530319 75.30161202060185
2.61954935830221 -5.968244854424828 -16.132202110291118
2.000542021701341 6.16203859133676 -57.92874427539086
3.3017759898848253 -5.75166413546613 30.183181555929337
2.305383533672453 2.7256989583248146 -82.00327044719997
-5.720200356862267 -3.102721448375212 75.55643301159526
-1.670748793108378 -5.985332619786419 96.18933589305782
4.00108074993892 0.1961334537444574 -57.6201599570966
-1.3085570185234896 4.462019039270449 -77.63349561820087
2.2603115362128445 3.5787847909668895 -28.655650144121577
4.663530618751206 3.5913590448054253 73.36928374139394
4.261576633807243 -5.196548530884923 -88.73053538925801
-3.1667919904425466 -5.910668608053515 -57.711756332709015
3.9207256332205254 -4.950045407626056 65.3734654388361
4.449865393513074 -4.898887968375831 -56.145793074978855
-1.0765336137365056 -1.6963296914212815 71.48655244416321
-3.9305762866150697 -5.3692539150087315 -60.77144832684236
-4.720024525527155 -4.584272483835648 39.008363634077554
-1.9082727149769712 -6.593333379833083 -55.18951727253462
-6.196135948930744 2.0660510338134634 -46.58533551836741
-1.1064438612747964 -5.59478264589763 34.242570492032115
4.329011054638515 -4.97377080687594 48.315038845503736
-3.3780204990985347 0.597718062518017 21.555633727721105
5.3220543648110255 -3.8742742813661732 -91.47738753099561
2.3856332036483208 5.7543281974689515 -1.3569650213245446
3.1166947301131698 -5.612215947533098 81.90478457790006
0.045045191225930564 -6.669697513498279 65.4460593962905
6.479731434955994 0.1274905459673749 -69.40758052936691
2.9677164574357997 -3.041404397080166 46.08479013878562
-0.07751329347329927 -5.888781498773449 6.0066094223814135
6.4565363511034715 -2.142184315363676 10.105206547297868
5.878287945141872 -0.9661049016878857 0.6994878336642943
0.1477463897745577 5.6247533313139915 -62.284131187242636
-4.3706000197205634 4.378066745691141 11.7741123991485
-0.985579115616787 5.403952737323253 75.972359004967
-1.8840106092107796 6.180183746424864 69.53671506441114
2.7919309473454628 -5.8437084170017926 -99.96542771374274
5.159739567065323 4.197221201931619 -28.59868012662249
3.852473561101567 -2.785518803193408 -51.62036092464747
2.72999731950799 1.2678577305484917 -23.048678821061927
-1.8573281248507285 -1.0545844667705324 -34.47885860530542
3.4078368779102486 -5.7881047799382594 -20.814930581223678
-4.724861763973859 -3.44288176412439 17.75673240232075
1.2129552342815049 -5.942646139609772 0.2811417150800861
-0.22984550221110395 6.105134119583624 71.75654657420962
1.17854230474642 -3.5498591612740347 -97.32717210444316
-2.5959420624656984 -4.011277973181025 89.52809147313839
0.2600240422003782 -1.331611350445745 -50.524000037192515
-0.38720982612082083 1.3518706598644137 -56.06128398336623
6.673833677104491 0.7625136847677472 85.97354475149312
-4.140736964585541 4.765823991898015 51.02502075136504
-3.48789826914577 1.774944953451031 99.15155037189626
-2.7236678541312522 5.476848672630797 -66.44851685380581
4.160683362319527 -2.087128696602149 -1.8371605242763294
-0.46076508889961887 4.386228712410136 44.914051330184854
1.0189989663872328 1.5164728014061952 -19.22579618456447
4.160960318870353 -4.102420976454006 7.731667034179151
5.799025076044545 2.370017855029076 -92.94842353802211
-6.70641835520446 1.2992974129118358 -58.08232098529191
6.637981000936478 1.3414403096936431 90.22609073013284
4.802296853862047 3.649567516752085 -24.229012207894943
-5.733089264034645 1.946668400506192 49.87058131885316
6.6172827277104345 0.17705241451571077 49.966965395014576
-6.644213668535179 0.6308911947731387 30.16084693055039
4.269266163882655 -4.820537001016625 -70.71146443410657
-1.4508368738677324 5.872943103317051 -69.92622939480283
0.9869412246436591 -5.884002981721994 -10.751915846852263
-0.5082045460830791 6.572802441674651 -92.82783723958647
0.8827114749375096 0.1372605724108289 -69.01223425330343
-6.572618053122624 -0.053695651088614654 -36.02177165027316
3.5991674467725208 -4.818024060716562 62.04353084667406
-1.5560017482647925 4.146115919474668 -35.074393262434036
-5.746905213117317 3.016213864722771 60.80731886681936
-1.0133869237078754 -6.159132303742934 -16.749969862069307
-6.3438518183106165 -2.551327395871314 9.904863683435417
-4.515635946129136 -2.847563382890549 -38.85793982582255
-3.6884801885543514 -4.561064149810578 13.827146785274802
-5.031940342466217 4.205694140906497 19.516599700796995
0.6743690630459452 4.250310111108621 3.4540052828988665
-6.478700560654059 -1.6571834794175686 -90.04606831651718
6.48234492772816 -0.29832779622272304 -80.6197845366294
6.236797894695025 1.3180066273003976 22.918677997022456
-0.28158340929481973 -6.28331539708073 99.8979366394925
-6.409044919914174 -1.6913211337480196 99.32756868882218
-3.7383275482049925 -1.9981569320048755 -9.545410486292365
-1.1539520503536715 6.305644144381221 -12.614787664626345
-6.328740053795685 1.8461793000178934 -98.1337246155833
4.941068465914147 4.283376222634217 80.39622832862094
-6.3860374548490775 1.3585497860384854 -39.53880588188948
0.28677735491803935 -0.12067044451374542 -37.28142881086564
-6.648675922201877 1.651789557258662 -85.02319487692434
-3.6973694713119936 5.660746967305041 8.833493322922815
6.818082905191305 0.5062078472735315 26.867799958846902
-4.426245049336415 2.260119739864485 0.6920596723638153
-5.69016286617282 3.0980531120153096 88.26076306927129
-0.2587415686479335 6.706194599110698 11.599995307195869
-3.2601283410173942 -5.786635359865647 27.204190392445465
-0.2115193677286461 -6.741608614444015 -4.834152219231618
-3.7083207217791756 -4.847102483823419 30.885245836366845
-2.314234733785217 -5.178409830177715 -29.713215770336223
-3.9498626117707936 -1.026047124012123 -55.8024429457839
-5.9722346329844935 -2.369152777993761 -46.208848325902444
3.1863009902721156 0.1270815943486699 -35.50523872632967
-1.3360551527335762 -5.664993840592657 46.23394800406166
5.071004264870167 -4.455147524609572 43.888541117554766
-2.735015480624747 -2.3888499121142104 -50.80145242770534
-6.192689865104302 2.633701955335141 27.261080444761728
-0.14461478511614584 -1.781205483522561 55.186498325802454
-1.7734594185422015 -6.46096632623937 3.4942694464346085
-1.9995997154525107 -6.2461098086569695 -21.148011096231986
3.710618700808668 5.572534334628796 84.07134089453858
-1.0056837089497401 6.703791231086211 60.48697354219222
-6.361722195407516 2.2565619284886953 78.97886710382105
-5.311497632360643 0.28386890989030283 84.78766820202581
-4.429692596585971 4.945586255802978 80.40740092204068
0.16207682314130384 -6.166659443271631 -58.163057033252656
6.464004412789009 1.0218996431466882 -36.69395449607669
0.25102893480022104 6.6250355563651 -53.05032999921932
-6.859703645482113 -0.4474440455619872 90.71556125114927
0.27902987780591104 -4.271044137184041 79.14697558711357
-4.875975858539309 -4.260530254527989 91.42550428429962
-4.291769847791827 4.7911398418037825 -31.783215910654597
-1.904466391087398 -6.131568193345636 8.75766957310181
3.040002275832442 -2.366327819095205 2.712428412637535
2.1558834807611365 6.099535294499736 87.88206147194308
2.6097793463299115 5.76408550496984 -89.48183763383804
-3.5001458067166107 -2.5693836519940834 -71.01972179040726
0.6250694085170515 -0.4806242329189474 -85.75805176558701
-0.745533590305655 -3.1885660375712424 83.93183160426507
0.6349013244307931 -6.787381156609672 92.63621052869273
-4.758719992996638 0.8694471560137524 -82.44305716610197
6.331002003623223 -1.9597718042565022 -28.753491375233743
3.9348994066474487 1.421640894639257 -45.33059970909568
-6.24176566851215 -1.3916923491541542 -97.52539155345049
2.7827977709955305 -6.167303869566248 -64.84641822618471
-5.0701194415326984 -4.414021418579608 -35.89280424865572
5.743056067390125 0.6525962648791901 -30.402466578288223
-4.759452347220894 1.1378060704994937 57.035024433532506
-5.935694387774501 1.6365874416351915 -2.1358434127084394
6.381805036251237 1.7344219030079104 -20.058199886628397
-0.4547296348954619 6.871685494590094 -26.2634084056384
-4.652264769916755 -4.6811633386543265 -98.75685808738466
-1.7516770377298705 0.07036308032822564 -1.5506061118009193
1.3371962056148032 0.8453109074706217 41.58969250651686
0.352830414358072 5.6784541201286505 -49.02200376003465
-6.290764115603872 2.115598544094813 69.44524035520729
-3.352028639826802 -5.7897108086212965 49.24391719055952
-2.035630297441954 6.203293337487968 57.841289632375066
3.372445963233313 5.3004000904129756 -86.27216833261413
-3.3523104639292485 -1.6519097747370097 -93.69673953458835
-5.250028084327921 4.253383075658172 -90.0567874929619
-2.00152422937292 6.191135112153628 -57.1229686004195
3.8192077376553777 4.724586706024292 22.801966264870032
5.495182043250588 2.232930037141375 -96.83269728316039
0.5934589629669599 -0.39595890212961804 91.66341315146276
-6.53691240550305 -1.5213238776316151 -74.6369133477771
5.93682169632966 -2.943511326407058 4.895575291033738
3.241820364079889 -5.819976116574824 45.748179905489124
4.343953189365349 5.078894317018972 -48.79563759062799
-2.713662967067466 -4.233522124232873 76.04797684832883
0.8565786021942045 -3.429346574556367 4.775909740344106
4.197327686829002 -4.4751143481220375 -34.038076339446384
5.314704644186319 4.407206654497897 -39.91032420462245
4.051287018297847 3.5532120548920956 -20.351301297002568
6.5969424955730585 -0.1617148665100037 -55.962744387570766
-5.450700350225336 -2.6415239633971046 20.75403967497248
-0.9909153695308737 4.963528695923559 32.01023530393593
2.2389669103723993 1.478442399795816 30.48992622135245
3.5894698267350167 -0.741886310467329 5.084259393170745
-3.00938148687574 5.142125752197482 -61.80996703706778
4.6485454045681935 -4.393033815611543 68.97184053217558
-6.585851336322319 1.3604464305660584 -5.468567706520372
1.653314509549589 -4.684781048273942 -48.67917318399182
-6.540316634686629 0.420542944869081 15.863250739285604
-3.2062913702818108 -5.734063266404517 -44.77791190251395
-1.468112192203804 3.203484312111799 41.44959064304445
0.1896350441859884 -6.775239423942335 52.91026837585379
-5.3508496046429785 -3.562027956478474 24.62227625714831
4.808565575388664 4.31189104483628 67.81840817015299
0.3213631911533835 -4.197337599197031 -86.02366734448118
-1.208801960336298 -2.978202791640078 7.495006540554401
0.5854900892333605 -4.272986688684727 40.36055961348045
0.21568946176871923 -6.765716192541281 49.6412393134208
-6.357396002385721 -1.5452461667426407 -51.394190282067825
5.233319653574709 4.190526142790815 16.11276526215206
-6.481985319427714 -0.9811290471270844 44.75483944611943
