-3.36532342582207 1.3780779760836606 -33.490132374035376
4.626586799393849 3.0929296036012346 -87.60970787828047
-5.212476231655517 -3.279720079978201 94.79392354510966
1.1536487077462843 6.617663278370778 -5.1408222455421
5.206224373402477 -3.135510829726839 26.086739494749427
3.595405433477474 -5.068452305282887 48.23464761163888
3.5491146361992363 -5.470896097576551 51.62630202007889
0.2306650183435422 -1.673964547733604 -93.57937224191635
6.225483164555801 0.947110942240049 45.57293579164262
1.3348632781809826 2.6723285721111605 90.10061289427382
-6.145707140096683 1.6169097379553552 -8.484557152860308
-5.5375793683733985 3.6563861800398505 -40.21144243172563
4.586834515498375 -4.795146821164474 -28.05768724874351
3.701405376098396 2.4042753587590235 85.9530234276383
2.665799719948503 5.858644148192849 72.18139610014802
-2.121370134395872 2.8351003859187505 95.95509641745295
6.517282668722546 0.7440032047116446 39.97320203427035
-5.269537799197485 3.3823544347340984 16.692554619844948
-4.396753614452933 -3.939587014457097 72.28718983766892
5.423738773967144 -3.0788251898506482 -72.81677549363272
-5.199949097168832 4.612943615912322 72.78189986908848
-1.0522277787904604 0.7040583101094677 -94.26550441127628
5.987072298799298 -1.6759511846413686 78.74707446795934
5.8898548374863156 0.6758137894222229 99.96969277712023
-1.3118006169282128 -6.308373079702682 24.98313476737586
-1.6552542893750197 -6.108480848143927 -73.69328473881308
-0.5447046356249067 6.344236997289177 79.60259660308766
-2.4148734779006227 4.169341019607602 0.03727432135991804
5.194022810910393 3.3538142562634286 8.91594160914728
5.264268818546615 3.8065517916362768 -0.9708881460270455
2.797073148478753 6.033238760994753 -55.293462707948294
-2.712307328303549 -0.9854351873549299 96.13411801315935
-2.8156579648515225 5.898585309819391 -90.85343680307452
1.290101276086756 0.6065890813412653 -90.16373176426843
-0.1971850633363982 6.901894256556354 26.18087032797083
-3.523221766804185 5.647812754810481 42.221759408767774
4.848315472393551 2.0884354208864666 -54.69178511259596
0.6013924756191094 1.4157889077145724 -30.29153504367213
-6.420798307423222 -0.7062680086739187 -22.747508060394775
5.3884783735597175 -3.3395311715585234 -25.261068224599594
0.8865763001110878 6.255802609828482 -38.70068212749646
-3.0286082540551553 6.052390504439125 -49.989274252096216
3.9831234183044097 -3.66759255487894 36.21472877612935
-5.121506484227778 -4.371007004910864 -31.919731955728516
-0.9272925792650154 -2.1993600690098973 71.80981885473821
-5.776149341997704 -3.626290099311446 28.065405262283956
6.547240715126083 1.0058227218368978 -52.23126861216083
-6.5943389793563645 2.2039795505027993 -54.177015245203144
6.656155024939719 1.0919451002767537 -61.494529273674324
-1.7196182587519613 -0.5314781742651781 33.042884326280756
5.975081233040345 1.0368022112012116 -72.34215036782719
-4.335629266259393 3.755448024770365 -45.31646426389836
-2.3687125100417887 -5.958448864707248 -11.603138403962369
-4.714043987202831 2.3243558036335124 -68.5481134367385
-2.143933420465694 5.947106006630814 85.46430181231851
-5.121913742310536 4.167069249625384 65.09135310864053
2.8939255759381437 -2.811014958827254 -38.9625702293474
-1.1207193127586697 -6.531748800274222 -85.97498089227301
-0.6666114561917735 -0.4527840633984159 59.385235847598345
-0.888006036194622 0.0020845888858649353 75.92469228725687
3.0862242026078706 0.2412724717386792 -97.05956286133866
0.15840091950655072 -6.543542883638655 -42.256580151916154
3.887778205532107 -2.233591912044894 -22.218614102094747
6.608378026349872 0.635345004541182 -32.55471671245732
1.3320165859900461 5.177020549352447 -14.689657491932849
6.076784478854402 -2.314552891820771 -58.07913824336975
1.7592171651836468 6.150133643200488 -66.1688637342399
1.2610066878168 2.6009971702108237 -92.57243005992797
3.3887660640571298 5.5485380492129845 -81.06333375664454
-3.579176994096525 -4.947918159626774 7.2108825649088395
-5.981169942041341 -2.3116884228832464 56.217879502023955
2.819425250674209 -5.35589101636538 -35.852885749823685
2.0163854537506074 0.09484567685341407 20.144413918164588
-2.3921041640186376 -6.263669440289677 -33.37098706823102
-6.5686215170602535 1.1549330907497153 41.24902297576486
0.167161021401115 -2.975454114521648 -65.40463439258798
-5.917379084501539 3.1027365528735573 54.46903349387912
-3.094665115311923 2.785730130043026 22.140504189485263
-0.2347262101522271 -6.637465816995744 -1.6949716972515818
3.828409833023298 0.5565180395591758 42.142468716465345
-2.786517139175171 -0.47384655868743053 10.564784883691273
4.853424667884539 -4.449864387265211 -12.727706042887672
-1.8789278289446998 3.22214594544093 86.69443508482121
-3.2714748818855246 5.746110532794631 66.69147149765118
-6.428071585341063 -1.7178435438233153 -77.22079600399564
4.564511734675481 4.52757693303843 77.11836475558033
4.018393845137383 5.398421983130685 46.46093943142083
-1.1942113991009022 -6.0428258758222855 12.720475483993143
3.206974775236111 -5.647950598036445 -97.31479439766143
6.015702994190164 2.739115216637929 65.7509591440877
3.881906950216242 -5.1534264163337005 57.725966438522285
3.5139582514296968 0.5454740291383843 -81.31423267854376
-5.549993079591579 -1.2935769332291174 13.014774333634135
5.023083692157109 -4.166265728373107 -66.57722683341908
-5.2373863127297735 0.41987064300057286 53.08265538760176
-4.930683413383355 -4.380922846533817 -24.51210731826913
-4.170126913729677 -0.09227677126957157 -83.7431990949148
-3.930925060124357 5.061255194782864 -14.807262123289156
-3.3432718498710225 -5.770377744625591 36.88716932079253
6.557631900274912 1.6566818499559886 0.8219476430503475
0.6925770546974218 3.4013013531864384 85.72407515130122
6.372533353552504 2.1652680664897614 4.199891136960386
-0.145676499434886 0.5552414886389812 -67.49997224202657
-3.0205909504628803 -5.9161863379232384 16.744786266747806
-6.815535160865198 -0.05115872176254195 38.47109541664593
6.015378014929094 -2.77090674752987 40.34641530202345
-2.124050490740944 6.1333712059094445 19.970631515157823
-5.566283878125024 -3.3983547451626124 -95.04884768629596
1.861421604760432 -2.0605489980212552 -67.91553627505355
2.192890207643655 -6.220165221590274 55.238359481953026
2.4953308043188063 2.2328175763458282 -0.8523722614638807
-1.914804694982506 3.1073803372188062 9.4613018089488
3.3115791888391755 -1.534645912983812 71.24348392042383
1.1618876213036249 6.504711182146208 94.23679499977098
2.817185311858955 -5.481307892877497 -53.631204213226574
6.245158289176707 2.9949266073372707 92.37542749833642
4.140733058042222 -4.709535657808941 -62.39792461614212
-1.5596055565556681 -4.727171523043091 42.93448467226907
-4.944352305729328 4.946078636048694 -36.621364606032955
-4.167846082226519 4.904321752400007 -85.48776676753872
5.582999472470475 -3.2851877810296237 13.810716805819258
-3.976790437051595 -2.158624689637467 3.596136937826201
-6.286859575040607 1.4683154749180294 93.8478549270341
6.447257898717397 -1.3727270345181997 -77.21609783856566
-6.373451418171437 1.5385880511622176 -78.45373176141524
-1.813107471786933 6.2446864915984595 49.237478919344305
-5.204812454270866 4.4763848857934825 30.280994935108083
6.383843307824403 -1.923626303815123 54.4852983589235
6.2882793835238076 -0.19888358276107287 8.090079596118965
-6.383503203531551 1.1377339096183232 -27.193883841273127
5.337120885305583 3.4905660253011717 12.794153886890118
-6.513807670208188 -0.5755686956793022 23.183691946455745
5.556789194736834 -3.5228708434420675 86.52801571527375
-2.315200326224805 -2.5364418275386957 47.57243057830514
5.045769858362444 3.552450806331538 27.534469835411773
-2.893131089989028 -6.086756508585229 -66.9654527660264
-4.515140090821098 5.026309394982469 48.07599581898535
2.049923066799634 5.856656840351683 -30.351580007939585
0.06035801632089022 -6.630617928138856 73.31269876922445
-6.272392276034045 1.6330332272787946 -51.081651534332295
5.984730338071044 -3.0124381671841767 -38.707531025260515
-3.4891660841307344 4.917684413325498 53.76229674187108
-1.3986303796178745 6.191895327502242 -80.7255831542396
-3.8454570386821136 -5.100529842388187 -78.99700123819822
4.985031127365708 3.9272289229057784 -66.04386279641695
-6.048454660081641 -3.1203147979096775 51.40284493227692
6.679860215487357 0.0322809222261089 14.252231866579232
-5.99633952954837 -1.308820402602852 -64.74355441120716
-0.2684125410408027 4.2804810733633945 -56.696406423726565
-3.817382214652985 5.123426507495977 -93.67710517839383
3.9197420077733436 4.933167860430182 91.32248918269926
-6.037578734409959 1.8781686001502689 12.496394411686305
-0.4746035142832726 5.776975855377097 35.786491673407234
-4.484725578911295 5.003600685384664 -1.7825728133007845
-1.8931200748565173 3.7476186948549737 -97.2680950223834
5.979874946115882 1.1941379410070077 -3.589513009323141
3.8588861384254196 0.13434387026523043 -69.75393095393333
2.4298832798308188 -6.302474459220444 2.1341524382703043
4.990023409552501 0.26134829908474244 10.67250237224438
-5.899396159578335 3.282619308862687 22.525163084471696
-5.438306788126727 -3.5299194536676963 -57.55334405908548
-5.813986841905083 -1.0614151434166055 86.69375800947779
-3.9144070671744906 5.151250456482881 38.916071818417855
2.4549937693909514 2.946117360595903 43.97801433922902
6.280878713560052 -2.1766647526715377 62.173450887538245
-0.18670170492142513 6.488152632843167 1.2924251856506541
-6.410339274357681 -0.7279158816244665 33.577538642227644
-2.435900362413072 -3.6179604474995863 26.114057965597304
2.5932794244959396 -1.7689496596049499 48.45359459639679
-2.4645749542667637 -6.062162472065063 80.17675408496221
3.1675119761375985 0.6439264780118386 -26.508365040179537
2.031729690370763 2.939271509483972 -52.994124441592085
5.972040066216352 -3.2147136313403966 -7.38245770934941
-4.052575797933417 -4.750422162961038 -64.31941501739882
-1.570816409572756 -5.48990103130805 -97.75812956273893
-0.564998785578064 -6.7413063177050345 -94.58309565271827
-2.27009762363893 -0.8928935027568314 42.94183373210602
-1.2147686599681276 -0.2900403198065412 -15.300430613671645
-4.759428852913779 -4.592567817812293 -7.371067185902631
-4.730026483073318 3.7778201489283942 -28.84957817795031
6.07449507902614 -2.7197093691243737 59.05567410164543
2.5084853002809844 3.643063273336887 -41.88014469416123
-6.274192128290272 -0.5123275362732997 59.66180531881815
1.6958631534010562 -6.33342190850915 -80.30395306176685
-4.611649807143252 4.634326228385165 83.87095109845336
-2.0821703111776455 5.592685396928783 82.44383253358082
-5.7377380281099795 2.6318347829280015 90.94423305458763
-6.316276256622266 -2.155049510598809 70.31847383640104
-6.32164060936138 -2.074581960650585 -33.44711554436142
4.752662338833158 4.114804301103405 -60.88530236470592
0.6624905091530815 6.34013564747132 60.151214702153396
3.559158805803957 5.873772544233221 -26.035512021246927
-2.4162445818887264 -5.459352803459719 55.57308501729781
0.4338396091649563 -6.464399620691854 -67.43948991654993
5.838283681499693 3.151492652961367 43.23277445904867
-0.8973026871881056 -0.1975319331308549 -71.9543195981128
0.9098336294941467 6.779134473996805 32.37662386803348
-6.426951471308015 -1.8362330354092964 67.35988744074011
2.091538438520943 6.490299729929475 75.22550628450534
0.5908763778398054 6.329332670724819 46.17548073124213
-6.035566903829177 1.7376762157741696 -88.39517761458598
3.263675611166259 5.1562890964441275 -75.83854909064605
2.3475073883285713 -1.359537885627128 -83.61550705728575
0.9991043510338674 -3.9558297666254605 -88.80168080379337
-6.740686063392961 1.1555550915751063 19.510453281928097
-1.978470890342017 -1.45126013758628 56.44875125744194
2.73824602217752 5.4305674473687064 6.304693793735677
-5.858170184999419 -2.229535857850836 -85.72497552145309
-4.82742075541908 4.091402038125833 -79.8257687907833
-5.277023849127837 -1.6159204186117635 63.73871986212283
-3.4454055043047136 3.6371978957554996 56.81907463541658
5.361646791104713 -1.4191621602512174 19.705078201362493
-0.9997169440570067 -6.036355851191763 69.2480291875274
2.465496466119074 2.2106502837512623 -61.46880354347049
1.8570277838013785 0.4570610948864463 54.58667434201069
-5.841609861493998 -2.3400392413762185 -5.697123432190615
-6.081277907570959 2.8571683041615494 45.859098474212125
2.1746493262635442 0.9987038866800424 25.27730825906982
-2.074759575622998 3.308186276270439 -91.78673809453771
-4.762512993835086 -4.175897663132318 -82.5029412865881
-5.0210963395041555 -4.543507285347983 84.55238989999594
6.469624808389488 1.515042028138934 95.66250196209225
2.7493929093144187 6.229010587036855 8.974664825048798
1.5412311111610468 4.036903181975745 83.00632872181616
6.225503997256517 -0.3567019061286316 57.22044911184955
6.483015377600183 -1.726669160571054 88.77267986966037
4.42431188271268 -5.055331541998371 5.15894555491052
-0.004028285863121023 -3.497484267119275 50.68639413644036
1.7098229341104023 -3.650356723470643 -26.292235552378823
1.984442481308672 6.055991033569365 -44.35352780179835
-4.281300849598781 -2.369837040554573 -18.166344728599658
5.1030737790910665 4.5670620268384585 94.60428486195403
2.30581748803286 -5.837380364950311 -39.620065068620406
-6.188479274593075 -0.19795568554702556 3.3317195550467558
-0.5491029948347719 6.276981198557728 -41.6851776692897
0.5872257895605374 5.649078060434998 65.02094327423602
0.20918908878073295 -6.267629616645001 61.50956173238958
-6.680491275972155 -0.7299058871302213 -67.56959881809851
3.255896242163848 0.07979105371413786 92.66562838897322
-5.824748550097185 0.15372135048950233 -31.019634400792377
-6.278815412390924 -0.5459767119052843 -81.35278795573107
-1.8357116836729823 -5.896767925246442 58.46061313649477
-0.4983177084968302 -6.734878095719374 -91.22087666034236
-5.717624125687251 3.696583893573716 33.79048869893421
-2.034333810649887 -4.219675120728977 52.615032437326064
6.777530239542075 1.0644942764715664 68.34485400644685
3.2661327082305007 2.234379564252752 -79.04520148905289
1.7688961241357397 0.030692155960898436 85.9774632494776
4.3155815473161425 3.3555503414075245 -16.092933705077712
-0.30146371934716365 -6.625287196138556 -62.855817838499895
-1.2909864320494577 6.440177318816956 -29.499088263886836
-2.0499003913677005 6.165052809668878 -9.188282251836936
-3.425520648439947 5.164760298950745 -22.15343797742173
5.253315118549814 3.8271169206693068 88.87749387611768
3.129946405696909 -5.829843122842598 12.322618622843605
-5.78472640225103 -2.982162819888113 -42.93356908386553
1.040164320622258 6.4065085769139944 -78.70728936471842
4.587819754782083 -4.732942719114768 0.7589515489410813
3.4452769822381266 -4.726452569084398 84.6438098049805
-6.752242203537863 1.1662675825883266 64.09694064868881
-0.24150862275891405 -6.668380846464237 88.24253506323313
6.487939510662486 -1.6960770017966338 -19.70761119203607
-3.3043504256915095 -5.920927058710146 -50.48665257075892
-4.29387652150233 -4.326949833736513 -85.20318319995435
3.1687440750940334 2.0323665914679654 64.51769663994388
3.208729480015005 2.319003181312652 96.03240852055336
-6.310224983129315 -1.3782352947221095 -11.737351437241653
-0.9893642967447425 -1.949747875407619 -89.93193452622587
-4.57511059946184 -4.509546022970031 -75.41409070559337
-5.621768367244174 -4.030457063056452 60.08135456603648
6.20750598387952 -0.36334069208227143 -23.27341337514612
-6.229474438968931 2.6708584730384506 96.16427396958635
-1.058440033112816 -4.408496629245339 -69.86832281671265
-6.281442863604144 -2.2920643329281476 79.98166714981744
-2.503491381714295 5.624441581173394 3.989737567457555
6.221007577644913 -2.061836929937908 -95.99718559222792
1.135471759033347 6.664336889205941 52.40978572449788
2.7253321561516795 -1.291398982988449 11.357751321120812
2.625829671582314 5.243463890474316 69.45366766165304
-2.8191162232998517 -0.22398914888942117 89.45744504804908
6.770452686716968 -0.7630161623016978 93.37473490957035
5.067323931708413 -1.4109477807569246 -42.11305330368383
2.8577854413218144 -5.655631776957239 74.17823200088677
4.604535732128005 4.378115736603598 -98.85432789986686
2.9386403148263516 -2.0773275076017605 55.54722822173488
-5.365536125840881 3.4200723185453636 -12.519701538900854
-5.878264207124318 3.739097339465034 -33.45932232827031
-0.17820307305517152 -1.4027218985809142 -39.984565024253804
-4.585918550621514 4.879401413331125 96.90977728780886
5.551414844705726 -3.010102483216611 91.52838603962348
-3.355865695217013 -5.765506564355566 -4.761877858727187
2.140686774394147 -4.887556962792297 31.90248392947353
-1.0747885513438384 2.4882435902273223 6.472376841342815
2.1958416796593014 -6.262536980159594 24.4458241997637
-2.1679516589711616 -2.2098161194970953 68.94890899495685
6.343584860993862 -1.9636743131172816 98.60104611416618
-4.166423939335834 -5.516995616538792 11.124419561863448
6.457312162686272 1.4997025005410554 74.92418301909883
6.009986642278798 2.990959541647508 -42.993742997381794
-3.0374792555626984 1.1985337829345295 -28.175679098820257
0.6088599896049498 2.198539656666359 14.499016094597991
-5.416828681734669 -3.804616965154754 -28.911407804760874
4.532745706097955 -3.69834372193843 -80.85945447862522
-0.33280306328487586 0.15139855964405413 -83.5579578176597
-1.3659335872267246 6.183343360282916 8.508314361304341
0.8106200180130309 -0.3446014139925476 65.26715033278649
5.58011668974301 -3.2288638727045065 33.48052546462174
-5.505835487695771 0.9240347401340984 74.76513590131543
-3.2994923002907006 -5.595232263672289 65.44169187002494
2.7946842706280104 -5.876389809510288 -93.86636527359879
4.73566687116633 -4.372975988092951 -45.42053448158886
4.218520042874722 1.283945945270047 -13.558151741398763
3.1923554045920297 5.825682826492606 -10.209907610947866
-1.2466424934038878 -6.629337524165589 -8.760081728881254
5.031599078559318 1.0908682184974785 77.55976975222505
0.7677342389834267 -6.311945355590587 -17.971309207138184
1.2473240516368134 6.470499410794488 -58.69280753848051
3.41697667377204 -5.705394609051025 29.389125415959622
6.553105972096793 -0.27955857237217324 -83.87840049490396
-6.28548675248455 -2.3513628803910502 74.73494800374701
-1.24559132266025 -6.666018605200183 95.89530394187251
2.850516243656398 2.6587611975094285 -58.3194840559951
-2.4246594007364446 6.083957498571618 -76.34273136511463
3.7015212700869564 2.046701362716234 -29.506307761437245
6.215283693803638 2.214016454993308 71.71159394099476
4.360626061409059 -4.300407574681171 -89.54913346475782
-2.822215189435922 -4.171378213039111 -57.22201413424004
4.74188571101121 -4.70657937782722 65.43730723540929
4.809930463676851 -4.238518625873266 -56.44482479182556
3.7360550668890817 0.11154771274139907 73.817465975819
-3.985910861070355 -4.943215049367938 -60.48734780221667
-5.3148492819766 -4.039555833944195 41.89505338071506
-1.8889892639988233 -6.579805880453169 -55.143121182365306
-5.591674818714839 2.107177813616436 -47.83354285232432
-0.2779623339436764 -6.552091115075834 33.12945782119004
0.22377092597778547 -4.669699851384945 47.735577615101974
-2.0146017347960696 -0.7662248134931897 20.01837883889659
5.832395606228905 -3.09832383588811 -92.38900061717743
2.59237033880253 6.116313624879788 -1.5407627921450768
2.381253188302842 -5.09995142436008 80.81233964136956
-0.3661516690908257 -6.726234152779393 65.94828192844055
6.780310888795376 -0.3914275648292178 -68.30560563162854
3.2699863541846095 -1.6055306872004025 45.70051040849987
0.9357249856153455 -6.70094560124793 6.730721859425148
6.340737182805472 -2.343164973133884 10.201730985041694
6.275922239190458 -1.4693663408552577 0.12014217829302286
0.7026718237256842 5.7680278360085335 -63.634376971210706
-3.4858587550933557 4.660606639564751 13.179662654981769
-1.4355558212895496 6.093448223882569 75.68811694835144
-0.4534313708762677 6.251542538513862 67.72732054031927
2.801057188317956 -3.5001147731262385 99.57537792585796
5.153643509087703 4.486608436666644 -28.722870067889968
3.840640756157691 -1.9553445800604654 -50.496804166618034
2.671019241106774 1.1192808048587815 -21.809592623176272
-2.3230929686172854 -1.5840491154319747 -34.39312687468253
3.185570897769432 -5.956538641938744 -21.289175153253808
-4.830570078143298 -3.1848993473618887 17.348257597270948
3.745036306804089 -5.195956819589543 -2.7574724939561692
-0.6389233803713824 6.386286590346686 72.4022409776975
0.06253473014200446 -1.9161068275791455 -96.97548625008638
-1.6384776042140818 -4.133792721252905 89.25465333363596
3.221888077727848 -1.7187399967937935 -55.10417204814544
-0.8540809718417859 1.0517938531208546 -54.3658749907881
6.529938892877396 0.620997410875533 85.58189133095394
-2.8596220152610776 2.520500545074443 51.01632951569433
-4.172211168247779 0.9963454202151678 99.1331174583419
-2.9339175783463447 4.97330690149191 -66.61329443470022
5.7324614149868145 -2.1072054438624166 -4.155204942712978
-3.0947041915751483 0.7296825808648214 46.73489497631626
1.3307847915296376 2.6243187009196385 -17.520554122093316
2.927943602411813 -5.9097741253961535 9.305008210978698
5.900479009067118 0.04103019490939186 -92.72157454425681
-5.58491142256199 0.2946446853381102 -57.57898290188808
6.828326357506812 0.8682633452092583 90.34281294933413
3.4907146191600034 4.979148559831393 -23.337962011168518
-6.246227315812026 1.9426686113405993 50.669040717122876
6.442984591524527 -0.6754057725763842 49.706047374017736
-6.667403975533504 1.1502038947856579 30.60833913738445
4.998171123336937 -4.543874813023659 -69.65435941904452
-0.766585151779543 6.713702630306165 -72.76954981366714
-0.43832473297791574 -4.846916513303881 -14.923298037891417
0.07594804962525452 6.554811640060023 -91.42738086289506
-0.25007229646029694 2.576061639447392 -70.87945815556724
-6.53881295544893 -0.4409475374377956 -36.49029100212951
4.580149545329475 -4.694345335117627 62.19803454239426
-2.405559865797772 5.726301722219557 -35.32981987702276
-4.013730239868606 5.419096727699489 60.591206420460516
-2.5025094209198975 -6.0330209031940125 -16.830191864219756
-5.88930147194869 -3.101633742561183 9.648810537677146
-5.777667559791822 -2.5896641152530933 -38.96552917866101
-5.273004207192683 -4.14180418952538 13.64784353634467
-4.875387381654388 4.626733993917037 19.762665434224914
2.4643074701109624 4.051915866384079 2.825945262896314
-6.307545626401182 -0.6203032267936506 -90.09760365599638
6.231515080530526 -1.2969572139698429 -81.23818837110733
6.248073808482126 1.342494510855527 22.3146859988491
-0.021251579827760214 -6.719373638307906 99.71685834364911
-6.20391773868686 -2.2352468122129756 99.22510470229399
-3.4554338168554515 0.03133976557270206 -7.626838596331549
0.6119758059075464 6.415111595130295 -11.504652371310433
-6.232351595267247 2.1394752693026153 -98.71858021894874
6.160841193212605 2.6082897355824217 81.27032288259161
-6.297319477261047 0.6353224832129909 -39.47050413328212
-1.1431318138714515 0.6512287255341365 -36.168183134978584
-6.634694472941883 0.9825037874078425 -85.39880878000235
-3.8660604320669596 5.479608251588363 7.351416040158181
6.550701455772919 -0.20663682534729055 27.623842579189773
-5.960037557552365 2.7231724367772143 1.1357876119040795
-4.665566510778869 4.8188652248065225 87.79830624801149
2.0310082973215295 6.197961027984723 15.257716354436889
-2.9613666996259105 -5.510686538966609 28.062356530799114
-0.1682183579298958 -6.505773119471503 -5.085241844991564
-5.370945414868961 -3.4910255480800885 34.02806054127758
-3.2616523672302575 -5.62193039355973 -26.754874600415196
-3.463764240226543 0.5360985766359883 -55.61455044177303
-6.066032836368683 -1.517963136241923 -45.92027100087082
3.589456777126183 1.5526866847694067 -32.95542377906097
-2.8962395394809497 -5.8326951028964205 46.41082894327013
6.220380567225709 -1.9276658781753044 44.881896583781895
-1.5097932204439322 1.3654390704785064 -48.413862693618206
-6.462015507459123 -0.01003262454771614 26.79534527455084
-1.3085787721682336 -1.4801676124549281 53.29523437857154
-2.0248250937633046 -6.43506244819842 4.441240916461864
-0.3641034198027202 -6.817163202740176 -20.569606389317048
4.058139245738982 5.137786706761469 84.08971722977292
-1.0563900625889708 6.57900640476883 62.455941621783296
-6.451836320874307 1.4962630297743242 77.88177728059523
-5.9673289363802775 1.8992490818781769 81.34247121795043
-4.355582216030645 4.858194667415568 78.41028414935309
3.1877350676846063 -5.857354441464917 -58.89083605048229
6.75687971433264 1.0080080773359028 -35.992448422730014
-0.030882713343900633 6.627418909667176 -50.349526063498715
-6.638372907695544 -0.8856052536979245 90.05181985120183
0.9261045528922199 -5.442780871961131 77.83513989400056
-4.437101215946965 -4.9659279604879085 90.7858407583946
-4.072482474114736 5.376877624553942 -31.34417950583592
-1.1952861101224506 -6.2220660495664895 9.603973443629668
2.700404299890523 -2.7449795771873644 3.0143276353242037
2.5514222971550713 5.906569828199226 87.46928127381092
3.7451515564778135 5.047445453262334 -91.37186296166186
-5.231307047174922 -3.9862144372634285 -69.18447642564938
-0.28075688946195876 -3.230785313116229 -84.8914146677997
-1.001350689338751 -3.7025496183063056 81.42572273359718
1.277650749748219 -6.55030107757992 93.563132959504
-6.082560150267972 2.8768995266111075 -82.54266996626221
6.23204069241027 -1.4895854245227937 -28.754247914832426
3.7882027909929947 3.4710806996399777 -45.03849360008314
-6.363631119480897 -1.83795902254623 -97.93456189691454
2.5100509889468774 -5.7164028092973025 -65.30403083628943
-4.381001563832107 -3.9999670988970535 -35.358098192104954
5.610043291880571 3.121936365077149 -31.282344910468424
-6.531548564750329 2.0170331490130846 57.26953628785926
-5.265103696355577 0.17200470132123746 -1.5840109222756804
6.338437308351528 1.7929587729964844 -25.324032575298023
-0.5225289171167021 6.475244650221242 -26.255462561785603
-5.090883135927612 -4.185682070414318 -99.09525451694057
0.667274586512949 -3.626125493300266 -7.660008385990113
-0.006150263118062438 -3.10606257643319 40.88599894494458
-0.5800266002300187 5.768630755310888 -47.33989709005821
-6.124889036263167 2.9850958866089585 69.63377446468715
-3.231913860108695 -5.72543728972715 49.4430678166569
-0.900591154125346 6.577092265698401 56.88401473422493
0.10778890091485674 6.374387387856293 -86.74519504609208
-3.551049292960106 -1.2002780385047416 -93.70068703369792
-4.772268200546744 4.597541260059595 -88.64309918536209
-2.342405207548662 5.8736045295459824 -59.28481127586782
4.389556273124539 4.88854698052288 23.351117788529884
6.252519844628075 2.1297567345658073 -97.08213469421774
0.49679239105367945 0.64933584104332 93.59191561339773
-6.6579591757990855 -1.6915663376631491 -74.14999680647121
6.259007794555357 -2.485466592777521 3.4668321105859388
2.651186606567596 -5.849213641567862 45.42884426392613
4.960270562317852 4.191257058441996 -49.44577377111013
-3.9279052778940917 -5.5332843376108265 76.41930562988276
-0.23076823640919208 -3.621708168353329 4.7077038443676384
4.721028473795017 -4.928558884200785 -32.62037902538644
5.445728929418909 3.984634636059025 -39.189659098465164
2.8432939749705692 4.867303575439962 -19.81945743702974
6.731133793629913 -0.33386176038815213 -55.54348972645622
-6.306863067207605 -2.449278087373242 20.44236442007144
-2.7912004363446945 5.6651092576259074 31.342456522251187
3.0612139792201285 5.869246311661036 28.590730560148383
2.4466325328649305 1.327114787443875 4.840889595655489
-2.4687885822073294 6.162436361677444 -63.574609828508564
6.146657928317452 -2.343407917773322 69.54721177014184
-6.328965969553232 0.8005193578487447 -5.021211172198882
0.46398668477075244 -6.007623535492262 -50.476487409610016
-6.671824520120893 0.9379259125601456 15.600391101035642
-4.23046010142129 -4.914631695983338 -44.88536011676424
-0.8352862346895551 2.9148012817912616 40.517736729071984
0.05950268602946979 -6.781904064850938 53.39278740240482
-5.228790310801096 -3.354727933610688 24.5951113218954
4.091838706279507 5.1108911389145515 65.54597475307527
3.2098087234484196 -5.928998097090577 -84.65661774803094
-0.9141802097917999 -2.2948538939588814 8.279621527905507
0.9449358895514993 -6.3213024945841285 39.46134576854535
0.21407579506464408 -6.685572388664395 50.453322358172436
-5.542040697501415 -1.3610016107208072 -50.96250507550938
5.99277307020418 2.9519470952303815 16.296325034908435
-5.731565929231486 -1.396245016857935 46.35167205948404
