-4.553542456764683 -1.0409758612755156 -29.255862477518633
1.0644621326328563 3.5212248191735567 -86.8912999865103
-4.388238997899611 -4.174363049350049 97.74936363277358
0.09294696463341845 6.497458639389841 -3.8244443382850446
3.031320623466959 -2.8417384675129824 24.772858507651506
5.614532952860441 1.1453052477894594 51.84477275359217
4.059225373485817 -6.474509388034324 50.483270246510855
0.9509666906920716 -3.6039258192369563 -94.83056258077225
6.464179935489725 0.4760080760842824 46.31624201108109
4.230765620655785 4.778361827594711 87.91752510046743
-4.73837653652945 4.721120902723757 -11.527385379224283
-2.238484692282967 3.2900898140486987 -38.26014471835261
3.2598766693972445 -3.8453227793734337 -29.025704146232133
0.20120421864168891 1.1515564332914185 81.60961221837397
2.7247513120604885 5.603495953727809 71.636081911479
-2.778179840595775 5.028757786026498 92.17797331398039
5.6042342402847645 1.198590789215825 40.052180547458235
-5.235861821618886 3.5009332521595367 14.223516086468717
-4.144736979775774 -7.11089747442189 70.85299504686255
6.480547096656633 -1.53673827648283 -70.68336228784597
-3.901395640451245 4.702302584051823 73.94461539494169
-6.698931590998699 2.6833583386250806 -94.32044961968441
4.401626257713065 -1.4961293458368732 77.85306495853195
7.0997142277259035 -0.23052785454505006 -99.02216056820083
-3.498330166756571 -6.037356687138036 20.934908919263275
-0.26208285885132376 0.43528252642086324 -72.09112363438258
-1.5436392836556716 6.569355307697464 79.66864566189946
-3.6910478691038047 -1.3260791254911262 4.220313844390953
4.3430873652722735 2.1142865579515124 7.1970052827001165
4.411558844693513 5.211240481001821 1.8725862089444862
-1.2954860595070885 3.7009731264180714 -53.972031770488506
0.7358018259798738 0.6151662779045808 -99.20947207587024
-2.8446400264204503 5.8385362799329705 -91.24458622628616
2.684364984328801 1.956639531633695 -89.50257090026615
0.6367993693811067 1.141357813948999 33.72929671041187
-2.8739467665819345 5.311290147718848 45.72786462458762
2.953539959295658 5.098749977437112 -54.802168121783396
-0.7560768571835701 1.4841252641997253 -32.742459682568764
-5.400880421758954 -2.2380024794651385 -24.792338098572483
3.0593330711232136 -5.376527485970346 -25.438387191480764
0.6245801682204184 6.587724013794199 -35.601667354945064
-4.659479139898655 4.1549506348762195 -52.34939191376592
-4.069617797155534 -0.9970231946142397 38.96775424552303
-4.9979172037873125 -3.4649191521882337 -31.93237140289139
2.4709399588111034 -2.250749278324161 75.43845349400321
-5.608872046088931 -3.4356543921932667 29.33931598893459
6.0468163759357925 1.8390818013390835 -53.778819315875815
-6.61925709529838 0.9869724858177905 -55.640352099679006
5.995193886743145 2.4558052568694233 -60.88438817341129
-3.507966733287818 5.161852818379414 27.142526018458533
4.612385652156331 -4.052970233447887 -75.33163098412314
-4.4125474024521205 5.0791241010604296 -45.62737993272105
-5.793189902740054 -2.7006765703126536 -16.131227452761834
-2.7989593682729104 5.701891559187164 -69.78736138122926
-0.2985124824645451 7.197728299012329 85.26775518273946
-5.978304059857576 2.657132748375721 65.65648610406055
2.8937713869677024 3.1805451710391344 -40.683173750143105
-2.9745656380538503 -6.297774518511808 -88.30820193593297
2.950023883103505 -3.1106039159601613 64.44069180840741
1.8155330910187248 5.987667297260637 77.96726677287205
6.308389527003787 -0.2965976970396723 -96.44129514020733
1.855967796499098 -6.357589743748293 -40.673476825008336
0.7203477361643774 -3.4902377548589203 -20.166027771713356
5.5725078902546095 -0.10187514180340695 -31.09016975681268
-3.096229554654786 3.6654294738677202 -7.720918542452761
5.840134312125796 -2.3882716421998893 -58.58462094610811
1.0879497727964629 5.590081220330328 -65.37917012856784
2.1194651385408165 4.753139682493707 -92.9929660161785
-1.2513549453270398 6.1626889983982585 -86.2323675795987
-5.749965879532002 -3.5266921726210714 5.383421194986047
-2.145621063853204 -3.976905433378693 56.72803211382038
2.4070441463312937 -6.222692030416605 -36.29810418809987
-2.6213959541395395 3.3999126038231164 19.457027249001065
-2.9256944157954132 -6.176252599510308 -32.89382701348713
-6.330083231454412 2.1039483946827486 41.72817448081807
0.8255212899027496 -1.9808114558697676 -62.038978916676754
-5.97231519550643 2.957942393570025 53.72971781528471
-2.031366119152883 6.159829444689821 24.571772735122483
-1.9561881958524767 -3.296574668186467 -2.757679049649999
4.572650613909316 -0.12127567700229994 42.66851246872545
1.7898827214772488 -4.667475306346316 8.224511662925375
3.305022736040058 -5.843203297515482 -14.487690323181578
1.310393643586787 5.84870346716704 90.81926318537484
-2.8949994077092236 4.947873543188938 61.729433827164144
-6.669817912292304 -0.025563232626174402 -77.37332243828334
5.95086032915502 2.337502673940993 78.18661819032242
4.531093454922861 3.5452201766723115 45.558805465252206
1.1814479527659039 -6.858049328225647 16.42409862947198
2.8375390788409076 -6.026136369804594 -97.12158468226576
6.482248635732525 1.6791786405674984 66.96943995329538
2.9314075722216644 -5.709794299518623 58.178558387161836
2.105871983873223 3.1666405594019915 -79.70037808012091
-6.5917486364744615 -2.465169451951902 14.882926593871524
5.740721772080825 -3.6929934108302676 -66.81543860535643
-6.58156552825277 0.19166422774393932 52.01092816236697
-3.0981317632856644 -4.890092756462065 -22.843838207785808
-2.630119982453178 -1.8270397972559573 -83.8934181306706
-0.8150313820873459 6.5914625430295 -17.548285436392888
1.094261616665119 -4.929964235695421 38.67679881853981
5.741382400924669 2.478996275535155 2.2104288308512268
-3.533851378121926 3.245245098148824 84.25102708218115
6.68436884131194 4.144403826684951 3.71605458524225
-0.914078855467106 3.5195081759892513 -62.639807772389716
-2.7966058427484275 -5.305915953397067 18.367443427265574
-6.554185125355766 -2.5701478004109446 37.75476751846903
6.53702716545757 -1.7944143299824857 40.51140475565364
-0.3756802726623123 6.572577608753667 18.991005499299625
-4.628091681820098 -5.515739932314553 -95.30556593201668
0.46924452031036407 -1.0446011593593016 -65.85725221606872
3.3461475219254546 -5.401205885029971 53.31442746767966
2.0495354812764406 2.230102417149392 -4.125405455893238
1.4338504926930378 3.044216604447952 10.102178320504505
-0.17701340835662668 3.868803969148418 72.52029542534099
0.4919116357653829 6.268486913307377 93.69778058028425
1.0588000840092477 -6.671729401359076 -51.344958104415674
5.900286216675145 3.155396575994289 92.71127819362799
5.845211484894692 -4.230942040777937 -63.339684818993085
-4.125597421285934 -4.837788055180198 43.223220751615365
-3.7398359823004097 5.750167894191548 -36.99197978107863
-0.7017148618169626 3.2867825920349496 -84.2620685008743
2.7792916837222914 -2.3858315145502926 13.801535951129114
-4.715733966142137 -3.0646724681595194 0.7240161264745053
-5.4429557301905795 3.94215287966265 92.46544311207619
5.411143355974916 -1.7196368750067594 -73.468684874623
-5.801153203970642 3.5554921982561796 -76.9637616059408
-0.8533695635593107 6.004424503750495 51.318143529510145
-4.808634483318144 4.159813179444063 30.239724821495447
5.863471017710387 -2.8235475622217616 52.62357789159414
6.717217131771702 1.6023721894603264 7.443913006573132
-6.837181769188466 -0.655100251914551 -26.86401712787235
4.20063593428668 5.21974228392133 13.069037235245219
-6.265683556517606 2.957212249317477 25.95423459090275
3.510647828473118 -5.7194271373870995 87.42777398741809
-2.309492785427916 -3.136434328111492 46.480456119767524
2.172747091910983 0.6838803646156788 28.038670433257053
-2.037687385574447 -5.462118155703716 -66.11422536783206
-5.66783552369834 5.952913367288667 48.04262842120299
0.9660395248742473 5.168929440017195 -30.280322903164624
-1.3548656690789496 -6.151336771019316 74.27877888027895
-6.7686893311739365 1.3223432902378711 -51.80501177401194
5.630198480455339 -2.7322675163206944 -32.716401501592166
-3.38148235678357 3.713673436354141 56.55246067471651
-1.4250657674963776 6.657634740570789 -78.08417556075683
-5.419501769797782 -4.223868651191439 -75.48804951608109
4.288751798100418 5.21569327732937 -64.47591703062936
-4.113528972602819 -1.8439444028197294 49.52712642995314
6.087215017922216 3.63539595387196 18.673517843823625
-6.813582172420197 -1.0934929412654326 -60.07404017255255
-1.3843995835713407 2.116162955358352 -59.70525800132292
-3.9044534642570454 5.863140487300173 -94.15887349133924
4.52482448805172 5.056150779088771 90.38196739617803
-4.581012166851239 -0.022305113537805787 13.683632543474618
2.0958032162937634 6.390032385149647 38.5196339876319
-3.099371371749556 6.108036159591494 -3.362164447195316
0.1410241127951688 6.66506550099233 99.63483491038167
5.517640245898572 3.288191122616309 -4.28387729764237
0.8102121209438818 0.7610783325533556 -62.35847206894564
2.6266613152437754 -6.709246903299368 3.7850769892549474
4.502460021104827 0.42257407289235815 11.643580272159125
-4.7629255302517235 4.485552045161953 25.28014840978014
-7.836959921838164 -2.4512151385503502 -52.755658379338854
-6.198728569784969 0.3898018921486487 84.56409530246152
-4.716482979806844 4.07645174826664 39.08691099172429
1.0600732009533134 6.34981457805334 42.749859976130246
5.266413497425309 -1.5627503977244208 61.216656874260266
-0.2180833826369446 6.459716376695687 -0.9502354206092394
-6.403977403545144 -0.8919894391180299 35.177804046670225
-1.8950149454854053 -1.032387487732783 30.025119678901937
-3.3474258666107817 -0.59693189714794 52.461669470701416
-2.930502175476553 -3.4227562660559134 78.95647763798681
3.7935153482227983 -2.0080088289317137 -24.253017782491188
-0.22720353404612625 0.8963828835970395 -55.82644741311614
3.680940220291751 -6.109145649816315 -9.49163907859505
-4.319977929916132 -4.930530324062775 -64.48178219152759
-2.118290270266727 -6.446765225083998 -94.6764922871618
0.8270427078370546 -6.6337013746691 -95.25905633141595
-2.1074913843823246 -2.117832654081371 36.48843126414786
-4.870149696279406 -2.7226909525806393 -21.191590982223055
-3.699844415524541 -4.223674389754135 -5.209044099499911
-5.566276303159176 2.679683292836022 -28.55728343987255
6.289274492369601 -2.586557239971948 58.71479868576995
-0.31283875644142434 6.478554906842784 -38.977075998724054
-6.42505531069969 -1.9276679427724017 60.34593705205878
4.804686078498117 -4.266351633120279 -80.46584909443548
-4.522537408904555 5.5104333731917485 82.32379904437747
-1.048505690407628 4.901439478478859 82.67313706637772
-3.525999547138002 2.532799325149229 90.461015177892
-6.056975689229914 -3.4202212198501964 69.93574873180947
-6.697464122647858 -0.5574345348670892 -32.54927914120495
2.1206422890734338 5.870607614096758 -62.60370072733842
1.9392147944805584 3.952903283631406 61.848458610211395
2.1692514187773497 5.998447774862836 -27.59758020957333
-1.9833788569797062 -6.642132930817178 55.045102084558565
0.8110822257593449 -6.595986339739212 -66.9023517641366
3.0998889454253313 3.891339557917071 40.93944809846211
-4.762378547150372 0.5895397202939421 -71.88556391551467
-0.6206774838328437 6.418683164929925 37.07803721263059
-6.050184280992222 -1.5195166214865647 66.83216640368964
3.8805378328241726 6.328262425060819 74.92164043745977
1.8574255813538592 6.376752699097491 45.471834103539436
-2.7434038652948987 -1.3392464140339022 -86.75846367693022
1.7933528179366274 5.959012804222841 -74.13365012732784
0.7924421417165018 -3.2984084144417882 -83.1632153682853
0.9887870126280647 -5.2631831821109145 -90.65284237904983
-6.66852634434669 1.1177601848594239 18.264249136082658
2.3007380842422833 -2.8602048004909717 59.942171358492374
2.30396815271565 6.063636463210076 6.08635864953735
-6.478416545201407 -2.225202818219365 -85.18077501642853
-4.709602942169671 6.063270342153254 -82.03596155773349
-0.5137943296903482 -2.7343177025637724 67.19564631547419
2.7656491682154405 2.8063016201654714 54.17455874262268
5.588446994420633 0.49850096360853163 17.080787248943512
-1.1316697263810476 -6.500911109693226 67.77300669706415
1.199694463656383 2.3263041604141206 -59.08456513575769
0.6419045272718545 -2.357077734607932 49.59337355028117
-6.346195828888898 -3.0542052922394065 -2.048065706004574
-6.6392509195229605 0.35307981298108243 47.062692565960674
-2.3101719415057427 2.2652723952865035 24.331779412248963
-0.47110096082697916 1.4564637822809343 -94.96773985883938
-4.870503154199421 -1.8368987011710702 -81.31579467902041
-3.7239237070237703 -6.0835588328343775 87.13068237560246
5.769505789225452 3.1786241613451045 96.51863822124956
2.7040830124225868 6.018528710692271 8.405718022994058
1.2656594829466987 6.647775968100266 80.80090520274454
6.930041454010552 2.6175480666017497 53.55101487265605
6.351316893134804 -1.7458533914902072 88.11697593310926
5.557422605625341 -2.965516972743189 5.043474467863739
0.5608532124282817 -6.092998211566336 49.59411804758851
0.34999237226668667 -4.469813543640982 -29.565417628898576
0.1345950783702174 3.9645894407011664 -42.6529270278228
-4.337565260414321 -5.23939606288489 -17.54513940486213
4.442688390168996 5.233161897213374 94.2364681492937
-1.6140565154301216 -6.539692650954414 -38.96730265592905
-2.7083803293378983 2.5286904999419435 9.80475518882751
-2.9430915301027847 6.039486455585566 -42.13744372691437
0.3990039039172826 6.478467126832788 62.65744563991984
-2.2933442402470403 -4.85718855843795 60.92683752636638
-2.045150984982749 0.2344628961571082 -63.6659526531297
2.0781081128077306 1.1546567699295045 94.45247044203798
-8.007051714675622 -0.5536113550624224 -30.833653176489495
-7.024372639435196 0.3210078654367344 -80.95492909613355
0.273562869838185 -5.16720422057538 56.22974994054565
-1.8775139144945798 -5.167001428924115 -92.121430584141
-3.793058012338918 3.892034021986857 33.232626313857615
-1.4229066440436422 -4.149412895318704 52.04430849397537
5.263634504933754 -1.3791668350870236 67.23962356714665
2.492769784787245 -1.6377430092068546 -68.4218421155917
-0.9268076405892387 -0.752743452680043 84.88473169184874
6.512961560353513 2.1445076793919875 -16.157627255181698
-0.1916255148148835 -6.687358282989913 -63.71833552807709
0.7863157378534398 -0.6565313056079026 -29.871788400414072
-1.4319135507643095 6.628935966528596 -9.475909149472539
-1.7780374244421304 -1.0407851792590759 -18.157319454721026
7.000993316312276 4.284425288176784 88.89646059862955
2.5821362444361338 -5.912957162395761 13.247271836242113
-3.874104022558025 -3.7120035173640296 -44.30377356905314
2.520137229366847 6.2130818527737635 -78.89360142090457
5.512242241335414 -3.7527162544945534 1.2560784127195666
3.3491639437278438 -5.0094586886798 83.90107492305529
-6.950047502274105 -0.2739879447157544 64.81227334965932
0.47512582447559637 -5.828428221910436 89.21102717968787
5.759011929358821 -2.788080933113909 -19.679088863274124
-1.9374737638744308 -6.424528890634463 -50.7364070195703
-5.138061915220606 -4.5708442875861115 -84.23056131804802
-1.261616846369368 2.281343465914458 63.27842927878114
3.4682182661794707 0.9739999401569143 99.02238283527161
-5.945182552613561 -3.064777408212575 -5.906954798384627
-2.9221077167223055 0.8996565480099181 -90.51028939409004
0.042416003644669464 1.8798301170019878 -69.2232546706857
-6.0773092653041445 -3.359286700091261 64.56551855655397
8.266468684015768 -0.24087804635176846 -22.986144738016055
-6.601968320295119 -1.8290477128963425 96.62336105226899
-2.9500702031789694 -6.1135905666689725 -70.25064587243212
-6.272977559690125 -2.535489122766061 82.54472559522625
-2.0426915428627286 6.439036478051384 2.9102206650789375
5.715662974536527 -2.6155166881836807 -94.57381092287288
-2.353109878976117 5.696991947195127 54.48765664450209
2.2110332860113453 -1.7153756729571814 6.804156191157032
-3.6034459374902434 2.452169079220921 67.2264757081956
-2.106503774590542 1.2258095228486945 87.5302470436434
2.4265464018610885 -5.250373382338934 93.9533677119455
1.1962251035892189 -6.5242721356779505 -44.24266097134442
4.926471332075586 -3.378962092781938 72.90803737083657
4.321071638969624 4.459827459749934 99.41015876006239
3.9415920613100965 -2.7309383803589946 55.48978984313323
-6.000528050914212 1.7770247178575223 -11.861683392608692
-5.674999071077794 2.3787833087265513 -34.71411927062237
2.315413396701927 -3.5015336278225457 -37.65231447935835
-3.863952717528887 3.641004944236976 95.5513575909232
5.911039793795507 -2.0179889822653285 92.24139087397519
-4.249893256892573 -4.887274240988485 -1.2312879979516906
4.9534242797632615 -3.4418574393805446 31.35667998730958
0.08102448966940426 1.1174406559780823 7.894510573059952
1.9779911648215007 -0.8956834505828395 22.589408882977647
-3.9294102361819876 -1.4396655252769093 70.39858388026829
6.924747330184304 -1.2597802445111446 97.22447873739992
-5.571441238750075 -3.607159704622887 9.820894581778017
6.240219016160242 -0.8751037100026805 74.78663798781857
6.3853544681910925 -2.091006695156441 -40.75279186198577
0.5307074898706672 -3.549397171734561 -26.059290246686395
1.9350242305446834 6.160451956590357 15.557443066581753
-5.064664028565577 -3.3592931875140932 -29.171186298733183
0.3178910610508261 -6.708914911631955 -83.79094883205032
-2.2410770251108247 -2.3113788029119773 -90.3564401011628
0.5294894734161971 7.137938371486861 9.302331697630704
-1.2355285913005973 -0.04325266173885978 69.42775994936956
4.943956412160185 -0.6320192265502346 36.70682864615937
-5.774909375657782 -1.6796656368890321 79.16604170638573
-3.9504802268170116 -5.359318386214058 65.65323823753609
1.6817930040713511 -6.726924707158281 -93.08288643589384
4.191381796435194 -5.528187973528612 -42.87423797592744
-0.44055827903810135 2.537004088667832 -14.302257624026312
2.9199979595958823 5.957580846526824 -11.132785582341626
0.661435692236068 -6.465006119219142 -11.1749332883164
-0.6976427095226835 -2.6333544255420454 81.38677804729976
2.3319612699858054 -4.016277243034414 -16.694850028050404
1.0652946225028967 6.823658925040514 -58.46844249582498
1.015345842544458 -6.7347245517013805 30.70357019333604
1.8955340879361728 2.2538910760445825 -83.98483593610952
-6.501173410550477 -1.5431844203336023 71.89008249056664
1.1582751260554323 -6.491642278037593 96.56965101207503
2.916655749317937 -0.5170305848159746 -58.71736299559939
-3.9058129466434157 4.996398849601381 -75.03151010616337
3.5475326705969645 -0.5176684216721884 -27.696127132180845
5.413692574310991 4.116203567952088 73.79562527112917
2.7091595620333067 -4.503993632923134 -88.755295763248
-0.3068016872295744 -3.0597975810566194 -58.85765277299583
5.983311217952848 -3.6846466981638257 64.2067839347054
6.132112979813466 -2.5188542605756186 -53.29106063272059
-3.3918066499984794 -4.309496256461971 70.59947677343354
-3.9130013696090455 -4.913474597738791 -60.750375527196944
-4.534860502838207 -4.341402362537251 38.68185836066935
-1.6733701351037733 -6.5441732299098785 -54.73124383918167
-3.6625254941555307 4.478204207306378 -49.48305756970754
1.7410680941865893 -5.692087510924433 35.03159427300969
2.815070670221239 -4.8183761444917 48.19453793990702
-2.967891242838161 0.6068101973170963 17.51493591654278
3.6570799398888196 -2.9021553706279564 -90.79016464685684
2.428134248475726 4.902932867389789 -0.5365606379185018
2.509521741029183 -6.174338856382125 80.35231849737401
1.5971088250111642 -6.490656683505374 66.06948108673788
6.422967285428674 1.2782918932584508 -65.09506301974814
2.56022520378267 -4.110938575490548 45.402455018246854
0.4793637253471883 -6.673699113549351 6.357825469093105
6.1020503878369015 -1.5533351776233502 8.138323605473234
6.6574914287328175 -1.1107773357736221 0.6545949536723623
0.746593324872332 6.769698748951353 -61.2754009240338
-5.506947975289828 3.317289553912733 9.786619194944873
-1.9793583007911073 5.852358515366922 76.54364575040225
-1.319437194402889 6.44105297669186 67.21840874288499
5.124292805078436 -4.20377352875573 -98.69442581287203
4.801640491862272 4.619761805047515 -30.674922465337843
1.805903974277775 -1.0520556716417635 -49.32661527327921
0.9268239387537838 0.9383035572693608 -23.4893689157269
-4.018949852919107 -1.6084450834595687 -35.41268019489854
2.3460736976685537 -6.507508868715977 -20.72715237199387
-4.816099974670312 -4.192286814865663 17.35242701290036
-0.23637071830829778 -6.417569439667319 0.45863010072669635
-0.37852931313537236 6.56761512048902 73.35479364347597
1.5255013910289121 -1.364922973723408 -96.42608624941079
-2.380978073630945 -3.926133063418595 88.14536713103425
-0.9935055863360183 -3.183366998703827 -49.896651348414395
-0.20649793542828693 -0.2665316005931532 -58.59046440137387
6.0356080810999275 2.4212600904503816 83.04689428952177
-5.334740865894605 4.168654922065374 50.1517173126934
-4.540488137966134 1.1084782338748262 96.95114732426443
-3.9397178661960917 5.651838174709363 -66.95379218695172
2.452630304152899 -6.148705120320389 -1.1117284833881844
-2.4978007527705453 2.637612262345133 47.718026238188784
0.08077914581777726 3.6859754858892377 -16.978360089742434
4.944545325305982 -4.541602211873774 8.2101074759703
4.152409125055962 -0.2287086829369956 -94.32141715735845
-6.395925137114965 1.9208171269102627 -59.29835684184682
6.2097473032003485 0.8883201602898838 90.47326671044836
4.347997462711254 4.588717339257137 -24.48584121942396
-7.931759159777142 -2.2244621608742428 49.65945485862669
5.861268539049818 -0.8439669202700661 49.15064713694656
-5.861583702255199 -0.9185800429183643 31.965350604812976
2.4005389732629174 -5.97868637313518 -71.92856718662532
0.08256663064337445 6.6224568068273255 -70.38169333227853
1.9558492816085498 -2.911851242859942 -10.393586717283634
-4.808459740582278 4.699747445702619 -96.72907943064298
-3.0496343019694154 2.804382177165106 -66.93330813829245
-6.576718732544523 -0.16979573722840652 -35.02100867056133
3.508687078565049 -5.714629359433194 62.361652532745175
-1.9548961583319053 4.198185443700176 -35.050082113297584
-3.9267401107211755 2.3899076681606006 63.02524872297622
-1.4713205215503151 -6.417726061029872 -17.299853794763617
-6.705812053756278 0.8803398539609933 13.023023313400726
0.05127169036346202 1.3952491823005864 -39.99449836962726
-2.865570750594693 -5.9377638345124 14.33620537901365
-5.242160550879657 4.0368309361755985 21.181202560932924
2.817189773655924 5.142951957715811 3.6919603468279694
-4.954220299274755 -4.203404695815059 -89.71374472562215
6.228671882326343 -0.4891375984233738 -79.35579644030362
7.295565935227987 -0.010690370365974589 26.987487516952154
-0.9136256192431081 -6.416458089462368 99.7873872309241
-6.222990612515066 -2.379681838760309 -99.94897302415937
-2.8877369370000228 1.6962023945667073 -9.723334129139214
-1.788354750020533 6.579125496477112 -13.37554482668925
-6.335379645269532 2.240762685047558 99.00545824416308
5.317450380794687 5.697300748650875 80.70248998383808
-5.04694599915679 2.622388050592693 -42.66571979989877
-0.7938422783765258 -3.6911364432782414 -40.289250678444695
-5.744317555801166 0.6566882007983897 -85.06697749512246
-3.124047963170697 5.587203024695346 8.87526651509075
5.422924971986413 0.4557074694756208 29.161968163044634
-6.18585283550379 3.902008701668152 1.6355488866354642
-5.020156996777263 4.519769878246303 87.77987098293876
-0.13106236519171877 6.467246159998754 12.329536103209502
0.13330034298236282 -6.524964276765509 26.28308658879817
2.9467870123839925 -5.5879601333714595 -6.546226210617946
-2.766733218366088 -5.581333214053085 32.210507489201845
0.14419628866430684 -6.785117105060537 -31.594079118604242
-4.631999113941429 -1.5183405887559824 -54.96182290144297
-6.552311859136728 -0.5632076327839111 -47.39806279764993
5.55897594814547 0.5501752688754432 -34.71413051180872
-2.4976329589094206 -6.338416339297224 46.69171672686703
5.416344897840744 -3.612395828887947 44.27733712859671
-4.745792368117144 -4.252322906516931 -54.27732017582075
-6.397623683778752 0.4879215191302222 27.841030448332496
1.6839814363331078 -3.22161132015187 53.365240605740844
-2.9444113655367583 -4.580988194399501 3.477011036683223
-1.6438275851192004 -6.065423027762524 -20.627026096805725
3.6305583861970536 5.329279571574043 83.76251936417177
-3.169038988121269 6.734104779297441 61.770940720786605
-6.771958004170881 3.1844839876342377 80.19328596559049
-5.106912046019132 1.8326982792121864 87.19955335070314
-4.18937586944254 5.465792320184043 79.44884058170454
-1.1991842542762507 -6.791381466605764 -58.1631593335703
6.630439003601633 -1.4257804026751613 -37.701390509551324
-0.25878519976991843 6.116065869922449 -50.97582381266833
-5.583697429173762 -1.284758977130585 91.88074712767839
-0.12499940714939295 -6.921422230707548 77.89396596622984
-2.586888801247227 -3.0273244272227933 93.42331984768903
-4.1940275629446155 5.270055084600793 -32.21061562705094
-1.5978045024582004 -6.495449716293412 8.465934767754455
0.40572027697621377 -3.239123355797803 -0.6130085560060914
1.3212243361411062 6.1512976962158055 87.97375229295265
3.861514575789834 5.09851591273672 -89.20503976941275
-4.376023964500884 -4.583013713450842 -67.8839550128391
-0.3768862749578737 0.32573625355115693 -85.29428080917167
-1.3386769322135341 -6.495907922167687 82.77048747163774
-0.6225771889666472 -6.105979919152867 92.9041447465333
-2.455745615083613 1.1886935658993265 -81.40806784119059
6.127398424903905 -1.9382318733501833 -28.882966808564987
-0.8136715437071151 1.7011552136110486 -50.20762924494693
-6.749579592593331 -0.19160963973626505 -96.75630617976854
3.393644247665516 -5.830851548251381 -64.52726788784196
-4.36285516558344 -4.8874156294485 -36.96853415585197
2.4924518815096954 0.006720275376631399 -32.49732358344694
-4.886505403992275 0.5353390245664611 57.09315822570223
-4.381999917824784 3.108040013711907 -3.128642920006454
6.34584788977281 -1.200108897577616 -21.809066120238796
-0.6984688484407731 5.904118665106577 -24.82779710867404
-4.873348696966771 -3.320710212438888 -97.0480502250909
4.678147760800791 1.153324773529763 -0.9628273288069077
0.6039462863135174 -0.795529683484033 40.92891189685334
-0.7411047732006318 6.1963262231658955 -47.77745282861917
-6.421350534922841 1.0212104431140228 67.98444051666529
-2.520179653973358 -6.182626590054817 49.997502899280846
-1.505067378195479 5.925905700066763 57.70355206354357
4.883638530220405 1.7802134834996122 -85.78832589316572
-3.5518587271734714 2.219349876044821 -93.72443752084618
-5.242914760478338 3.843288269824813 -91.214390776818
-1.392249358982115 6.52014057070512 -55.23812817791804
4.549389306017779 4.358761602014725 23.052299870528152
3.2817516739863737 4.609957274179381 -96.69207936528994
-4.200028714072889 0.9512803147305672 93.33482056385
-5.06553485377901 -0.2615244781889047 -74.80354097401198
6.786468954934177 -0.6235381283830161 4.0290264703321945
2.545890061347655 -6.921282157602783 44.447345372220305
5.688651704333146 3.839652380757739 -47.45933422395995
-4.756142051105482 -5.373925600637062 77.55879417720801
1.146394908604632 -3.65495380081615 4.932096118399235
3.014753338634268 -5.900415301228923 -33.011099025454115
3.8075585633106437 4.257902419959379 -37.78834602043685
5.8013720642292235 3.063723591444612 -20.256026095765616
6.121231072886017 -0.3481168240730559 -56.4636647790394
-6.0010022654257344 -2.715644323137621 19.66273742918422
-1.7698063723971558 5.975242726135731 31.026420261953785
0.6361116760191076 1.8389594101258344 21.799002000895268
4.162113930785527 -0.03247125829145268 5.008759959858843
-2.337936119338104 5.334298102929083 -60.35729396835322
5.976820571005786 -3.411374168969376 69.90859946909967
-6.038379210369994 0.4578861032968746 -5.7505423619352385
2.867287122284809 -5.938072389566759 -48.089261869038715
-6.912618097141635 0.4590067984337339 15.541085554910282
-3.414481371971926 -0.2444424404988551 -44.25637409301611
-0.20703064099826068 2.6362590697464166 42.20563908622875
0.7118187164469019 -7.41754225850432 53.71611556986646
-5.257850635535157 -3.5326946458636788 24.66721033076425
2.6174628017391677 1.5736919645894578 70.22623467691383
-0.06078405281693934 -4.425883712069387 -86.96327079953628
-0.17482613822572057 -1.6666131066179004 9.123450307749515
0.5828186870382894 -3.7727360158992758 41.777689486506844
1.857521294784675 -7.168631082442063 49.2092907434995
-6.0418706828415685 -3.1383238543601295 -49.653655664917906
5.141976565389359 3.5536657795169786 15.256897482028554
-6.265017249130922 -1.319136901459495 41.97747826579889
