-1.5364615448161674 2.30373716836909 -36.55129439137479
3.790867399546011 1.7125434072165029 -85.88783818091248
-5.354109880798884 -3.917645288017554 94.65295104529687
1.0191199164396938 6.754877642224198 -4.678025282442046
5.100632987776795 -3.832662859502695 24.719515049941396
2.864460353987353 -5.151448712146413 47.475697605476185
3.9580690629791317 -5.3024941349712496 51.56106951089911
0.4423037086632692 -2.2961515790746603 -92.78033695738286
6.001763397304912 2.13787715542326 47.30448501306472
0.6082120947523115 3.0326243615875352 88.97782829640657
-6.287015572426242 2.3052883261310466 -7.442892574106388
-5.56097965382918 3.4922189922374347 -40.01697097076446
5.562487530050233 -3.6866420098674264 -29.74016726775504
3.8392037021575742 1.6182142351737308 86.89736489527634
2.0881216137656793 3.1903393216509746 71.3532908489456
-1.2999151474231327 2.9936467420130235 94.92710987279915
6.511854107941079 1.5223096097128401 38.423400630630795
-5.399105587374615 4.024678706969728 16.25229631711162
-5.155182903204908 -3.8491661566702824 72.63662078466233
6.106950074362498 -1.933736860484152 -73.94186390591074
-4.722729986754862 4.87814300791724 73.0097216124959
-0.6692379630819623 0.9087032575046761 -92.99935538886648
6.3017204377551 -1.27988854720775 79.24628739610507
4.702474956816685 1.0300617300961508 99.64422326041208
-0.46469349086444 -6.69510655703261 23.855502524114595
-1.5383960689640614 -6.419855301379841 -73.04484387658327
0.23428642683369072 5.955127822457292 79.4389887239833
-2.369265805822087 3.8841991388152137 0.3086726206242888
4.692143496393905 2.8743554816829606 8.689579141004396
5.585800084718694 3.6941057963902457 -1.0168557162564635
2.3752297391713757 5.914502529205328 -55.31064495055939
-3.455071830032497 -1.7367269928787403 95.07161919195175
-3.1053949347346315 5.976820116309048 -91.13616684127243
0.6796009494288114 2.749756700811155 -89.38730693842061
-0.0360190487709795 5.800912923623682 28.17498454523167
-1.459806765713496 5.16854167321894 42.5635022436631
4.122691968319398 2.3270308158304975 -53.94861265761722
-0.137878758342471 0.48284412364847507 -32.49396803012672
-6.765479756707992 -0.015654594424906937 -23.078855544561847
5.026772447390449 -4.349172321529107 -24.513952686051393
2.614132953654641 5.98447632161172 -37.96084748256448
-2.47665782520359 5.707290827897959 -50.05959875418084
4.685236702735405 -2.1805766102425057 35.456539194602115
-5.026342635205235 -4.308150613787345 -31.95653168292451
-0.12284131233655116 -0.45526995688285976 70.58379304132528
-5.423277862771948 -3.2785269937432866 28.103466514877418
6.431552033210353 1.7231531195084444 -51.45496253891258
-6.756106755041052 1.4272659473400442 -54.48787642930075
6.491598794797233 1.19266747738831 -62.94700570702002
-1.9917926463065363 -0.5023663843960905 31.283736198477627
6.2791914166429 1.5593870293043917 -72.89273906204922
-3.116080364138809 4.706805921752264 -44.063923719148534
-1.7163625839892023 -6.5631638457772095 -11.660381251743967
-5.551567441771002 2.1023005211836425 -67.87264637229457
-1.7447082183768443 6.259675331995362 86.18920894247046
-5.277123865187509 3.984367224805858 65.0714496556284
2.9642568749123166 -2.847875525636887 -40.039829379259245
-2.8107388437705643 -6.0861359529647965 -83.9162007110586
-3.44989065533503 0.2226964613666032 64.99419736163205
-2.020733762324438 0.47309293210815745 84.07797995446057
2.5871896666076557 0.3453396259349595 -93.08370874075813
0.9886827200917149 -6.794919470593934 -43.14935371597888
4.730399352574163 -3.06237319394506 -21.597440630207316
6.4868292783466135 0.7206056184859501 -32.261640885673216
-0.6592201188751238 3.553224885103768 -13.746108722196158
5.620196611815993 -3.4952292343117306 -57.88473873032762
3.6141500524086627 5.263985666718318 -68.49129492527202
1.6833369586127485 3.298794794920299 -92.28030937815561
3.2050851874946193 5.193534925609576 -80.44424513136559
-3.895274555198966 -4.064155956555344 6.722539127234203
-6.252060704566049 -2.074571452414388 55.187715339692524
4.881663737237121 -4.662862768825394 -35.49374806266047
1.6344764583236557 -2.379991547253941 18.794265410761433
-2.081515211497366 -5.926696988264191 -33.13875828253616
-6.174740742718256 1.4198118411103038 41.032157407113715
-0.5546969829238838 -3.598674366354381 -65.68552609106676
-6.013015708787553 3.0654840455526102 53.81645162463657
-0.8312154163667442 2.7573119328920055 22.081627121367916
-1.3990287782964375 -6.1763027438886855 -1.6426565145303873
6.478504834225458 0.020086402222697197 43.00343470810518
-4.082057931466542 0.48420460136160326 9.497892977608792
3.0227346863912263 -5.4744197667271495 -13.656892802719575
-2.2336273989899214 3.113884935266962 85.7565684905785
-3.698412750739838 5.654692649142239 67.34198842815702
-5.819164947695875 -2.821944886797673 -78.27797586667232
4.981900130171686 4.347431088591321 76.74670693925802
4.8796897588343695 4.275518172979495 45.249671726725126
-0.31002938963043547 -6.665446695161311 13.0226572279742
3.449810101901087 -5.369214915375502 -97.34738966691584
5.650542694217124 2.7210954031865078 66.0052819325663
4.017226803102056 -5.483188661036831 57.427865536922546
6.029692703325589 2.5345114371927884 -83.56189500591442
-5.791981620918417 -1.422066686219781 11.382765135878033
5.487329218921601 -3.9128224672734997 -65.95260060067402
-5.858713234786983 0.16744417191275812 53.304095140061015
-4.7197732579355725 -4.506540549844683 -23.394924280644634
-3.8638935697378076 -0.47288334586034575 -82.48999934354163
-4.154707986345082 5.280624939172293 -14.706051599767834
-1.5379192236090917 -5.281158837691796 36.20135010856496
6.307191648943959 1.370687712821511 1.4593583875098866
0.9446570301353634 3.1565419333168037 85.52632625368496
6.155578816396743 2.508018802022032 4.406070593356394
-0.5148325779544412 2.598940587993833 -66.27467771356906
-2.103353407432499 -5.384356261670584 15.431644822014544
-6.329264081385156 -2.127970171459847 37.148524873964114
3.6223224886983156 -5.118208881778986 40.7372804872362
-2.3679001943462437 6.196730006454936 21.142597515411154
-5.719281059549062 -3.470864079621074 -95.31836665410293
1.588242220730175 -2.0028986108903575 -67.53242801625612
2.5280869636584686 -6.0862756891839425 54.95127953257269
2.2952759836009946 2.694987755705383 -1.6127027317646605
-0.8381112199191313 3.0960945839356664 9.749019126201258
3.5440547283243284 -2.1307396326005725 70.84399410169134
0.9681948760412583 6.491122860758261 96.399565620472
3.534781840876452 -5.903524429420234 -53.01491319114306
5.610156360656193 2.466623258440092 92.92961687450713
4.662649894401142 -4.67782160624914 -62.47216602833627
-3.097389308173879 -5.425731723057907 43.494784225960665
-5.099200715624066 4.313541973531198 -36.62936700262861
-2.3219089192386257 4.921994172828867 -86.25518538548461
6.217987177160363 -2.691698554770533 14.424900699258837
-4.534847624244964 -5.157033696119876 0.15036092113650784
-6.368408604002265 0.25593649844813326 93.66910249803149
6.221075798992638 -2.275415813852878 -77.31802572785328
-6.51511821145509 1.4581387585050545 -78.75824260971683
-1.6788677515605959 5.798180777591461 50.334975496630555
-5.293091718755541 3.6831191982514655 29.612061524658266
4.821769600979818 0.18369468433633981 53.383405232369526
6.5878709474135135 0.3784187089593741 8.676633374536205
-3.7898618704468574 1.1096620634283545 -25.56687728804111
4.399851759945861 4.639365358546266 11.534313958622777
-6.465449977754427 1.1597791811195188 23.822788305661696
5.604626453375394 -3.631698675351357 85.97462003344464
-2.0461703556742066 -2.560466396513507 46.71380157966705
5.145593194112166 3.817695387426669 26.70933255115061
-2.9851302248326848 -5.754550108174409 -67.25410418240911
-4.0162585152103185 5.319304729340502 48.139739594616884
2.2068475411758026 6.413108991630941 -30.219241415543546
-1.1373840430162951 -6.297494168183222 72.67221718661061
-6.320998677861682 1.8543794528364157 -51.47045424302892
6.406155987593427 -1.439918716187287 -37.24381538676583
-3.478911011954844 4.834105504848405 53.70754275933486
-2.4412787169802392 6.342797848545337 -79.78628734420566
-3.868625655667153 -5.226951545961349 -79.08505882672193
3.6382132629517776 3.324330834283656 -65.530960044329
-5.464741928169313 -2.497001523232424 51.34041489719851
6.4754371633014065 -0.04798381073548175 12.084672976848926
-5.505384870125785 1.6808694433042273 -63.43124246386661
-0.8139368538038912 5.333607125121797 -56.8147546951776
-3.569070614487704 5.079638020363733 -93.8637947651965
3.8726391295804894 5.130068633021072 91.28446634065294
-5.3866505136156055 1.8809866318876602 11.838923634926251
-0.17618561530259935 6.640282665245647 35.23900525103754
-5.1059541505127655 3.6059839125738105 -0.7131604314768907
-2.0565399477491675 4.917135106764086 -99.0126354208023
6.602080207477655 0.1613821252901371 -2.6669801728531075
4.347535751255579 -0.9252406153360327 -67.07790380604584
2.4612025201806436 -5.96221201969018 3.107035977763968
3.6400162466886834 -0.42913344447438617 9.59137610776557
-5.559278460883589 3.657037848181325 24.045735451318183
-5.959519320692831 -2.830035283306569 -58.610153832713415
-5.285429753050499 -3.8040222866490496 84.2862932625399
-3.2774128505541835 5.661066586645506 36.672675632418496
1.3051011039545566 1.6927025194423562 43.4346155910604
6.261423313929015 -2.026232603741613 62.1747284401206
0.40831317465531375 6.6723412068991275 1.5084930213845325
-5.968474000904715 -1.098762481201498 33.75036007223323
-3.078282726132788 1.54283283615349 24.757020359475558
3.2120968049361034 -2.0148078331827763 50.396220897690654
-2.4687453659950362 -6.016671360615474 79.60067319219986
2.209254438798487 2.817318298037676 -27.69588399804971
0.40839193622663295 2.003386733201969 -53.76594563225047
5.688538031246882 -3.6964144753449584 -7.70918136527876
-4.159656253251654 -4.409285461209232 -64.56706166453554
-2.495109268153965 -6.066105819371923 -97.5072267295914
-1.2645344442280098 -6.49612711696874 -94.46973992967948
-1.1701225328603817 -0.6734916293721733 41.91934137239345
-1.5924661722705478 -2.451374167059062 -19.183270712663646
-4.698966390166131 -4.053526876752309 -9.199353108897501
-3.5231594932430936 3.8919366974900766 -29.109859669550747
5.580415176710207 -2.96928688676726 58.995263333723486
3.972268403844644 5.112319882878728 -42.906605579974915
-6.672072189363529 -0.2736618006205177 59.31245860979277
3.3075928813927793 -5.161762082511869 -77.20351049735095
-5.119633020963546 3.8950735638754406 84.62909420225941
-1.728540395027192 6.440639607120916 82.93311097956294
-6.249003344450628 2.256382404590671 90.61599011103233
-6.597805638868993 -0.944784565801305 71.39407903194113
-5.1721090385649635 -1.5030830969882885 -34.202439242908405
4.624315283745829 3.9628575706002946 -61.16351021624272
0.7233247135110173 6.3662879886426005 59.75656971251284
3.2448729856908525 5.57007007501331 -26.723852903319006
-4.002825998635202 -5.22202646159801 54.79770595306821
0.1313761629171693 -6.284885649122696 -67.3800354150735
5.933672850092617 2.545548243243531 43.308605136223434
0.6904794762333692 1.8599315390038451 -72.41761445815685
0.36028800733538624 5.745242909889357 31.985766112020503
-6.891022736727919 -0.4546901738983261 67.09764974019474
2.003866554586612 6.636637672814849 75.23972832282907
1.2392783199143793 6.418671364594788 46.17206562802645
-6.56715582939706 2.0798029303139023 -88.1429485570382
5.491936201137941 3.296167083256543 -79.2965103937317
3.226726580133715 0.8938811932738457 -81.45930778652722
3.1996890366066064 -5.427810086791556 -86.79497085870031
-6.416442441019351 1.6714968641870667 19.283228215972567
-0.6522575214380152 -0.9953668984553624 58.689327508670985
2.825562711680736 5.649497394169054 6.632905152024239
-6.5655811902520345 -1.9583813372652636 -85.9257165355314
-4.807770379012513 4.179760909081289 -79.43743444660483
-5.918698019419621 -2.738362082843967 64.79441629649757
-2.6401286160216926 3.39839229705116 58.04425757020777
1.760683286722651 -0.9021521203889051 21.59779093163168
-1.1256001154415138 -6.2499239311959505 69.1117752197091
2.323144931113731 1.4848504661189759 -61.558586689211346
3.181240856280097 4.953296111138268 57.83728605298426
-5.827493129126669 -3.30070626774222 -4.309757423868426
-5.7731904891659225 3.2800674355236112 44.484995764548884
2.147911268703384 0.9173574263524885 25.403692507325168
-2.1345769972146624 3.166628359071252 -92.14626667476377
-5.202229458130557 -3.5357369625367827 -82.90517733683863
-2.8933890724483344 -5.681632598843006 83.53422290603537
6.195232439026957 2.2698769574876567 95.85116388139042
1.995248364751203 6.349048952486277 9.801268681184634
1.8683866747175182 1.8672334703764073 82.80910029791151
6.518157845425847 -0.5746459500417077 56.64897506767973
6.284626284483953 -1.5045966663037735 88.00728845782984
4.503555271665275 -4.587553889955375 5.060223591232559
0.3175772500087879 -3.330121341481538 50.2947966657939
2.3737919604909723 -2.3292477077833302 -25.702643040196463
1.4357734625776652 6.636515349224923 -44.994952061789405
-3.3694620259245873 -5.65069375592334 -20.7606391933719
4.469413473034226 4.9004267005373565 94.07981590226098
2.99926271859547 -5.952414338700807 -39.420129043886746
-6.2050723785368875 -1.629222308916476 2.8579868591856012
-0.9340900936753278 6.27853750822142 -42.090774210095496
0.9525548846458407 5.399190444158098 65.36847852447903
0.09391499918460078 -6.529716280451226 61.87473146454516
-6.549380795695499 -0.7595824598758509 -67.35515327610285
3.9383778237694083 -0.7951458471596177 90.57836295314121
-6.2905719412353625 -0.6608490292401519 -31.16530619233338
-6.7502125850628545 -1.0789662860207787 -81.51738072001761
-3.148153056131612 -3.232670312988909 57.69326075880199
-1.3117202859462258 -6.220644839907731 -90.76765243127431
-4.69411242945334 4.290319396699684 32.63977350040811
-2.212221320324743 -4.3562319745297415 52.14583739581605
5.991229662407964 -0.23742447336339878 65.93947647667072
0.8699552223410902 2.7596892713180345 -76.83007348170489
-2.304653557298467 -3.6997756863252538 85.8004881061714
5.575574120915747 3.5539339791680775 -16.59358445391306
0.8890626116589971 -6.699916540406412 -60.929274602460616
-1.2696407227087454 6.570510957000602 -30.081181746557572
-2.0592463247726207 6.470900034265456 -8.751284624304999
-3.7162565466474082 5.2745016674733725 -21.466110256647855
5.590407757323061 4.020727633405003 88.94294587848263
2.61374826846302 -6.133791077921518 13.566984267511168
-6.515147706329412 -0.8038694719274707 -43.55843271081424
-0.4082666836590604 5.709278313180181 -82.02879296526413
5.299400473867642 -4.327579648668632 -0.17351179279919846
2.838926530908462 -5.683562408984536 83.5398048883329
-5.980174680498753 1.0455290111898874 64.02157934461086
0.12862012256625574 -6.73008435322989 87.72445130607129
6.650094783482385 0.7108957983678521 -19.7359754575469
-3.4291853276277466 -5.725072669518936 -49.72470618729379
-5.054626668581047 -4.445567807883767 -86.65963187919954
1.9766643731539075 2.769203881356701 66.16016079379924
2.9743693465754677 2.419913975821437 95.73955262723544
-6.626002871893118 -0.40996933199752983 -12.771920161599779
-2.1095352157555456 -4.282877105214352 -88.81685087450612
-4.4491471253247425 -4.38952950967954 -74.85872845253118
-4.8907457051847025 -3.865207282025944 60.24578717081263
6.829053306837517 -0.2664435140705312 -23.880058668243592
-6.10762589916201 2.7609205649020616 96.09191508755073
2.2487879970449107 -6.392184099465744 -71.79285733855355
-5.4665360372087894 -3.7663833461935146 79.63918963064006
-2.9159461481231475 5.283357960267618 3.8572363441838085
5.502264087278188 -2.9788580350046536 -95.99112244073896
0.7985130144392343 6.727847306845856 52.693439462484115
0.15092660835196164 0.06577479447391854 9.543828955875151
3.238141388909921 5.404166293854974 68.43645741009954
-1.573448648872037 0.8051215994530958 88.24953655896759
6.458049787822742 -0.9490622775797257 93.39519721354309
5.014646536293274 -2.45210643307665 -41.84680718432141
2.476018641352177 -5.833750690338654 71.62655763024075
4.403413822979736 4.545248201441 -99.8903080020482
2.171059555086524 -3.1871311291190487 55.287804514667954
-6.13847220339607 2.7775835017840236 -12.371485028148406
-5.276523257944041 2.2410129271236974 -32.58800722742711
4.414728186884075 -0.11395400397072786 -45.09305346248644
-3.5790914611536793 5.2743295962544074 97.4472360495572
5.331748991357414 -3.970852070029774 91.56402374771905
-3.037562277055538 -5.9915510633704345 -3.9220094030471824
1.5299264028356312 -5.2477805422552 34.106352224061474
-1.048994776235918 3.1960837669394864 5.714297573520955
2.2163233356578744 -5.974454450538747 24.943159817775477
-2.567712605986921 -2.2763128183927717 69.05482118907794
6.4218234771045415 -1.7804814445906547 98.35261236473075
-3.836001309231874 -5.470641401405601 10.392488041614692
6.666953763519741 1.0980642097381632 74.64861038161278
5.768525285754524 2.9344982067952277 -43.393563296411116
-1.8299754927243952 -1.170486965424666 -29.709946812694362
-2.7472217724098047 2.5926649886277757 16.953424608941106
-5.877203525782261 -3.481884548110561 -28.064427788229263
3.506191350581727 -4.622488344831625 -80.68762572189698
0.7172457767701301 -0.7707514069865921 -86.21274462927208
-0.8958141179614416 6.439715611072484 8.607400529664057
-1.4210718539734901 2.3607393720483247 67.24078973903012
5.294345611308286 -2.598140787539835 32.73419796094863
-6.071253281006373 1.8487534475294058 74.26094929544114
-3.365868917518755 -5.818460143552336 66.00546414081525
2.230730066523835 -6.095860763152115 -94.23908494610508
4.584445065435843 -3.6919390188505004 -44.92162708935072
6.324573386776963 -2.4228548242308756 -11.011582565929778
4.2007365397081875 5.305844653584464 -12.255220339489176
-1.575350387837463 -6.331661907108885 -8.607933163717643
3.336721479256478 0.42635046691891937 74.47809148485737
0.8260257142129779 -6.004273692327241 -17.888597197353313
2.06802614999534 5.342141039254831 -58.6595281491994
1.6551696005220076 -6.559776413128312 29.587613352075216
6.519886332340342 -1.261079779641076 -84.64013112558092
-5.665221842855496 -1.855396514314774 74.87509850857433
-0.379914705462166 -6.502121036976029 96.398488743626
2.4379405390806594 2.434406381648172 -56.65917552548657
-3.3063375240751944 5.756464165085315 -77.00385979300782
1.1033911080688923 -0.6942174709790743 -29.52403519794309
5.647800526628061 1.3153384973685416 71.91416054384084
4.313860269780224 -4.724490457050363 -89.25333947232912
-1.2011411533985081 -3.4641384070594916 -57.29345581424204
4.832209298703993 -3.230963769458119 65.57887613394531
5.612215017029009 -3.215256224968427 -54.07574877534908
4.9927923576007265 -4.467496178742406 75.65063528163164
-1.556323461503434 1.2047298127428951 -61.035278453054104
-5.218271536485784 -4.084803214741469 40.90834837287642
-1.8287190760049843 -5.156664656563967 -54.3589074255208
-5.735354063036024 1.7458792610910236 -48.48185897717587
-1.148297410444424 -6.786757414588487 32.59346478659761
0.6115793552726897 -5.9139011132230515 42.41599333934581
-2.717835004655525 -1.245067776575223 19.82435037612718
5.934197857412758 -2.370878117731909 -92.11038983383668
3.050660570732154 5.839808506860311 -1.4538872577377475
3.1032191067902053 -6.081611608196504 79.62902585363175
1.1155759494248267 -6.352707593242169 66.41943835168112
6.8094760921736945 -0.3588518140609949 -68.29668625740696
3.4901447195841193 -1.4234253202594145 45.93719382179745
1.3099959648220771 -6.617315971701702 6.58090285427286
5.768771623809224 -3.040513880588659 11.14918915142568
6.209862021555116 -1.8371839070140348 0.15910671224581746
1.0004801361701754 6.428345761868046 -63.51348156782057
-3.1722190972261304 6.02452601185914 14.729481583821219
-1.5798233736050982 6.000931500036624 74.38673545826421
-0.29098396245830066 6.448092119194315 67.52273508147438
4.690299714818425 -4.3919129513428 99.93182161296653
3.3959286142986147 3.6302119527168535 -30.21336470449493
2.3392717090765736 -2.7069561373568027 -50.29175230458827
2.61538898055216 2.0232511292059985 -21.00480750548101
0.755328586317371 -4.353348697087062 -34.80622794290651
3.552059891547074 -5.689698646741464 -20.651002345257314
-5.900623078511579 -3.552280748741971 17.637748325425278
3.59692920194338 -5.873866254563206 -2.275599256072197
-1.459475778747905 6.550504810682352 70.9701011495958
-3.250869319243265 -4.688992087639078 98.10042557810105
-1.2934107193753628 -3.797414702273181 89.65611722548557
1.618409118580214 -1.153173587407033 -54.774916414928065
-4.680972218567547 4.497473908239921 -51.38567757609009
6.613791561090038 0.46790565670884054 85.631808970286
-2.874403601851961 2.61302854251187 51.31138900630189
-3.264213593981668 0.9909868841840583 97.86784140215897
-4.318449960934924 4.802331340729506 -65.77454360781115
5.8348065288025674 -3.1194518815855843 -4.044717323947234
0.2571344026171203 -0.5650712504333388 48.44404312647903
-3.499508523616168 1.036704957981767 -17.563939169456308
3.1771615574467313 -5.349878171911773 9.35730606280485
6.328135897965252 -0.048776020144684226 -89.31665579095086
-6.334130279301786 1.0090347301185456 -59.05566785945402
6.604162765297861 1.1306240101011023 90.37372712163045
4.597139115256153 4.962260729708421 -23.456407576459224
-6.070169952728993 2.0140314418566927 50.353795532069064
5.364243015771075 -3.584653848046744 53.902924598740995
-6.634160654668684 0.4647264490350997 30.41599351955998
5.183501360527004 -3.8393269144637006 -69.49977530340963
0.6867358451163963 6.516852227910251 -69.74383470741496
-0.7629554794407827 -6.453423715365121 -14.705357889010996
0.09775477604420055 6.748567129796055 -91.27126596235004
3.0815813833123324 1.6441532557279301 -74.74999487220819
-6.892119583577811 -0.30620336873019005 -36.39906042817415
3.6046604316983935 -4.966895335828116 61.95807341500556
-3.285985936840822 4.273060256089337 -34.2780845010206
-4.0267348756172145 5.23082077989724 61.253612092175004
-3.9235292745795345 -4.58008084744812 -17.195243575279363
-5.82522264626644 -3.695701798527853 9.253457317065255
-6.244810615776907 -2.3650685835192973 -38.629033088877286
-5.36214521477117 -3.270987063054083 13.873030187800563
-4.065934676657093 4.397066639411086 19.573767979652512
3.7276435751620656 5.307693348149828 3.7862248668722462
-6.168980205214364 -2.6420415189397843 -89.38236548520811
6.782088684778008 -0.9059190321193581 -81.7625628317855
5.561914994068292 -3.513801075311751 21.432571197638804
0.6099995839963985 -6.04973051117586 99.98312787223482
-5.758158707551922 -1.6739029323747225 98.62216213698804
-3.1971220347268114 -0.825980974029874 -8.839059071604707
0.19253420957784712 6.443921864183264 -11.076687115311596
-6.164247855241183 2.0581766426016976 -98.90611342211919
6.248372855977684 2.8009110779070956 81.7445384584877
-6.730864977763313 0.232923280734455 -40.805895807620296
0.4332696928435921 -0.04675914020010504 -35.934756184965785
-6.868581565419347 0.9117399338309538 -85.1474802188471
-3.3634335773004347 5.614378060829405 6.77043030700831
6.639473610977151 0.15464527394010136 28.63731009200969
-4.762585174664381 2.432845889752242 3.512753889336153
-4.063894297247178 4.82993973326465 87.27460816307767
-0.01635939527517174 6.410645619308623 16.967479030633484
-3.082422362152543 -5.5214117108721545 29.037816990168864
0.0814222431177771 -6.358596292456067 -5.360811080552722
-2.6098673393649188 -4.28198020770236 33.41459998958074
-3.2797500265394075 -5.659331196945794 -27.054595244204506
-5.477826143707449 3.229713988262917 -56.465385024315474
-6.395224452493324 -1.7315171446087265 -46.836324669140424
3.288041511601108 1.9456336890447454 -34.00902306323848
-2.877761172561358 -5.735062707118049 46.58111517275892
5.642576849578521 -3.107366432702274 44.558118381244476
0.536129154835386 1.5924101171387464 -50.342762919374685
-5.691402521203283 -0.08373436947266175 27.37120942488197
-1.1444695245310232 -1.8118974757978685 52.37996504520454
-2.125286196376786 -6.528429556285918 4.806961804399932
1.8493925387677157 -6.648485614504369 -23.108731552537687
4.459925514833753 5.017166658128847 83.88935017739037
-0.7670365558204413 6.782288716575018 62.559425176333654
-6.560332125526016 0.3229607362896635 78.60612789382432
-5.8655733333401425 1.7397203754325596 81.86181368071928
-4.817693954755419 4.834983943329819 78.60400980109648
3.056662406568146 -5.715996866736284 -58.4731827056326
6.657772452785306 1.3383734059995382 -35.14210452154323
0.8262489547982504 6.218762530918446 -51.05794798816321
-6.540311986710614 -1.2661148544975773 90.32130843770312
0.8870247232536967 -4.5260350702703285 78.26529634759456
-4.432217380380313 -4.870725992744395 89.65126162984821
-4.19300743657863 5.286640865085268 -31.55478115392625
-0.6515293421513796 -6.408018909621228 9.698268241455908
3.221392955469661 -2.812866518780996 2.510264131592039
2.121036411493557 6.520130485208345 85.73703771093233
4.097081954650837 5.1951918526155225 -91.29668095554106
-4.998643337586137 -3.968130356644541 -69.39376719549323
0.3441545962731348 -4.5651628918186 -85.84902981343176
-1.0073368737767399 -3.4356164301192393 81.05373162442552
-1.6811593187234826 -5.673014864700965 92.32655936707978
-5.528305086919389 2.3531330856273853 -81.8017906355994
6.298127423100061 -0.6094556029620284 -29.740270005413095
3.6273197391959915 3.545477348338047 -45.935435839682896
-6.3942849765491605 -0.47767779541758815 -97.43800965734908
2.2185127772027102 -5.714670523759337 -65.16375483555028
-4.044658367992257 -4.469763476258988 -35.29826267442209
4.659025697235522 4.765217151973667 -32.518798694246
-6.372065933886091 1.9122156818165768 56.320079877814024
-6.54356113476955 0.6270304878073761 -0.10933314770521813
5.9444606148292625 1.4478313411472017 -26.02965388883986
-1.1211442498496391 5.974489154963731 -24.5108562717448
-5.098256394690957 -4.203675541847989 -99.06767880972467
-1.1656536727978315 -3.382883602021102 -7.827451618006232
0.38976084279098444 -1.378915490441035 38.84257371375564
-0.5428218939201361 6.667295474024611 -47.652929158640504
-6.284267138288277 2.411816601489378 70.98004283150605
-3.1284869625540437 -5.905161878557734 49.423531630728085
-0.6045674457305681 6.548008595653854 57.16032441424757
1.780494126555749 6.193458415468099 -87.24967858766495
-0.6679151850276565 -3.479641484393717 -96.60048043726106
-4.731474532563475 4.600558982599255 -88.40983937698775
-2.12004372986384 4.8175908677047845 -60.33260844480663
5.485100489815651 3.6020664137251517 23.65456323858653
6.288007667809341 1.8570996985910415 -96.40942606662064
-0.2687150547537005 0.28007665130092535 93.5334075799196
-6.160568399308921 -2.241954725611566 -72.53812199403117
5.559972723333057 -0.9921142068177863 4.1029523678540825
3.305961063681712 -5.795002769343221 43.89405162406087
4.928263947316533 4.303166619724734 -49.361841569487595
-4.3985214105600186 -5.206634531753104 76.61557944089421
-1.8465161788008502 -2.7566854197610433 4.49885616897358
4.275732517156959 -5.0792241222507135 -32.568443000146814
6.386752291164124 1.9697334305678695 -39.13223651980832
2.4477472263067157 5.8119234691919806 -18.954928065523017
6.576376207642292 0.10637995591898142 -55.789085088409045
-6.197844009651766 -1.0133593957086635 21.447294127939088
-2.3768360789316145 5.806051190562808 31.356846476944213
3.091831483295712 6.052765023053656 27.782546604931742
2.821192706525499 0.0812604415454626 3.041835744382693
-2.3558730565374106 6.2815622161508005 -63.610277624112854
6.14611547119333 -2.801419596168986 68.8732982156721
-6.758192235155178 0.2853712395030728 -4.666368869803219
0.22445787959900937 -6.558793718156649 -49.03587444570398
-6.530863221124823 0.7802073177909747 15.287519785940443
-3.8066313180315166 -5.573492354383502 -42.67617180042845
-3.3592799002491716 3.5229074791347115 40.470936263305155
0.04241329696554045 -6.5910074900733395 53.25868722808178
-5.9912226950154235 -2.3818328214400215 24.769489227336038
3.8784707955324516 5.190786914891286 64.90052766367539
2.897796863122373 -5.548878887331646 -83.87715351997593
-1.2579076344296392 -2.7048271774649693 7.8107503169896715
3.9803957697602548 -5.163918195578845 37.75220363455217
0.47356024949484665 -6.448300371908981 50.223229591477136
-6.184638186381784 -2.497648057042941 -50.082342133584255
6.458875300865587 1.7889242282490976 15.299950337165775
-6.5091054706655465 -1.0394198961817818 47.861660540453904
