-4.226417080960403 1.4553235582370416 -31.779277040536073
1.6164525372899852 3.675119477435621 -86.48567522759129
-4.372812213021645 -4.713869460030503 97.58104999350202
0.4741852597840076 6.727051256452125 -3.683030924066396
5.339759458883802 -4.067620966086678 24.662334622833274
5.734688976648149 0.6470338953464784 51.8912362184732
3.488626448874589 -6.129157015723025 51.32113148903919
0.8134833854442295 -4.084805318970266 -94.2981818859827
6.633272014194738 0.8472391270779547 45.634230327642456
4.067673406083081 4.595445106833258 87.87609305552766
-4.836360465921083 4.496893988675793 -10.520925327144967
-1.8764920809654075 3.2568496417080413 -40.848744755053715
3.4555820092431704 -3.8772089000806793 -28.769944644716556
2.384774109260749 -1.0896528001506836 82.91663465854262
3.886434935152742 5.3158132715397945 70.67681646208841
-2.76259686347786 5.063673240326496 92.462794228208
6.1783761517161455 2.1146869225262317 41.00544392009675
-4.944865235400983 4.35155175324607 14.270310137417662
-2.8962097499742954 -6.635238722935177 71.34546465092122
6.326484700291766 -1.8116489764613897 -70.53337614798865
-4.50556189014547 3.3541596190794376 75.09489253011627
-6.236751160266809 2.907451023565353 -94.27881107801592
6.089578613643372 -1.1850410538647864 78.04239428355746
7.059984589966617 -0.19015196251181127 -99.0047550560657
0.9600022285129745 -5.697566995641853 22.68073555136967
0.7720962094076188 1.1673665226240884 -73.43700815048874
-1.1460573807152594 6.545362198088606 79.41555078140534
-3.3978264722959564 -0.401325786116866 2.1022817651354155
5.610227963117414 3.158135183392594 7.40320233746675
4.450465546587461 4.944862537127041 1.3459662726102002
-0.16712342942915437 4.569818529652799 -53.67813708506088
-2.323883365920765 -0.668061232523343 -96.99442421150012
-2.9957751376418926 6.213329539730357 -90.72099373566164
1.4301981958334997 2.116740371890884 -89.29119525764811
1.5276301907265526 2.4279211112831884 29.754383799803335
-3.449425181902377 4.911937522359807 45.04700288594276
4.449691280268508 5.038583867384486 -54.53600428765906
-0.993561218848739 1.4887866378291483 -32.30762524521075
-5.839283964220232 -1.9664986814360246 -24.176573599678587
4.197732025484159 -5.282148270573782 -26.16277409684238
0.20330062541232274 6.229160818389945 -35.29840202339266
-4.234109354454599 4.952522651737582 -52.34205026426995
-3.281791335742581 -0.0983983636718686 38.89137192742703
-5.237875093750149 -4.401708677977522 -32.39630457932173
0.8084744491912912 -3.974130877260723 74.80699778621138
-6.023382807437664 -2.6629231413766177 29.37948186073848
6.062531176259322 2.340790284835146 -52.728248875721135
-6.382524798488527 1.1393280796118084 -55.343691778252584
6.289336866324021 2.2064275480591675 -61.48431532097113
-2.7304472508640734 1.5941328685022969 27.105367836782253
5.222869723361903 -3.963546991182394 -74.46925463047488
-3.1522266589202244 5.694285662501144 -45.70548431883886
-6.572213793268193 -1.8505318865782712 -16.146150060619632
-3.1664730864342365 5.6276293724785935 -69.91683133415319
-2.144278683375896 6.191578590921429 85.27926875549825
-6.025928467087809 2.769178119494283 65.48631128335622
2.7369103859648667 2.5058574935859603 -39.63984941776665
-3.5452833036297022 -5.501358867451205 -87.5674597551993
3.2953573025803737 -3.726920487616081 63.5971166424777
2.114559020726892 6.455280461517886 77.68352785398139
6.301237155526195 -0.35533655484873483 -96.35285592051342
-0.044481736017048856 -6.184378578844884 -42.080721829661
0.5854339633615291 -2.9945600537245776 -20.322857502956893
6.55664698081796 1.079088554024986 -32.67866330751978
-0.6710830212692691 2.7937231703265275 -7.439092026040788
5.651598590904585 -3.7525834060113077 -58.89071805872702
1.7664631596118823 6.360907425931183 -65.52403972115331
2.3289884469608197 3.113423196857435 -93.8543102067578
2.275521174430289 6.272415399868407 -83.00289070444676
-5.482417625029652 -3.7102477257332853 5.856375302441774
-4.0887109293002695 -4.266914588482315 56.47027174199434
2.1206994662202763 -6.087183244308542 -36.36398084270597
0.8150722366506651 1.8573118126803618 19.134346643283784
-2.5123911069858527 -6.074759031503015 -33.332239482663994
-6.514359944768571 2.2640175664103945 41.66981094996415
0.679181652805562 -2.627792365515209 -62.78532263278049
-6.0408538880094875 2.6012842983377884 54.00470179381546
-1.651851685269956 6.44617573116675 23.519852664124993
-1.1687552741794227 -3.6612637898059046 -2.3349677045939723
4.705054814538977 -0.03847594138824699 42.59486103017643
1.203547083509802 -5.909917286076638 8.864602563347008
4.511168550130253 -4.789086524277075 -14.537438498375755
0.3535577673215441 4.884286629749222 90.90198165366536
-3.2272803003865462 4.628226059934507 62.66987766348434
-6.381907165027285 -0.21960568049231177 -77.55949610419502
6.248651987079462 2.6146409766056644 77.99028104086082
5.279926138477053 3.549958672839924 46.44689840268786
0.4741226033168016 -6.308617224086707 15.88827399851475
3.3320162708012373 -5.804722981080793 -97.14798871655401
6.436770942143135 0.5439942487813028 66.95845086322065
3.866849966310168 -5.379170436464176 57.949510222084385
-1.2710573377184446 4.001509915350722 -79.68805905244558
-6.60331530255232 -2.4341876180998625 14.866762516772704
5.347120543473105 -4.212388506778421 -67.11679172801719
-4.217061184141746 1.193877279578568 52.06322455397284
-3.445814551246619 -4.160268910229177 -22.808867026172685
-2.724220609669921 -1.4627743771083308 -83.85384516608859
-2.632365368741523 6.025726333448928 -17.154500454698983
-0.37065091174987946 -6.533030587004406 39.35583543477267
5.441886919499311 0.5358622828630377 2.811747734691723
-2.089406618157719 1.8879224047450363 82.0171896120477
5.9365814487847866 3.2176535563434863 3.710835144821312
-1.9854063088489466 1.6884502365767693 -62.768300918589894
-2.363158144830396 -5.472890620333737 18.490247108679075
-6.230623443481467 -1.6679276671733994 38.73995163429777
6.598173497551411 -1.4269384368971292 40.32124695116049
-0.135688696028153 6.599436676900159 18.861055720740723
-4.360660456594129 -5.321405681413201 -94.65994444713773
-0.2582124366390338 -2.179537566032684 -66.57507788159359
3.467653292310207 -5.186130174564529 54.29667247299446
1.4492666288452583 2.31102459546128 -3.046679085554457
0.668938279670005 3.778494770639163 9.415804838009922
1.193439422208117 3.486211821518985 73.52803692299058
0.33813266448164825 6.473890855157684 93.38858824347562
1.0576111318962078 -6.0031828573341866 -51.386468458661234
6.198784987927396 2.983158371026591 92.92431207485548
4.477637883304916 -4.816147991311284 -61.608346146337006
-4.139225443701556 -4.820571029301864 43.29600218102831
-3.5609404323738922 5.616983023217208 -37.14113279268618
-1.6277103161124409 4.422742902727256 -83.64890039978185
2.4795629155023686 -2.6932835382722793 14.40262521777617
-4.477247734105317 -3.030627227380994 1.3857550885621768
-5.340115537832357 3.6915639660696993 91.70884958846598
6.353317742444 0.7813666658373584 -74.90305319530763
-5.988762748115171 2.9235719074928834 -76.85584543751936
-1.8351615567997055 6.528013003916843 50.51459976725281
-4.884506330804134 4.2117748256282175 31.420140261180684
6.0698384557909115 -2.759541719508322 53.00535395412619
5.496459132395821 -0.2188508142179882 7.800506693229651
-6.644510083525893 -0.5403152496276081 -26.93907988874614
4.638479368713956 3.632512343659974 12.228036539810622
-5.03087848938649 -0.6807310787660288 24.079378097356916
4.179789863408855 -4.430154481301933 86.11269070156098
-4.880836755981485 -1.9558201220671896 46.3919925221472
3.470949173259096 1.0853061077485087 27.123030472570065
-2.031810107313577 -6.36245417562638 -66.02057927747596
-5.387266288418501 4.961309892020439 48.44781849538686
0.46781827596039327 5.992034389588572 -32.20622576120951
-0.9154733155457211 -6.479767582892132 73.59992842047762
-6.762614906860757 0.6858955226918318 -52.10712244851506
6.252744903530509 -2.733879995446524 -35.38199264236482
-4.670500274883694 4.7122194145136485 57.0218371507813
-1.2133707683664179 6.51688173437639 -77.80230015393704
-5.248856431492628 -3.175934559144691 -76.88001265712177
4.915446541027954 4.216720342915709 -64.3526193180781
-4.226468894112313 -3.2107089417256187 50.225615762371675
4.699031374608447 4.89235901424377 18.365431627079804
-6.568774750104729 -1.417992533030149 -60.342244332887354
-0.7009893439292476 2.6962802287847176 -60.226363303052004
-3.659349451766006 5.630632333939184 -94.61239359316015
3.6630934694987145 4.822833954487186 91.01714372650169
-4.704034558414322 1.4314905246841643 13.936387380930707
2.7192420919496225 5.938731548384208 38.97262427797689
-3.046493992808831 6.070338251149356 -3.2424352011675523
1.6003083553356827 6.301262835475867 99.74912024465546
5.108004286683352 3.243843521090364 -5.63269917282999
0.970949779914906 0.7529018857200617 -62.01227158005838
1.7805847447951422 -6.289797639328865 3.6394582506428472
4.112083065912018 0.2186720978893198 12.021368978550102
-4.5952256966528715 3.8114734738199822 24.964810550771013
-5.344723131895706 -3.875607411745695 -57.86646800816822
-6.731708545028626 0.07363667733906461 84.5975757157703
-4.7458426268478755 4.0385106059757145 38.16516042640035
1.2663634440222344 6.5765377597830685 42.628246919848266
5.5353000676968 -1.9381343235047204 61.22445208913235
1.3946739268759893 6.274087977857099 1.6732946409583345
-6.192725461221627 -1.1913365866319812 34.8479918598263
-1.5166366613003772 -1.4721142759611596 27.98544183973801
-1.7178488279827164 1.2656576197816054 50.71291047339282
-2.5479926112747786 -4.703169541044878 79.3673219138611
3.4441152924857783 -2.2661327514456406 -23.99518174046189
-1.2723169857957097 0.7774834911617978 -53.87495937273465
2.9030207082515185 -4.811150526286533 -11.356247811728958
-4.313183223123939 -5.199168718977166 -63.99392702179244
-1.9137750268294789 -5.982035689267621 -94.75796373178235
0.8770161120422303 -7.0040648750413075 -95.54548211651885
-3.249733411626066 -3.5108480266954745 37.601686753617734
-5.35606643344064 -0.35492045145222717 -20.61063190986239
-4.43283500884396 -4.985399862669851 -7.68504963957587
-5.865866894926198 2.98152827336686 -28.245854139819258
5.965130536294154 -2.7336190641310205 58.586252020963684
-0.162613411938562 5.655721000430151 -40.025574511087115
-6.492774366975052 -0.4992783607872618 60.36241643611617
3.614665663256716 -4.627981241607677 -80.4348376562811
-4.324825732445314 4.526475789387347 82.05122817282279
-0.16855076534239388 6.492438993520216 83.39023806137882
-3.341027557965465 2.832119451343139 89.91455860076083
-5.99764697859804 -3.4289736172855942 69.97259807849571
-6.279440770437818 -1.2612411439396258 -32.827230244788446
2.7034502673253518 4.479046711287325 -61.00056215336273
2.606119175579019 5.96431484353539 61.31771857939942
2.687216666059564 5.689729310373138 -26.704320225175934
-2.613954668529622 -6.365243832677663 55.0925703616376
1.2340207131201786 -6.544487955751794 -67.23444187536268
2.6971427755692123 3.5569400729170306 41.644133186763824
-2.5569232204739523 0.2058561311223236 -71.28390132764274
0.04402220233939794 3.892943852882039 35.9928275003889
-6.180573255209216 -1.6237433069798188 67.2321647181161
3.992318375712634 5.573782180989046 75.47555394658264
1.8120633233227657 6.281496566179701 45.77354541289048
-5.113723798689217 -0.6266090650627022 -88.21727921488036
0.1333850909641789 6.559520709112163 -74.6330016170899
0.00037288479706010236 -2.9231250312900507 -83.58347008264911
1.1950596513720155 -4.136275951787358 -91.2715801940102
-6.586689235725439 1.606353269704444 18.705805006536593
1.9245148375562633 -2.9658750923362627 58.55486827248742
2.3088936426024094 6.1415343659759944 6.0409238067844075
-6.43065835554085 -2.052838744480389 -85.14605639201844
-3.6812237315541187 5.309437593428945 -81.4723827866908
-0.1319334132899436 -3.562334226515631 67.53655979061732
1.727758344979025 1.5206076691072725 53.97330130649297
6.690946312868741 0.693108278319215 16.193439252890332
-1.7237394140945002 -6.631747580312055 67.90078913812643
2.5532163253501423 1.8091900200360098 -59.8491958156096
-1.9595337813852682 -1.7750006180584306 51.50491834811635
-5.420234504538135 -2.3454222658984945 -2.447207158178454
-6.740944772610738 0.31937677651002533 47.043390087639416
-1.3032387465943462 3.1704346725939634 24.167657243308405
-0.6473608595457663 0.6511701006134416 -94.58850890694295
-5.223534928907334 -3.921992325345369 -80.67264910730674
-2.259042405552879 -5.7468135972332 86.31545673345332
5.954074092523193 2.7018615432603608 96.03327449527691
3.8608969056268867 5.48840738990011 9.820340341239106
2.1679920007088147 6.2175837944984185 81.0498936683728
6.2468719809976925 2.4185569324477396 55.79422445605495
6.758257836620343 -1.2608518085100784 88.76055717758899
4.80067516141727 -3.002030854486155 5.280508595941149
-0.3074718436666076 -5.360001259187577 50.03692402225687
-0.3816395214521725 -4.274261615307164 -29.31120456193284
0.04623846461090811 3.833894955954021 -44.157733366512716
-4.780219361618223 -4.796084439156917 -17.41027715589935
3.9343864103603785 4.934384363559516 94.68722587019738
-1.364326053120177 -6.500570068453679 -39.14115935751017
-2.8066036032563884 2.5191359577189094 9.864834099650569
-2.9303111900420644 5.880750368640262 -42.297634540441784
-0.6316386609179578 5.759600594935101 64.91125176660194
-3.0119153033383905 -4.567774480150077 62.207689938339925
-5.158757917955908 -0.25795242674050334 -65.21367642333476
3.0956469691266864 2.04965087190256 93.7695500279345
-6.848689064290074 -0.7442100613552026 -29.90099662040408
-6.219660940099377 -0.6779043397780044 -81.12213040296137
-1.3356384558982155 -6.142064235610708 57.89071868119353
-2.1169375244653956 -6.496396832629003 -91.7927782101615
-5.989326494652414 3.0597683468808983 35.19396942828208
-1.7383426256005945 -4.7048063865940195 53.25353262453274
3.241381506458254 -0.11668313029549063 67.69905771054302
2.2585711100712182 -2.689318631178879 -72.43232618341537
-1.1603444451216411 -1.8297497739517719 85.7938818625261
5.6546219353536005 2.7517029194076157 -16.08490563776822
-0.161316155461688 -6.691941364864761 -63.69323881581653
-0.16157110918294182 0.08945504591071556 -27.77581380880227
-1.648181571633437 6.5714028145546575 -9.646508522037857
-3.3268338160005673 1.6877446969078074 -21.716949164996226
6.050105941445057 3.5332637482920455 89.29759536366393
2.7387944030531766 -5.854271510164499 13.173087830204885
-5.285701058941349 -2.54697937423952 -43.08852971465077
1.934449524197222 6.1789746924030675 -78.7279765364951
5.369128147650952 -3.576056999470641 2.1255375878607357
4.735770062625558 -3.8194988224000213 83.05740270894583
-6.194645387298118 -0.8958830627260442 64.33121904719768
0.7723479021349651 -6.22996264177219 88.62911969450758
5.805680693208926 -2.852503728056746 -19.629197300308924
-1.7781240071210511 -6.079087784263531 -49.71618814079423
-5.260033475645908 -4.501741680682092 -84.12787865228826
1.0557154906534474 1.7780688126905015 65.36983317571229
3.591111480170207 1.2385555887684634 -99.36827170469101
-5.832747106485871 -2.7628424927133257 -5.88509019202893
-1.574313524025472 2.539157298382441 -89.8943996640796
-4.221159558747075 -3.69161545490459 -73.63995785730305
-5.367307803415007 -3.813950245252408 63.91002251051607
4.633369050692659 -0.7430778592313771 -21.405236530111736
-5.761752441453278 -1.732254558085197 96.34751337107615
-2.6814853441208797 -6.108827652094685 -70.24103686930675
-5.633443636200752 -3.217355756689352 80.89555259788251
-2.5203132771661156 5.893341145759338 2.887520221021952
6.137854315626975 -3.014940455364724 -94.83497014041785
-3.0692690808487693 5.8219709410657545 54.10472999374897
2.4893021839458407 -2.022039282899218 6.886989611545988
-2.519401206396384 2.42816495719527 67.18615819522282
-2.001928219295176 1.0923948939932102 87.63139049870661
1.9541808370769902 -4.041127863392681 92.22752031071168
5.864006697300702 -2.7408930980212407 -44.55432624886275
5.718627029329082 -3.124714272870633 73.48578463488735
3.4519208697765347 4.167131436565439 -99.73454661215803
3.5653267165894773 -1.4808093657638517 55.637970188225964
-6.569831400312658 0.026917655005072816 -11.753880313624784
-5.342844084778106 2.575155781952208 -35.634088604395735
3.3960882704595328 -3.5897133292377488 -37.45162490962052
-4.358743805525488 4.563625701480911 95.21560385550076
5.59261783625509 -2.74977220187585 91.80537834867953
-3.8588772877539603 -4.929101571196226 -1.5644408297920191
4.882662782932113 -4.184764671598317 31.76966685834683
-0.9602194467941317 1.7559879510642484 7.936027357600125
2.5712511419981587 -0.33382859543029186 20.671906022596584
-4.341069812600586 -0.6602177255301922 71.20472427928797
6.407337350645997 -0.18419521791070062 98.01322512116859
-4.3898422402045005 -4.364644587236527 10.926702512782501
6.135649457494588 0.7821793888643807 74.72260404211393
6.6676302230328455 -1.7908058161753095 -40.8768732529338
-2.5810420095907305 -2.658279557592166 -26.485128561032454
1.0212621889037563 6.444612150816279 16.047421481610876
-5.550690190056553 -3.5552985908751396 -29.614670605134556
2.5251623893869626 -6.046727221511049 -84.36987783305665
-1.7967638146936673 -2.176365070293417 -88.61104971373032
-0.07976778622426317 6.572007081819729 8.4743972545802
-0.14179441180901192 -0.8333315314909557 69.1837650962892
5.220224720201414 -0.7223866276715923 37.63754233999602
-6.4291894721370175 0.4529535132085766 77.02539571086264
-3.7926530710572712 -5.6558222464647905 65.4073222704218
2.7056260188504013 -6.115744214127563 -93.52489828921337
4.811879711012057 -4.680636559503043 -39.693388550873195
-2.568922304705653 1.052860398183452 -12.370113389058838
1.504038936644143 6.098619886848797 -9.50583115564958
-0.06918458389326959 -6.021282636228279 -10.690155100878968
-0.44508291731505534 -1.3591040135547 81.14651337219651
1.8692471697683888 -3.534438590545446 -17.24186578565037
1.7457825330348549 6.053821340977506 -57.96985787217639
2.527079982626822 -5.837838862140967 30.09755751249249
1.3165832875875616 -0.20403293347650225 -82.2783979940294
-6.643127506538207 -1.667929795923213 74.46538345849835
0.4931088990413067 -6.899383545112409 97.20869967720286
3.061381685275275 -0.25228553450469193 -57.47588869403562
-3.1908089642442006 5.346975920565866 -76.23547971608733
2.230729173629945 2.6405003335062776 -27.663327046399502
4.647322169618554 3.3286042723652836 73.50934420724414
4.178990869587244 -4.688869549515042 -89.24749375653356
-0.2733880813366108 -3.3246203694233643 -57.349075908117754
6.00859665071625 -2.5792462483591216 65.72360214431949
3.324816134619689 -5.389704529828339 -54.98369407156894
-3.5892075237660843 -4.01347523967062 71.03308141213668
-3.956563654400398 -4.922963056554531 -60.50598453809919
-4.756950237854614 -4.631788765245114 40.167890097666444
-1.440224696708841 -6.558255445141815 -54.56509130687658
-4.419320295654169 4.70034855652081 -48.535219094228864
-1.1499344585535953 -5.941975980035763 33.088775795178435
3.146502902136719 -3.387677867047909 48.94055064734762
-3.7041825108034385 1.4287641556043458 19.814495771902525
5.5724693207987 -1.6101515133980973 -90.2232655640087
3.363634983069399 4.777610159644635 -2.2718310834749285
2.4743661765272296 -5.580020182527128 80.78436355337013
1.2042996064248437 -6.72598951406773 66.51477027393115
6.568177203997413 1.080682048329729 -64.6069862867251
2.382492560394302 -1.7671920892267932 45.464355990209356
0.31875187925924287 -6.586145168474792 6.146003077669922
6.427355654156408 -2.440841510124893 11.107875227334475
6.566874103063531 -1.2596463465105499 0.7431588084714212
0.7608851971781099 6.634358344065711 -62.54528059453141
-5.834265797557994 2.9700412033907893 10.354076121180741
-2.7580258158023234 5.629224072841613 76.13033364329186
-1.1208736083436217 6.100524601238922 69.42988797716748
3.1117289848663794 -6.045709946716331 98.92165618108082
5.388309857483953 2.4716743296119232 -28.438328029375867
2.491738510723032 1.036209399804151 -47.51861922681714
2.9015962992166315 1.7916804287774515 -24.288280775069886
-2.508513247507011 -1.3136311494022794 -35.023164539311864
2.9223473035406373 -6.189576768662043 -20.79548820880199
-5.168349978918241 -4.0203124453369945 17.455572006639116
-0.9261862564565568 -6.553137249592846 0.8210519712298152
0.5390609162518587 6.496761635731524 73.18653546702005
2.2096284597092413 -1.1572811828146323 -96.12045690546103
-3.8947656525732492 -2.8913261047282717 86.65017222948272
-0.5482362201987516 -3.388930462891833 -49.07818190285886
0.07863476649043663 -0.05795428004843975 -58.568204157221984
4.925977175253415 2.69880414943104 83.00242083623823
-5.009966619465134 4.03545043621698 50.50803919072005
-3.4479605285365387 0.7492959868964717 98.83485526549306
-3.5167449213549387 5.656078548196599 -66.92619993627007
4.8535835384627 -4.020730848184039 -1.8734658048660384
-0.4303248327603115 3.2761739358356095 48.06032690661809
-0.7080001328858885 3.6428476221542976 -17.239209904163747
4.8731859223211105 -4.43547013538295 8.368005172238483
4.12295344134208 1.1642389021302793 -92.54472854521775
-6.46196367118292 1.0898237165049265 -58.71596359102918
6.507271197341226 1.2714706002541543 90.38158911707004
5.287104775907055 4.11033233521436 -25.375970143991157
-6.846633096427505 -0.016028678053456438 49.71240794295609
6.263763591008296 -1.356987554659936 49.63648039050856
-6.312135042631271 0.9439113935942469 30.53764244627228
3.229481825782634 -5.728995242824877 -69.88779684331422
-0.26914045880032306 6.642745293224335 -69.43907936530626
1.742677855020586 -3.047013029150478 -8.271772605368701
-0.8073176142873908 6.573701833217374 -95.94389657472641
-0.19546169239712358 2.2106113221109314 -68.41772338832351
-6.765420319150516 0.09545107489863855 -35.66304430677265
4.1916773060187875 -5.2673600773276705 61.15736787233863
-0.7546011928071328 3.095852150980097 -35.37187250372111
-4.995323321461688 2.110991681853727 62.60853482556409
-0.4681170551119993 -6.759665038337212 -17.185006438766862
-4.823000251370419 -0.8007511787859489 11.348989627641057
-1.0739267982501055 -1.9459536127413684 -41.40826835156277
-3.361238730326562 -4.597931397909388 14.282810698255126
-4.602640879530512 4.292699626290385 18.16508220677399
2.9169309399325307 4.191859836774106 3.4825793350504255
-5.814702280177316 -2.8250473516807766 -90.2716776305916
6.690261043806775 -1.1529941667263537 -78.89755742907492
5.7313180356731745 0.7157504232821714 24.567441236666955
-1.4041788901489611 -6.092277052067724 99.85407227414335
-6.637793999591437 -1.6828281216759988 99.99066811658352
-3.436633762783517 -0.07333156465811252 -9.613839835156968
-0.814984922142795 6.386463002317999 -12.417998993174383
-6.509167947482919 2.036874185774361 99.36404653319025
4.5329869082411465 4.19993347241284 80.50958532475369
-5.795191139062018 3.4234342280328267 -40.83498735111482
1.12944587999979 0.3606745468333855 -37.661463657169705
-4.997412668405296 0.8737117055090458 -83.98838652596723
-4.011293516718154 5.304279618752521 8.956449775652993
6.476664660657161 0.9823709510833378 27.896715567639312
-3.0764277469770063 2.436532823432475 1.589817765696116
-3.9162965700673853 4.425972462464749 87.1422867397645
-1.419879433840062 5.786404537962072 11.509379771424904
-0.5036993169617713 -5.767387776101183 25.411692923867676
2.77775015146882 -6.255273251773969 -3.8067174889911524
-4.048099843141658 -4.669405744740465 31.286282515506176
-0.25092839280198104 -6.701649990727141 -31.578314531855238
-4.459697606885388 -1.5292892312222937 -55.20240427732969
-6.371878518952629 -1.6272930176403686 -47.342710133887316
4.34625760850613 0.5987063248037947 -35.21220871667586
-2.6654815431717633 -6.416039382929943 46.2252101512387
5.983969474826988 -3.2804368866741087 43.704165072141194
-2.335625664917356 -3.476972811714234 -53.268408038579516
-6.5452522332459875 -0.022039765974524502 27.63968771471474
0.7802934322901856 -2.294729775648259 52.75114311462582
-1.8992202674679224 -6.160227434008289 4.064734729758089
-2.4539370281469886 -6.164119416018311 -20.686903432529796
3.4776619854526207 5.439383822714999 83.84268563328247
-0.6781807452378488 7.001131931318541 60.911394233676944
-6.137634969763871 2.890035312116702 78.6542916625877
-5.753546685570981 2.289764960357574 86.29321086597591
-3.92436459361897 4.792572850402946 79.24101196905968
-1.357528380879494 -6.62837111598676 -61.064968936504
6.779233611218945 -0.6685453942962957 -37.71426143792043
-0.9859537220858934 6.689506730372404 -51.60307904082659
-5.164671440906033 -1.8112753510581558 92.61028773458774
1.147785025565992 -5.763494733642244 77.32344268213487
-3.7272823930607455 -5.030499875289288 90.73258382159122
-4.967848778423975 4.707018416508229 -31.998539728573714
-1.7650884344584579 -6.638456041310805 8.352744665844899
2.582464164200493 -2.0540638383001237 2.227475959841462
1.010579269757492 6.841075585404786 88.50125076007068
3.7714690316884494 4.8962775511571115 -88.90816496085655
-4.508260892792926 -4.77035314592502 -67.83179714675238
-0.27745364632461544 0.030539424531460246 -86.0181076270474
-1.5299492764848064 -6.509465269172918 83.49298705678912
-0.4110319342390529 -6.756712189199783 93.36147520476666
-3.0853211701400705 1.0354660247536622 -81.83779144909468
6.109900281679859 -2.8816376991493033 -28.52084254147351
0.2725567092291964 1.88777768696174 -49.66911098705646
-6.5078627039864445 -0.05352064701516507 -95.96233131059027
3.192430664088017 -5.705230113862999 -65.3091836998456
-4.21520559555056 -4.070128867664294 -35.331156843370614
5.035466175354996 3.000730300785247 -31.340568920224715
-5.521973730144005 -1.3258659082456625 56.710047026153255
-6.066403515505764 2.773002860409262 -2.2680359932777687
6.864838582728604 0.2667628256480338 -18.91708109446911
-0.555792406784635 6.6411767877035075 -25.092699052355293
-3.54660049910618 -4.6480699718201866 -97.83981990130647
2.814988859074112 -0.6433195919632821 -2.761693998361666
0.7333108000478741 -1.0793730071268612 39.13196916770285
-1.0099974422718756 5.707983717644421 -47.60259879418537
-6.4573499981738705 1.0767447202871068 68.06861804864842
-2.939224668978605 -5.974699854530858 49.534072808722144
-1.8305631877574462 6.325020807000376 58.55167572801932
3.912112649751046 3.1218740588353158 -84.97441386767775
-3.409032890285238 1.5079015402835183 -93.70122936923408
-5.774239994360295 3.7080702090725506 -91.33392684123152
-1.229998669778704 6.3227296512663544 -56.58985478439369
4.831407933553777 4.4716875394689115 22.28070305116514
4.722816354821573 3.8154743312893182 -95.79700692465047
-2.4775846704391347 1.919712386414189 92.86143234602791
-5.465861617459509 1.3091769412913732 -74.35344504572451
6.8593765108752125 -0.9566509844952833 4.098243694373768
2.395698128498484 -6.814509203905688 44.51672451771495
4.610158400197184 4.514476802413829 -48.84803265527885
-3.8113697937373945 -5.303876777047819 76.63231105831476
0.7029558337513098 -3.3448587464924375 4.844679794208963
4.334213128022381 -4.814029007743932 -33.41016310088005
4.86725111264181 4.596336499526938 -37.186624263031995
4.912939072684969 2.9245220522567865 -20.220667269581277
6.8101352049432675 -0.37971519334224535 -56.5385173050459
-5.118012318824948 -2.242848530595106 19.900196150056377
-1.2724591996546954 5.240185504085052 33.17621745608756
1.1809734769540077 1.7000996627476779 23.35856441153043
3.8822685038094416 0.2311348273599339 5.1492953399336345
-2.8160252099929433 5.85775868200371 -59.88768476228105
5.0524829723559606 -4.378222913594263 68.33281204344382
-6.306083122500388 0.5204400111048312 -5.923861894788673
1.4592073338222538 -5.681429683458533 -48.59482483841496
-6.857769508268188 0.4226131880688831 15.503450024432222
-3.3279027988827634 -4.517905989880844 -44.319343809617244
-0.2374337930184805 3.518935399125988 42.51041993935446
0.32682718585375514 -6.644048255166055 52.76839070114877
-3.5712363499569273 -5.52050748941289 25.58140538110623
5.155830748994045 3.6179584383606733 68.77177447638651
0.19184686234475218 -4.743276992057558 -86.5651066704654
-1.170040905976021 -2.4753417587797633 8.918344607770694
1.1611445310049784 -2.4334116970988626 42.654720133237184
2.013170383348935 -6.8260577173754236 49.08598463741942
-5.654022589797688 -2.997706701201921 -51.30791082627408
5.24286322940137 3.5805072275576424 15.175785729504279
-6.553302343240798 -1.361963541803889 42.263167044545426
