-3.2292378243829045 1.4598059391147875 -34.2735175984869
4.234367322654938 2.3952567945744176 -87.988125942964
-4.857542321845923 -4.058325911121096 97.15803078317157
-0.009516938368125796 6.513179451989931 -7.3356742091029465
5.371535233354444 -4.261877649339191 26.88658114109861
5.667757668572187 -2.646361240568613 49.9088920952167
3.671346940352979 -5.36727373438342 51.62966384363227
-0.6608253477246566 -3.9142647706390363 -92.82385042523502
6.6766970402574355 0.3506616451225635 45.86020782287545
1.8713948760450962 3.3565862222742875 89.33012760418508
-6.4075076199555685 0.3914463049861244 -9.031744307179132
-3.9925512761083537 1.7843655942286787 -37.47171153249624
4.530981790822722 -4.739654723615065 -27.997050133011992
3.722540061663765 2.525814386844879 85.94945720931537
3.14198388957149 5.821969241775544 71.93258625616218
-3.6461410321169327 3.4336321825979264 94.66330603512606
6.640027647403697 0.954613550855721 40.63314700116461
-4.972080232753165 4.0982560506526795 15.65680264595164
-3.585023275422829 -5.524998147970674 71.10787783526536
5.3516807116294 -1.9840050136299345 -71.43117629590468
-3.8594206648818763 5.328861594260693 72.0478849845264
-0.8237518491217326 1.3964249478994553 -96.4305516034465
6.361604112043232 -2.2395223588154294 78.88469492462316
6.470125491634978 1.315227395513504 99.8814609532296
0.6790983414846538 -6.464810728537331 22.793948423469676
-1.3885065738111202 -6.417277646108604 -74.17462715964786
-0.636863123918598 6.65026966110286 79.47966733128638
-2.526838545387159 2.5022673218747333 0.844519190008513
5.213562727425267 2.9352416109515866 8.21090665352872
5.090247628921935 4.145899699107406 0.2169396994294246
2.2920622196534683 5.342430929788175 -55.35382146549759
-2.065200857647961 -2.786613513203325 97.63035932424992
-3.170885437864748 5.684433120698948 -90.92633391038869
2.9868306812813543 -0.35181338859470757 -88.2061037956937
0.7842738372764442 6.431480070961087 27.35654749196034
-3.6463134061710107 5.584234726195309 42.34257369230523
4.729804971034171 2.4710239900074997 -53.96296351406713
-1.7300096437340018 -0.19503438999383405 -31.26492122808288
-5.793953068952236 -2.396489181341044 -21.770264534037686
5.1292851802718875 -4.060763333754352 -24.878337151567084
1.7140483672423246 6.367916124722328 -38.9690728597786
-3.0545969776074 5.742919960565507 -50.163410132151746
3.2474346581513673 -2.5380931422729205 36.95476424054092
-5.04787821889927 -4.373387665678726 -32.04808445578947
-0.08230015077812522 -3.669114782633452 73.53849196835364
-5.66730356251955 -3.511456144559147 28.09134951044319
6.423269339251004 2.0937457846491303 -51.52813643860473
-6.549405844173868 1.5725647802902138 -55.19724300823557
6.736684722134671 0.7341683945065852 -61.29174723225452
-4.047211334641594 0.26558118822070764 32.1702864595696
6.569176919910073 0.0820428491247227 -73.75398566614064
-3.764021036470406 5.411046988757557 -45.99374050675596
-3.7539452290898443 -4.351583109383163 -12.949508181121313
-4.968813812486718 4.535693766677089 -70.96003141612469
-2.143933420465694 5.947106006630814 85.46430181231851
-5.712308524772174 3.4611127767488155 66.35680751075452
1.4275981759512215 -0.36965783044208267 -38.74108328439946
-2.245115454303524 -4.881924738008731 -86.5983814511824
1.0874731092863112 -2.4266147666665896 58.72347824218462
1.4641344768377853 3.9658851998663947 77.83425199493179
3.5726920624118437 -0.8247297540667666 -95.07692111818123
-0.06970293411775702 -6.699991975514084 -43.1967343306219
2.16374530038362 -3.3454793472553934 -21.817283098867524
6.236939012109423 0.7196873875258363 -33.563761515886796
0.3278612294955679 5.037923887175193 -13.953085816888382
5.821029731887417 -3.1481245463570153 -59.09496603400637
1.4992332997017193 6.666858289735247 -66.3758161441706
3.7373980267084645 2.8512427816470893 -93.75370551680274
1.8509488901178823 4.9375918838954655 -82.87077798772809
-3.9966072237945425 -5.507324770793689 6.607897397563011
-6.026654744012686 -1.5875035103944568 56.12362114010949
2.957123971839444 -5.632854352217945 -36.376755964651
0.7766292529836766 -0.22268623008798644 19.20995873515331
-1.2584538614771446 -5.577963752043155 -32.09810547201556
-6.299796246599371 2.3060319049438913 41.530791690800065
0.26882000369574105 -0.2714761060144829 -64.29614385271955
-5.97886058709146 2.7877155534963327 54.23348600861447
-3.0983890774543057 3.1240922482128743 22.303364207388935
-0.5029078928218347 -6.277189025349607 -1.650754036012975
4.264545466226414 0.4507940324500176 43.44689919383533
-3.195138378638638 -1.0895752833414196 11.162024582748025
4.734047673486022 -3.973204367845078 -11.660796531202088
-0.7527136603261773 3.6140468767703746 87.41216686953844
-3.2625176254446084 5.743270551555004 66.7037035310522
-6.4286932491134126 -1.6990583416563374 -77.22383011114826
5.396725619921374 3.930606595280466 76.7415948161215
4.906933225978202 4.454082164414386 46.09657110824016
-0.505965631300644 -6.872625281507446 13.751108143700433
3.4151869586287376 -5.500604648230734 -96.78854811492292
6.356078490370965 2.4829019169422275 65.34617835320931
3.824135495095663 -5.076612055386697 57.77810556256249
-0.19100407404048925 2.766868969675516 -81.27013853575674
-6.347129464563152 -2.191330346808112 13.721743325129145
5.826756421852928 -3.0039916788591885 -66.31993729661806
-6.430461350728217 -0.7218638784239286 52.902551599587824
-2.7130806133154697 -5.678740851713811 -24.43755444710177
-3.5017511595128914 -0.9018828402024492 -83.36816161853321
-4.256045330980693 4.684677523080909 -14.849124717673686
-2.767583474358151 -5.924039409155514 37.50150764157628
6.6507185869938334 1.8275561928435828 0.961782333649521
-0.10061900683804648 2.3676721473930047 83.97991489697354
5.937062564390962 1.7751553244562197 4.3075596546622865
0.7042779162022181 -0.31769888083965947 -67.59423996428796
-2.7520711841837966 -5.66593278256601 16.822383304202084
-6.397012942163673 -0.28726247185755643 37.81836248333551
6.37464492738275 -2.0457969114169225 39.615064396383474
-1.638609507751997 6.00837502124612 19.624715736984687
-4.617239582550046 -4.505545484050711 -94.51931195109846
2.372197533017629 -2.940172623494884 -68.65770880769685
2.983197331433412 -5.914267897426541 55.098069770418284
2.8968308250584145 2.866589122622797 -2.0092194495881692
-1.3336523542496375 3.0470167344453376 10.15440742015846
2.8329236752825286 -2.4547396300547315 71.76910618901918
0.07896937615385141 6.661990331282796 94.47749999010622
3.1702836903555722 -5.975716446975097 -53.77908140314976
5.694174733094949 3.119932901138481 92.49332338974332
4.36833252584107 -4.751969400275604 -62.148933145507925
-1.7803640614802083 -4.756494462515305 43.24989877648956
-4.635242170719817 4.60167053851673 -37.984828742473184
-3.531304320923782 5.499552888872615 -85.46284750946505
5.502323431299068 -3.4942330601183356 13.206639917606934
-4.147703733358314 -0.5183672212739784 3.6762466405004277
-6.199576668968102 1.023635118917331 93.74361696067942
6.446225231045788 -0.19671960735799893 -77.1213243973717
-6.341955687885821 1.6240753934706778 -78.3211539706745
-1.8520813406779115 6.237195360259365 49.18800522806712
-5.414615452711585 4.051103115430256 31.16332866779514
5.9355785176575 -3.4187005353876794 53.121840348561804
6.844325902766153 -0.8710430649995464 7.361763900084504
-6.5755888832743725 -1.4090637776363883 -26.892701975901062
4.096371993922274 4.252784683557537 12.337563265107685
-5.81516541692435 0.0032038724086436866 23.458000616981238
5.257767913221577 -3.751851269501569 87.04811058793588
-1.0867536105894573 -1.8281160421401068 46.69766286124256
5.423222563046734 3.7827656203211766 27.447035955228536
-2.1844747370750057 -6.581095053614104 -66.23607863828053
-4.243610016231445 5.2701026915104725 46.980753917994306
1.9202124328182724 6.095371358157949 -30.249398851723473
-1.2649602917259348 -6.223600885704449 73.61393590517238
-5.826180597055515 1.629913080027479 -50.72176095586906
6.035117813399819 -3.193284435343707 -37.961609190298276
-3.5536111663481234 5.204968547747866 54.0812467072922
-1.7008908810007237 6.4458837001771085 -79.96065895196973
-4.383934647403208 -5.1764902077043145 -77.6568948910071
5.706174427760564 3.07958866579004 -64.21129297191915
-5.662296607087059 -3.4650236785500765 50.95103036679429
4.955365447255515 3.8481695938218277 19.0844712529809
-6.389968925403532 -1.7716121680756922 -65.22348850088387
0.07579640221155551 3.8220593349005316 -59.780156356625014
-4.295059079235087 4.686237517793286 -94.05681633249846
3.8378458492814613 5.346247001226991 91.71802673751526
-5.785221791470421 0.5847686257660568 11.311637629992653
4.204071082391828 5.44897047226294 37.36580608779136
-3.6286740224706135 5.581268522977574 -4.238637968589347
0.3977828964207504 4.55809420632321 -96.87454557856081
5.727277248123701 2.7151303565974523 -3.7146662716784435
4.207359655327596 1.2348052373745575 -66.75383652765012
1.4311301644672993 -5.689034654173608 3.205431556531776
6.273736873992733 0.7084746287172095 11.60114432903252
-6.054399501319954 3.248875850246087 22.396968216091864
-5.430216605511595 -3.6880511964129807 -57.4580320680001
-4.4264596811332515 -4.371605276134521 84.60564111986572
-4.42041982511263 3.8296554956570743 39.28218883797757
2.006502300689543 6.324071868053419 43.04362880258435
6.377145626360029 -2.245089981471908 63.612966938303906
-0.14353740259139092 6.610563622114542 0.642699751574926
-6.5000312968980225 -0.8485820074934362 33.99528047338501
-2.3805363729556297 -2.1286803622327426 25.934783114902697
1.0209165659033759 -0.9418006220107445 49.34766967360588
-2.3678556116891025 -6.418172972202301 79.680162804479
2.73910810879948 -1.6512275084033718 -25.50528502659089
0.6533911204639166 3.384474832369008 -53.67518587193317
3.78377013801966 -3.8009567501240804 -8.902619725454626
-4.968818884713546 -4.753280839742554 -63.560881999102506
-1.9689416655690368 -5.804460039305318 -97.82846672223255
0.6852241190712492 -6.729734937842826 -95.81229702435012
-2.080807686960374 -1.7918076218545498 40.40398799604277
-2.6849156648667867 -0.024041505775535876 -15.87776969703849
-4.955277874507547 -4.308317172790163 -7.764601112913666
-5.681826930491854 3.323927220527402 -27.737547649673306
5.853447401223685 -2.975093668043218 58.64750329123099
1.0717803199427938 3.0385722922785123 -42.36236439781916
-6.435830818398799 -0.864571089763277 59.90691232387231
2.054363675883086 -6.244411818804402 -78.07859279218869
-4.452474520358529 4.814137508563687 83.87987719935946
-2.03928795918075 6.377329171183083 82.21112551392544
-5.5946715339671815 2.9653133583316165 90.7143970637417
-5.562273841770851 -3.291095725806867 70.25099708409063
-5.74637794399854 -1.8362769231662133 -33.42761046867073
4.905123793000685 4.010802667977275 -60.27143684151926
2.272492920504791 6.198440921152877 60.478103191420644
3.3816177213738254 5.652736904230086 -26.034630513392184
-2.4334188110890587 -6.27972740711983 55.207610182637175
1.0595158336594603 -6.57162970952774 -66.98647796473917
5.234027872443295 3.6045271151104523 43.42132134740001
-5.924670747294951 -0.6464345241237792 -71.29612746794147
2.0647470346828465 6.191780772706335 32.91311093669978
-6.1385387260093065 -2.033794777312706 67.27821125883632
2.307180664612777 6.003849401098787 74.83960250844333
0.493905683297217 5.907483373415576 46.210478345385724
-6.605196513654888 1.28561314910087 -88.49494830060384
1.724475725466817 4.753903761516693 -74.22470908018029
0.36723771518553505 -4.4512974234043865 -83.32691850763779
0.42069734213797183 -4.233415434216951 -88.59980344314026
-6.297536264577062 1.345526686260841 19.079401493829618
1.9908597927499259 0.336967556226751 57.7808418931796
1.5581457589070715 5.747024345517995 6.122138698780951
-6.476676281302938 -1.8339346200895545 -85.21685284740553
-4.818940137869151 4.777995647717534 -78.75935465647947
-0.9911150602779246 0.2817799826596459 63.79187657857386
-1.2742235937102402 1.6468196154544308 53.84412095097689
6.533177717779977 -0.5713750337312964 18.66101078371858
-1.4616219881142745 -5.806127600842444 68.73982572792603
1.9847862222037351 1.741182874200644 -61.34543884583615
1.886256715486873 0.31943203196281794 52.160087557979644
-5.889882486319682 -2.2295815465374598 -5.667069221315174
-6.149710230170174 2.390543673788289 45.798117592603546
0.8457691393224094 2.596684027393521 25.469942967329594
-0.03917642948796082 1.0590704352786298 -93.04307830938083
-2.604982084713303 -4.800899437136444 -80.45389757434732
-2.66573887001441 -6.060267905342557 83.18126300653087
6.253309167664795 1.5756791583110519 95.5454206936417
3.106773243161437 5.993787611684274 9.024296582484215
1.2791115585664554 5.805372432189504 81.49817111446336
5.836413717513371 -0.18124581405731213 57.070595553760036
6.194118579435266 -0.9328101158375489 88.43194306011348
4.514485336825517 -4.8893755308081905 5.214481064139287
-0.5664853070536757 -3.9046196790824026 50.77384645826977
0.8843964586949887 -3.459932414763231 -29.9835625291704
3.0232276728975314 5.991393968924761 -44.02382495775763
-5.457810830105955 -3.135711140858558 -18.633593029576232
4.6717011381767986 4.646345881130293 94.8045782256988
0.9151861311696373 -6.660432842902882 -38.988191851505064
-3.501344022495212 1.193767744829564 8.178982144845492
0.3746444494530777 6.458473997687785 -42.08135907313644
0.3629679928949335 4.781112652308968 65.28814488851543
-1.5085612706776024 -6.418859264352352 61.7635720059783
-6.19024232610108 -1.7308081317151975 -68.3203223665914
4.310194191474854 0.35302296339709827 92.09416809575582
-5.872725524658596 -1.5008559471090672 -30.07389309093831
-6.097053964270536 -1.2039727372226532 -81.31511788505982
-2.5171879417506435 -6.127165456297941 58.60886536030554
-3.291637731480818 -5.775787925581927 -91.0388187966502
-5.1859148801522865 4.43637961451657 34.12881562583743
-2.6391492025582988 -4.04649555322811 52.79114573170775
6.741683253773084 -0.6038419979833394 67.99626476469506
3.5129660238355007 -0.777533438029633 -77.60770251948799
-0.1983152769190393 -3.5039924969890723 87.85531768314004
4.911295890526872 3.9660704436207492 -16.196231809104493
-0.2736508701733472 -6.449207965078982 -62.97958827669324
-1.2081223707910094 5.733403856727476 -30.47931464963324
-2.6700123975980112 6.20602316973106 -9.518810807132143
-3.760795797844053 5.440119112052924 -23.640451601598382
5.802309123281074 3.685543786681648 88.83349965516666
2.5470820469512376 -5.8635987953845286 11.750441780357853
-5.907967006080268 -3.0703566426761806 -42.65533623527521
0.8960150394739513 6.580036147583112 -78.55359723731735
4.44269623066495 -4.564237663354425 1.0825542683316682
3.994184588681813 -5.413982635377621 84.91998674354062
-6.643503058268543 1.1682596834801484 63.41622493201747
-0.2232450532095226 -6.4529799317838235 88.97315381553844
6.252629884280722 -1.3639219420393989 -18.14871092477039
-3.703672268263211 -5.328585998541372 -50.82540684353817
-4.698315902170697 -3.9698151549110134 -85.30256577612502
4.164787839798467 -0.2527897232764531 65.91807474557339
2.3056318623169876 1.5636042432241357 96.37900296439996
-6.409197796057718 -1.4636585340748776 -11.657171603340203
-1.7776799571952766 -2.558112480986445 -89.44688947784371
-4.70863792833204 -4.530233528404529 -74.84135287175698
-5.39400212024665 -4.279792911481228 61.45042227837444
6.733378930154814 0.20657946351300543 -23.51963077844362
-6.214288302008 2.047309748432735 96.52459733485736
-0.35462303691109076 -6.945075639653795 -71.04120438077697
-5.345864984034593 -3.8879850171996035 80.15061500478184
-2.0689796306541566 6.06733480168952 2.749549913846866
6.278473201108472 -2.4731451380311795 -97.46933947193818
-0.20980769108508748 6.667608588318126 51.698306699214996
2.9550282827599923 -1.1320125190811603 9.101909566588263
2.6446848486068064 6.236613495100366 69.0566761563746
-1.9176785163102172 0.8008901471103453 87.73438140993879
2.6081685511692463 -4.7588316818382905 94.25143089092334
3.21669062378606 -0.7458938452216602 -43.26296803789764
3.587116184434055 -4.152345987053815 74.01389956562171
5.298928862030874 4.289883011042138 -99.48035304929935
2.90461702897779 -2.7454998434691396 54.54217876016823
-6.6468319123371336 1.3775479314131938 -13.111924494224377
-5.401472324759432 4.087718491291505 -34.894356752184166
0.5841787306523466 -2.8921763630736095 -40.10466746520086
-4.663530057128805 4.562905483543529 97.2424760022387
6.0526941098675335 -2.064289853667111 91.58081867003703
-3.3422069718905076 -5.545785520731338 -4.716206927024756
3.787499748424026 -5.084437725538601 32.29767413320381
-0.8990399219490459 3.7179093407457504 5.593253943104567
0.3943991436231711 -3.7848493438563056 24.504290210291337
-2.9243936618712527 -2.136294510951819 68.46790064758173
6.332774615570182 -2.517693661924258 99.04657018214138
-4.196859363264741 -5.240678186709818 10.98443706827824
6.565052168607392 1.7248085484160427 75.16667013403965
5.36583293154729 3.4330708891398243 -42.81180449779215
-3.706809905605225 -0.37365818027240105 -28.693412300255634
-1.5697649692592257 2.313668546000652 14.185916177737031
-5.288034440791554 -4.047127161629022 -28.692996280693425
2.7346070284347346 -6.0573620528642 -82.4900480377794
-4.069759228839406 0.04814184336706745 -87.40733617406487
-1.2081811878108915 5.96468161066254 8.683517410297991
1.3957285132377664 -0.6208670303665308 67.69210900906809
6.411221461489862 -2.1339686035356236 35.233460855897356
-4.243073415550788 1.4392190594630203 75.58936673052537
-3.322802510299858 -5.467312128789297 65.50846808170071
3.06714878917051 -5.823564070059511 -93.85595080185246
4.603165225455385 -5.084321872087835 -45.54729528514503
1.7784006428792432 -1.6771595706934086 -14.18986601844405
2.8006568126953115 5.752033476044208 -9.506847197884616
-1.1616636802951863 -5.885990092316142 -8.055779188893323
4.275764030222084 0.8157332907830328 77.44624628474641
0.9723776124735637 -6.034475487609528 -17.396729993638388
1.4498713373228642 6.066686734417892 -58.21390336770666
2.17508145336312 -5.636435863032278 28.990130762559776
6.583401911861974 0.3346083376512049 -84.57504966646863
-6.301194168338258 -2.4172504715995715 74.71547687057975
-1.1550631721932165 -6.3607765986631115 96.35314129452468
2.89836604950185 2.5563471860490408 -56.856142350227046
-1.7417469274258544 5.397376027811051 -76.65901287372847
5.014843256647589 1.7497312078328948 -26.81465673308946
6.260298994416976 1.1504014287131257 70.6044575124311
3.4751508584149393 -5.344301176812922 -89.66446049212841
-2.835869034043967 -5.635983872112968 -57.70464661756936
3.998912213924599 -5.203913834221258 65.02718117135477
4.80103882630306 -4.390302018591138 -56.3098009583894
3.1084100880233816 -0.5356567520055252 73.77880670960161
-3.738249546127368 -5.278600028736912 -60.62940031585288
-4.4304488799203545 -4.669499702652358 40.24846930959274
-1.8889892639988233 -6.579805880453169 -55.143121182365306
-6.3734062073828115 1.3884405308832013 -46.95933260775027
-1.304581141753175 -6.557080414140226 33.373247028136795
3.613068323799102 -4.818518060415074 48.63984446340728
-3.4206747992191384 -1.2682689755761427 21.545040925593153
5.218268113676441 -3.786382010991112 -91.3235281245983
2.592371352585756 5.812938757912489 -1.7448001973584566
3.2370341409110965 -5.716598823183493 81.60567514410455
0.13720686568545226 -6.629431671770152 65.02449143243389
6.590842044290092 -0.05755392914091165 -69.34512837250477
1.9533503467561804 -3.0152524942558445 44.953076181808015
0.8700061037558513 -6.643816370745421 6.837886531161172
5.40003240260669 -2.592689987775616 9.83853594613975
6.459583734387765 -0.6124879740726283 -0.21695168749050045
0.4794127172604585 4.5183613630953365 -63.09419387802109
-4.516818111481982 4.987718110285035 11.538908155139014
-1.548879871157376 5.103558063004201 75.9946032282974
-1.8400594517599616 6.329675898006763 69.36550433179423
3.441009568035434 -5.547937242623683 98.50671680861298
5.155768452365372 4.4113005383430215 -28.608726848812264
6.213592351803737 -1.6034455751395162 -51.54808945938348
2.690776417399171 0.5942434040686007 -23.597939711662775
-1.1600918873598056 -2.809878256600759 -35.924453743399546
3.6335827478428535 -5.79684826983817 -20.746062525777507
-4.7319570427848205 -2.7204886547638862 16.615274818254573
3.9700001646133884 -5.199467795688594 -2.9268866295457197
-0.00842399731313015 6.279557673372587 72.65787574428545
0.5538880545958929 -4.1306779152599535 -97.48217860085562
-3.385269774722425 -3.9338902209625153 88.32050952674376
0.6751209203280658 -3.4108313051586054 -52.78576181030688
0.9305394121222891 -0.919026052409244 -56.8369996523149
6.653554312141298 0.7017991216250205 85.67084383896878
-3.888700014297349 4.90644367396548 50.8672967125855
-4.227707142366904 1.6723604339903388 99.09480318992888
-2.4407377678410875 5.472140491124075 -66.46045100740969
4.936450991666611 -2.314889006828785 -2.998030851351392
-2.6455655036812984 2.6480920537391053 45.547651554097996
1.4040025888857863 2.6219865438268015 -18.517360720199967
3.4658726840737843 -5.778310653697596 8.3814618086459
6.4934251582930145 2.611427071629461 -91.9933225793734
-4.25940098130089 0.9731289605276495 -58.36507440211988
6.727293896400821 1.1110905237152426 90.33855732071233
3.677269030840197 5.6654757257858055 -22.768151137127557
-5.9170339457035785 1.9613742319210334 51.203436586369854
6.742241778468791 0.6989101035247832 49.169805826968854
-6.368783010973941 0.5017236714957624 29.664390573196744
4.401155054529166 -4.745746021256049 -70.52447064311896
-1.4382014451416985 5.778096367642059 -69.54619038645147
-0.16104504309081058 -6.674917355625834 -13.973517253521372
-0.24587096635361666 6.664852211316703 -91.49609116198852
0.5252572115752104 1.52420293420293 -69.86691768723675
-6.608976528131201 0.06845456055790648 -35.95838129581606
4.444810874405984 -4.871031020815972 61.41478037297728
-2.262805931505038 5.036684176752127 -35.25213604363434
-4.30284296283277 5.168387725699407 59.451750117625416
-2.469869964485867 -6.0339197560617 -16.96421323877164
-6.079851939625477 -2.631866570046326 9.531954241809046
-5.443536885037352 -3.696742428603479 -39.46320069780563
-3.7480738442017447 -4.180889691557062 13.613394109258122
-4.379818207806852 3.9541817143300984 19.12318323404254
1.1832258814678396 5.843460710450724 3.0281308906727316
-6.741553150907801 -1.4451728420816243 -90.40553015683813
6.554765503495259 -1.6005183307935544 -79.98551337032613
6.407682915872579 1.4257987319241199 22.83721819368784
0.20538964581860075 -6.433348229243958 -99.8831433615814
-6.287888023446126 -2.152702704303729 99.09238619529866
-4.269060372557886 -1.0900061926527613 -7.819092090722184
0.24833812404162794 6.7685046568923894 -11.690081626470509
-6.664687903984104 1.6810262361217752 -98.7914786841659
5.13404526076348 4.312418345268436 79.55994951263956
-6.249545393104961 1.3260892833828601 -39.62798548720064
-1.1641682587082467 0.2794240558288199 -37.18814259196162
-6.648675922201877 1.651789557258662 -85.02319487692434
-4.265403420707385 5.356052841902863 8.625306682029859
6.778364044550201 0.6326056397048836 27.282258722071266
-6.3540528978952935 2.559562514117809 1.159742242234243
-5.955551014593305 2.2261504087653625 87.08447884587497
0.7888588372626713 6.614312704793608 13.471399768403003
-3.4906616547255345 -5.633506326487427 27.508650454807302
-0.46350654457468143 -6.705162646273587 -4.8142685461205605
-4.5039391407715685 -4.95969601248399 32.23595093985453
-2.3220482957712316 -6.2160023813046354 -28.996364697564292
-3.497764789614199 -1.6357009917207939 -56.10839545767938
-6.165850994766987 -2.1979413100042935 -46.24759390575009
1.8643165273448488 3.3607330657304466 -34.49702768585634
-1.6919090678173916 -5.861321394795949 46.38047100074166
5.621140362583292 -2.7156746606758664 44.01511115323815
-3.046507441899046 -0.4100426140679347 -50.686895047003205
-5.80890330542472 2.7227087827610332 27.50651684857312
-1.3953938215533754 -1.4488016611704801 54.376365635854334
-1.6472262773849495 -6.34953003466059 4.1584778930844335
-0.23539277126055724 -6.53008594559807 -22.143269617766368
4.278710792322756 5.2073309134462535 84.70430948505377
-0.914776410909913 6.22262271937476 61.08606872335692
-6.726552830189659 0.42603970691204307 78.78821872744206
-5.176001727432656 2.3358151171390626 81.47361167463532
-5.042139477771262 4.410000133224239 78.28146706559394
2.1600820395277314 -5.932054864478904 -56.95712706019539
6.624060126844088 0.13958207616848817 -36.87967832033373
0.03893157677387654 6.482401295769972 -52.345117727740956
-6.693819918547803 0.15944312747475453 90.51437736134994
0.7994250861410537 -5.164921189491953 80.26518550208576
-4.139954989420687 -4.469436519883017 91.39601020434044
-4.071447885324896 5.358103603553134 -31.366533329749792
-2.083746935190294 -5.636204970437812 9.10053167148449
3.489529330587253 -2.1333024347365512 2.587585278123216
2.4838698286004726 6.343261701266012 88.60441650813748
3.151092232826611 5.440074749043194 -91.39154369308531
-4.656617952171451 -3.9904046345641326 -69.01062177939093
-0.9476292319663041 -2.5655489944155185 -85.61223297690262
-0.5528697987709521 -2.2330171162635164 82.62689026566474
0.23695386515875416 -6.87918831127083 93.40722030355943
-5.892408043996434 2.9465584767927324 -82.72724932186105
6.331002003623223 -1.9597718042565022 -28.753491375233743
3.456468061410976 2.256976096088629 -45.24449610918173
-6.506455520729185 -1.1655534169838706 -97.68474934845626
3.0254082628238423 -5.644074889312092 -65.11122775315378
-4.591474999290337 -3.843407465764112 -35.453682841441484
5.566885335621136 1.8418770894462375 -30.91593976383451
-6.017220263176637 1.078300545230151 57.59482590104334
-3.862473249697671 0.9181409308656011 -1.2989561827282654
6.209640919672821 1.249485011330547 -20.476115681154173
-0.2960097954510168 6.768310743288902 -26.664638600285013
-4.916729207487078 -4.547087538031746 -98.79140844962205
-1.7257476694649374 -0.848342602235353 -2.4687386368890536
1.4024471714262523 0.7248979105051755 42.740831606898524
1.3779633222227918 6.190918607712492 -47.90312862446164
-6.452231101630195 1.8459486109751921 69.13311049513631
-3.213117213492149 -5.7224610821152435 49.13699788644578
-1.9598558202503664 5.910277638434589 57.63025466852069
2.7321252463753916 5.805919387377449 -86.6395643460012
-4.515256979263018 -1.1416978903222064 -93.37942783091886
-4.694342469804427 4.638908152166744 -88.38656077718609
-2.2773971448127353 5.465696879069701 -57.964608998891975
4.7883753035173 4.761133079020066 23.08818156363983
6.1529050956449804 1.9521610094618718 -96.36346667341525
1.7691497823150377 -1.6413754125968332 92.09769458201436
-6.655809575919951 -1.701472669351628 -74.241164530914
6.249223897780278 -2.407653934313199 3.3572219658524696
3.1356458482072864 -5.812085013359045 45.605548775106946
4.011998244659703 4.951465609964209 -48.52726765464019
-4.241098425795409 -4.5663617170732795 75.57868374752704
1.178904382410276 -2.8358370871779046 5.3420428134871605
4.747686165766993 -4.443903870704815 -31.97257299697801
5.197057091994527 4.344445446161274 -39.83752281583961
3.596555000459071 3.986348011429489 -19.68664164467086
6.703398217108565 0.02495277640915501 -55.82046529767339
-6.028616444205723 -2.287959921697962 21.221038341767056
-0.9228395088092887 4.900043171203225 32.22451932830129
3.56062080350007 3.1203221390134592 29.585959464132475
1.8937866240922703 -0.23001007405091356 4.667697004042652
-2.6038327036846907 6.046745927322772 -63.263888544111715
5.134268788790912 -3.752243442251192 69.3067613761106
-6.3465146688111345 0.8160584257927164 -4.311786865481562
1.4339801649134196 -4.804365255257293 -49.93284364768026
-6.535791630733291 0.9305931834479146 15.334028106889459
-3.963928730362129 -5.017464870278695 -45.81876716330383
-1.40611624650358 3.6627896472605537 41.367493226764225
0.05950268602946979 -6.781904064850938 53.39278740240482
-5.425139673351538 -3.673487375388728 24.32344568154038
4.166084731495659 5.207644635964229 66.51721978080744
3.524812781905304 -5.082706889232179 -86.4396341575884
-1.1898774098832894 -3.1585046141453432 7.569429640321327
0.48238420446575836 -4.95760378265685 41.2647255120524
-0.0660408554499525 -6.702470592066209 50.245109276366826
-5.844996736177767 -2.5482946132760933 -51.806353586131976
5.188484348658866 3.311114436664568 15.935511961873873
-5.962896526084574 -2.1248946173913867 43.397264550322205
