-4.267988115333549 1.2138744292598733 -33.045177679424874
1.39217847952605 3.6811867626988906 -86.27829865095326
-3.8108164258520194 -4.87432845306336 98.29332915463682
0.43577774266425884 6.589528863575622 -3.6869105311732717
5.757989408146651 -3.5904622139826596 24.491822810654217
4.40270122400202 0.1656398244815283 53.06512792270148
3.481027959494732 -6.139092617387303 51.32594780801001
0.8134833854442295 -4.084805318970266 -94.2981818859827
6.51391173472775 0.29801434776181324 45.406063783992494
3.831387387293501 4.307651699600149 87.36776783611842
-4.836360465921083 4.496893988675793 -10.520925327144967
-1.8383909134706045 3.424745902524692 -38.24752825351592
3.4555820092431704 -3.8772089000806793 -28.769944644716556
2.9418988566273936 -1.7029265229604889 80.95865624127612
3.3597495621646063 5.742596629358974 70.57885033913686
-2.9152182244903844 5.12567695708527 92.41735225452918
6.519293658419321 1.6087806679113796 41.296750611944404
-4.847593905598153 4.411936305373735 14.10070141281273
-2.9100844265235515 -6.357417759966722 71.20749275036293
5.502303672214696 -1.0702567286758717 -71.1009198897679
-4.957748684644714 3.557195583586641 74.63212904944997
-6.236751160266809 2.907451023565353 -94.27881107801592
6.279291607567197 -1.0263715260523494 78.82487774361081
6.994487175502605 -0.23187592888529832 -99.09149746156852
0.684027924997551 -6.505702685899145 23.356078074866126
-0.26008415038705257 -0.7762095852097284 -72.95630109807074
-0.7932482721364515 6.722213172375175 79.3247618378029
-3.8122266042341284 -0.1288033902550897 2.7894769750044324
5.517117605213493 3.0855555518165545 8.473307025309452
4.574320480752998 4.729924640769879 1.1435459887636372
0.5158554644162097 4.779876223862997 -54.4161896942629
-3.2406320194044325 -0.9877748197445213 -96.48789723146805
-2.2712864126983847 5.861676031222471 -91.08334856063476
1.7273417092083603 2.0174958664002935 -89.45054717487862
0.6874558411672806 5.442825818654569 30.879368118813677
-3.2501558294349535 4.8942935232974945 45.17344515407882
4.26755227068061 5.189190986432893 -55.20794798682573
-1.5408399924314566 -1.8158574623182138 -31.165594395291944
-6.01551704721533 -1.1756097621237198 -23.039562767250036
4.918376867891988 -4.4720570070972805 -25.67211862542986
1.6653208918946025 5.400623250431455 -35.348610573413
-3.979241941759324 5.128073449613163 -52.62015825239659
-1.5497014438779424 -0.3134085368319337 38.15488785263845
-5.2310257679458 -4.401036446511504 -32.39323540505254
0.6067482384823504 -3.338042850732002 74.95937286406802
-6.136165074782463 -2.943683362532223 29.61554513345125
5.865625542274087 2.247910835922342 -52.7461680100479
-6.32256507328805 1.1728312837868902 -55.27115714609901
6.289336866324021 2.2064275480591675 -61.48431532097113
-3.5744469325361456 1.5361947031530887 28.12416242783783
5.152874809956048 -3.794119060529131 -74.31901661258107
-3.1567746431563073 5.55593415296035 -45.40623344202434
-6.397189324787293 -1.4825177761550037 -16.04946274351776
-3.1664730864342365 5.6276293724785935 -69.91683133415319
-2.2542417835547512 6.24038854357526 84.8280545881537
-6.040568843924078 2.7897680551592248 65.40496290016992
2.6377693096067825 0.9153720622512578 -39.7829128033481
-3.8220955559967886 -5.190694951753954 -87.62518118182828
1.884555719548013 -3.0695104257618904 61.92640882535953
2.114559020726892 6.455280461517886 77.68352785398139
6.096136303987367 -0.410309452639343 -96.46828830736168
-0.233764416486472 -6.541292007875747 -42.22513236192707
0.5430182678227501 -3.296730922270583 -21.077435106006103
6.772045804385325 1.0811088328248784 -32.702882053973795
-1.1409658466882633 3.0383179298263134 -9.555790964610814
5.571632697436615 -3.748935649730721 -58.81924052590684
2.455012973812699 6.056353343025693 -66.0839584005703
2.4476560115686565 3.051088652780005 -93.6163187551298
0.7842143749591286 6.374859305168531 -83.64654331538556
-4.922382398537308 -4.722372372778703 6.922460360608161
-3.9479928692549753 -3.8260970916468566 55.78723162113747
2.225515392816692 -6.162484172356622 -36.24106594926417
1.5702845519151472 1.5361965658988546 17.64606882002732
-2.547551895250335 -5.615579223749389 -33.26658475082396
-6.093167853134919 2.4163773250508833 41.563377741547015
-0.5026173588717148 -2.637741808921965 -62.90637447109685
-6.108408426352661 2.888734491005495 54.14198211527219
-1.7498543686804255 6.255215395684873 23.199268544379223
0.23182277073151647 -3.376830003144536 -1.9229995327132163
4.641181904873776 -0.06852919064369543 42.76436078089612
1.063782011216138 -5.915414299284283 8.893696349486275
4.549697308500937 -4.804860776656981 -14.499026943164806
0.09428651835330337 4.9261558748772645 90.25286522491761
-3.7469900800512153 4.738302273826674 62.94400044256516
-6.5182830218995536 -0.47816604975217364 -77.3881097396854
5.799738632895637 2.2731916890884705 78.02684810688626
5.390711767185751 3.3791487392623543 46.728073877242046
0.22133295997575186 -6.028179245280998 15.299647478540876
4.302151481751384 -5.334546152547242 -97.21529938269904
6.493469240756325 1.4190482806223352 66.06041549275048
3.7974916606611315 -5.435586413656827 58.12833621943648
-0.6717823215056312 1.9877616438138985 -77.4672537079605
-6.60331530255232 -2.4341876180998625 14.866762516772704
5.6308766856275785 -3.6593631266304416 -67.44587812227154
-3.8663425288697697 0.8993805076891539 51.81248207754265
-3.652332359608182 -4.2048586077932875 -22.69418321702801
-2.7683448815399188 -1.8796692514154902 -83.27230030057773
-2.632365368741523 6.025726333448928 -17.154500454698983
-2.273913751494052 -5.708135307396749 40.09802956002074
5.441886919499311 0.5358622828630377 2.811747734691723
-1.9077270785896432 1.9170042253062387 81.22123346804435
5.9365814487847866 3.2176535563434863 3.710835144821312
-2.2189358437792275 0.8384573460697567 -62.670874102361566
-2.1211320138145067 -6.426422457454576 17.01750046010604
-6.183342110782889 -1.6718202004601226 38.75488248948283
6.598173497551411 -1.4269384368971292 40.32124695116049
-2.1080689145672027 5.706866095863804 18.51455960606696
-4.338719706677808 -5.285062341834219 -94.44148337719959
0.2720612317367068 -1.2026316578574383 -65.64369014164981
3.267784769493124 -5.360426738406405 54.56346774463151
1.9833568406707172 2.6669586375283862 -3.1675736374510737
0.668938279670005 3.778494770639163 9.415804838009922
1.4694974965309628 3.048701743609412 72.81028498699308
0.7109727101200486 6.311374695451001 93.50641357158385
0.79387746384614 -6.129403395462537 -51.54722919736699
6.187674834854364 3.0132307196616317 92.70416125390757
4.602986184885352 -4.799574610435638 -62.15643775694805
-4.023822950265353 -4.625215225099397 43.43195231426502
-4.171591542968576 5.166441717559133 -37.250344272415624
-2.50682859439268 4.250025334248894 -84.14282764978174
3.3891367629500104 -1.990106633720519 13.886138165730152
-4.781016943713463 -3.0958173362161734 1.812864218396958
-5.563212605017633 3.6407847972528424 91.67151015625073
6.641052586689003 0.07230731566389503 -74.92021334989472
-5.938562760557457 2.9703979167334342 -76.96171982042874
-1.9195941097824745 6.5674419118284515 50.23950102200194
-4.980839931001729 3.8412376905400345 31.475692281750636
6.005197876132112 -2.9964795219534754 52.75224097771238
6.126009088629917 -0.5447608549903136 7.301291903037127
-6.888566508238884 0.19922105269366874 -26.49487009033745
4.879407077100373 4.378435063720868 12.270463493013708
-5.18511454755428 -0.41419360583759046 23.95770573881872
5.365623605003714 -3.3746583171924813 87.53032929694017
-4.575094042581877 -3.5099552284624984 47.167585832273005
3.183514563849051 -0.05098662488466399 26.73425714606173
-2.031810107313577 -6.36245417562638 -66.02057927747596
-5.395817578931746 4.944634152375019 48.43648881952854
0.38463222415005627 5.661394407317568 -32.01039618327724
-0.8794103865219804 -6.4851747343659785 73.66823456526824
-6.154083050035942 1.1448732663678907 -51.83973919265995
6.070875864693521 -2.737251298587805 -35.611929592337674
-4.670500274883694 4.7122194145136485 57.0218371507813
-1.2449986710333527 6.546981871903746 -78.28531245386004
-5.376559631642472 -3.4164650734266937 -77.48699423240848
5.156238817187959 4.301182969489259 -64.77544539170079
-4.546973883639015 -3.01273985410838 50.52095190870715
4.699031374608447 4.89235901424377 18.365431627079804
-6.054131067153749 -0.8454043499410843 -60.58358570181933
-0.10609618055868505 2.991073524331043 -60.756834669473655
-3.6911592995240823 5.612905225115542 -94.56841121880619
3.6369409751830823 4.8792365958396795 91.0373378579207
-4.704034558414322 1.4314905246841643 13.936387380930707
2.561266691296989 6.127030890321592 39.03583506222915
-3.7760572098713086 5.597940217629304 -3.2184636788164824
1.5542935957237818 6.505412513895396 -99.24832007049677
6.057941780746518 3.1989029686615527 -3.7148469552313506
2.155861763671181 0.6459318096150224 -62.52077037379372
1.635666475376296 -6.292541519440635 3.6083823103740023
4.016836329303689 0.675239251146323 12.020381959836197
-4.590020119634531 3.925463558438721 23.81413610446746
-5.344739150947292 -3.8830178074056794 -57.852851341259054
-6.382892124012679 -0.8397524964608856 82.9025315338708
-4.672071383276544 4.49930808988228 39.541635686497536
1.4800266194620286 6.296008088107578 42.423337379113214
5.724376538720797 -0.40231374280672083 63.48500437443542
0.7275551615897722 6.730794270205716 2.7006628521573517
-6.1984391740856735 -1.1501318080978626 34.753937696889665
-2.5243242981246468 -1.8334189564909726 28.10862379978934
-0.7909120697183338 0.33040247295261926 49.63659896195207
-3.036135453396206 -4.534870306886119 79.48000624268352
2.1546378848457426 -2.1423742843542293 -25.568676575732773
0.6179003119322077 2.4535896396210695 -51.649090256814524
2.855430188428885 -4.8135295774885245 -11.380894732134017
-4.487066336286046 -4.888289756161376 -63.70780373680655
-1.65279643590247 -5.8101540795994895 -94.7272526788937
1.3200124259374784 -6.743102398923208 -95.91397348529205
-3.293884205615597 -3.339124560602077 38.107536404713834
-4.45981696740756 -0.1728038551761134 -20.270279868118745
-4.424699624505684 -4.713912313917076 -7.290986828671464
-5.893124155733107 3.017119283025648 -28.330223406443345
5.920284830992085 -2.9533936291963285 58.56918587579144
-0.24662242018397273 5.884339700706634 -39.798139285587
-6.537961163706561 -0.19268334738306248 60.14873196605139
4.447223030723218 -4.402899313847325 -81.03425913134721
-4.751897066458667 4.05481941171865 82.33174852166376
-0.6311760779282773 6.584374360159474 82.35994135846845
-3.154905942305868 2.8859036758960515 89.95619962094233
-5.99764697859804 -3.4289736172855942 69.97259807849571
-6.766157075919548 -1.292476746481625 -33.32372593393406
4.232142012249693 4.74788341254052 -60.98700017935211
2.7233661377013356 6.167988659861383 60.70586501471861
2.443729967316046 6.1146430304152295 -26.136794475022203
-2.613954668529622 -6.365243832677663 55.0925703616376
1.2340207131201786 -6.544487955751794 -67.23444187536268
2.5036235586431212 3.5254735739112624 41.64527266202607
-6.101988570288433 -1.2769648883195899 -70.98193116928405
1.5074236223386666 5.791552717108808 36.16170746151171
-6.263351917446745 -1.5508233680259047 67.08905085435457
3.992318375712634 5.573782180989046 75.47555394658264
1.6947939400432077 6.2559764230620685 45.87196473287125
-5.495625074457744 0.028202120557121013 -87.81577591877459
-0.5030078021141859 6.533440909429594 -74.93194553739441
-0.2350913706182467 -4.522551984090655 -82.38370098193855
0.797439669269346 -4.494286769306169 -90.97992745933915
-6.49103897930491 1.9666045266738217 18.63208514034159
1.7289129332844047 -3.2068979664832487 58.93691201197149
2.3088936426024094 6.1415343659759944 6.0409238067844075
-6.4062215866134 -1.6723718161955357 -84.9941852499818
-4.023549180245125 5.703244387026247 -81.29545601936222
-0.5125241065019966 -4.01991613513878 67.0841954341358
1.8660077478703478 1.5981260770112147 53.85834143072901
6.728361630646941 0.6729512258881954 16.084272409351136
-1.899894838708378 -6.261190662558947 68.09560862668835
2.5532163253501423 1.8091900200360098 -59.8491958156096
-1.9575285625566246 -1.7943488112743735 51.509240363985654
-5.466604170305317 -2.355405896682362 -2.6821845316034745
-6.471754697358099 0.9604527267391351 45.99002522998329
-1.8509254597131208 3.1408848692417966 24.371181476995822
-0.18895777872582215 0.3717037152069386 -95.18601821693012
-5.306831477326107 -3.9033087344836437 -80.66329300206333
-2.131453386984279 -5.945073870052023 86.7801575722937
6.053529335208249 2.5132673035178836 96.04032452326501
3.754500468600824 5.528369021986849 9.69408289487968
2.1679920007088147 6.2175837944984185 81.0498936683728
5.24067041746003 1.159936634838649 56.93542088127209
6.758257836620343 -1.2608518085100784 88.76055717758899
4.320249387309299 -4.254801652076915 4.404111935153521
-0.2677805212889927 -5.149808588093899 49.94533170566962
-0.06920088236679052 -4.341513280343083 -28.558157546074675
1.0973395619570299 4.5744622871654705 -42.9500271991485
-5.105014724496052 -4.644073168343169 -19.031047025525634
3.5917564336433645 4.232597877424301 96.24944091753707
0.8131156871310004 -6.821842724550593 -39.49399266794292
-2.578131395512369 2.5155976409719463 9.817841453403442
-2.9619393222372534 5.981745267234192 -41.71362002598652
0.7098960961217576 6.600572930573908 66.89480928089263
-3.167083259022215 -4.580092759230321 61.871646743725925
-5.375840758085875 -0.22768495075950657 -65.88976243148085
3.1535681759173193 2.1119154092836543 93.83510647258062
-6.8619742180051775 -0.7368147435360259 -29.90435996177991
-6.529581392785476 -1.4079799296818971 -81.36873521199647
-0.7431327246475796 -6.601664868794186 58.41568299787907
-2.031248541438043 -6.4334139725988315 -91.62068045969708
-5.163234093587779 3.240063592966073 35.31926497104822
-2.718993925940203 -3.7337890124434576 53.37827437263982
3.8374768694022428 0.06975339847332832 68.05759900396833
2.7662472861041407 -3.2544001713801514 -72.42621656024146
-1.0902844099528881 -1.4649301479960972 86.03064363924867
5.442177988180536 3.86039076246153 -17.05240116067209
-0.161316155461688 -6.691941364864761 -63.69323881581653
-0.3187695182327078 1.465868476898099 -28.823731981948654
-1.6327082285856795 6.588228365610845 -9.658076599329991
-3.621579905743359 3.2950748675344155 -21.50919822175302
6.050105941445057 3.5332637482920455 89.29759536366393
2.0531417739014377 -6.2278164654632 12.703980634024754
-5.250320842156624 -2.9008218247772755 -42.75803809163887
2.696605123941995 6.11772605554602 -78.69428934327327
5.369128147650952 -3.576056999470641 2.1255375878607357
2.271190613000201 -4.076882934282028 85.34584564000735
-6.523226239238953 -0.33117039594197806 63.75362165030799
0.2991761832557296 -6.79281476330351 88.74330466035238
5.80193078644148 -2.8097394284608863 -19.569126382805713
-1.851104001271569 -5.989669746155815 -49.755309185437625
-3.7364098543122735 -5.044636283876955 -84.0121092046333
1.7288023081905068 2.6924038352838906 65.36293999353288
3.2744973479898345 1.3084518337687736 99.935315976218
-6.084230544240168 -2.7116959773820284 -6.04376566104893
-1.4915016312067815 2.358075480189027 -89.86123046835166
-4.277833355997569 -3.850917628291523 -73.67127798478997
-5.40961866023224 -3.367135352878059 63.822963014835516
6.33889087315324 -1.3388115848787734 -22.175899088242996
-5.753009825182062 -1.7325790162273265 96.33946501719944
0.7948564742578275 -6.431667864362218 -72.02061066570508
-5.626845069582701 -3.097832554266616 80.86686756844558
-2.2405845023919735 6.114040435900105 3.5045635498880654
5.4665091557029974 -3.3228424716837717 -95.26102613876141
-3.098943004781045 4.161420855444984 54.22407006307716
2.4893021839458407 -2.022039282899218 6.886989611545988
-2.254340052122112 1.7479967316505298 67.2362072636825
-2.349212973768113 0.2895017200098003 88.04034146042298
3.05346836935899 -2.9797489652770035 91.94854227380513
5.864006697300702 -2.7408930980212407 -44.55432624886275
6.082845213173584 -2.930285407616463 73.97513424895551
5.590162682174071 4.174473434552751 99.54059282144725
3.5653267165894773 -1.4808093657638517 55.637970188225964
-6.14993745518375 -0.07145623259161363 -13.10365841566441
-5.100055630323596 2.5118802331117625 -36.015418803908716
2.6171722238841504 -3.26790776411463 -37.39263915510305
-4.266693568218641 4.443999070752665 94.95299144744489
6.082671943764991 -2.714139105084554 91.87203351147079
-3.598235685894071 -5.02807482280439 -4.086404727310383
4.9023829114859865 -4.1757556842310946 31.811167116142684
-1.9345345652221786 2.5706422310093044 6.297233578946506
2.5488991714580576 -0.2764596300607943 20.99489988254074
-4.923920491258201 -0.6738295366047539 71.33194124690826
6.399243389554624 -0.6999024409652661 97.27279728938888
-4.235355105784558 -4.230100889899252 10.964959224386329
6.289964748527512 0.779561372476775 74.93798803679368
6.518830928771788 0.38186141717091626 -41.796735122478566
-2.4670551426551266 -2.305259863892986 -26.586885662899117
0.14325825606377568 6.662932493192671 16.048828579005193
-5.506122075104294 -3.5392997167497744 -29.587249250344406
2.354244996337191 -5.9631607313728 -84.33688073553978
-1.4682602912369809 -2.2630010688094826 -86.26606610411025
-0.07976778622426317 6.572007081819729 8.4743972545802
1.9624695938670411 0.15749816642479897 70.50304207370644
5.428355372733377 -1.1593240448258917 37.10003992918205
-6.490369657723681 0.2666066809007129 76.70334278139968
-3.7806811947012258 -5.647795514371861 65.13580391927054
3.1540618499701143 -5.7920305451003 -93.716621904317
3.8582826632957232 -3.7191090818931483 -40.37437193598103
-0.47549865353828147 -0.9310050065576398 -11.604077909167485
1.7997898224452145 5.533441638986225 -9.397199635576124
-0.3885382085394285 -6.02558345476006 -10.627114036108647
0.8272841758461654 -0.03468160197405268 82.09171280322941
3.1954006731981615 -5.505841288108792 -16.82216417325589
2.1080097815766488 6.032445917494107 -57.43652150688184
2.605494131444305 -5.791066285598133 29.75983902140398
0.3040606752416573 -0.0987308362237751 -83.36704859983723
-6.481182501042831 -1.7286999099844418 74.24758523418403
0.4950881686040562 -6.9010498174559345 97.20505860514177
3.6891019046452764 -0.0857189100512104 -57.746049070037756
-3.2627719617753566 5.2265985253040625 -76.22114874867661
1.9984942935031969 2.890206593891238 -27.796337822351752
4.671463191944986 3.343101590524831 73.51270057072232
4.260076688327994 -4.87727504387397 -89.59542728820054
-1.1530309975123676 -4.551136940692432 -57.68373855898315
5.190311500184747 -3.0486738310373354 65.71147476073102
3.955900225316386 -4.818003782320432 -56.11416381695549
-1.9684477854582487 -3.104222318735966 71.07566239062473
-3.8013222648079017 -5.505809753997778 -61.01237999485536
-4.9931599499776 -4.652828885129431 40.346579868239516
-1.6699421069593021 -6.342036173818995 -54.62837855853316
-4.925208572723607 4.621443082130152 -47.84292527229681
-1.3870125313492903 -6.190980591561859 33.73606533290968
3.5382346670283584 -4.410954961303412 49.20023977122218
-2.4284905623483333 0.18677531482406134 19.840782476872835
6.475910524417294 -2.025358152702783 -90.71773388167455
3.6229347584159965 4.781389703489736 -2.083608744844363
3.265852861585943 -5.5970664390338625 80.98364185615503
1.347486432923249 -6.7068119473984025 66.63956602925771
6.872540345499776 0.04073705544171169 -67.42693323146952
2.566277574482406 -1.7587369083356037 46.32184020380505
0.2731035153202465 -6.532791519293047 5.925018663755834
6.455296864329114 -2.4615472482289045 11.135125250485967
6.183726729089751 -0.22654234804811427 -0.22662329390987612
0.5816361113803828 6.673159011380174 -62.44282986186048
-5.921086620574618 2.5392764890167494 10.064101374154951
-2.8347801967371273 5.789886364783168 76.23509121681089
-0.5559025362677561 6.441136592723744 69.55433095056591
3.097182935431516 -5.908515256061182 99.02978386814544
5.3270881525086 2.5799032070184666 -28.43521192911799
2.8517334440081132 -2.8009861578745907 -51.03223376153238
3.1171297345667526 2.0616803135010393 -24.389393982428654
-2.3379567988360406 -0.868978404074449 -34.86668717032768
2.531279097784977 -6.113821611120178 -20.462719424029356
-4.874012668293355 -4.4554969183292785 18.164609136810167
-0.8244512728965756 -6.402562263575209 0.38558066744896413
0.3463492133221757 6.534877422671179 72.9963599735843
2.812814223135121 -1.5019656570705016 -96.08566320226694
-2.51724270741378 -3.110250903942691 88.4790507793775
-0.20261164653930236 -3.4313066903393863 -50.07280777420987
-0.3726040333718549 -0.11331790968409254 -58.502340079331404
4.925977175253415 2.69880414943104 83.00242083623823
-4.270890983081833 3.8168902030796845 50.67855448692288
-3.5018100803122367 0.8663643233770871 99.26042365820919
-3.4890555699333348 5.571566611889477 -67.11045088502745
4.883937163384729 -3.6923234111485583 -1.632303585722923
-0.27218866288068433 4.28755774791987 48.758668053264465
1.3721618682288417 2.7927036225129815 -19.147412146444097
4.685519070942819 -4.852115990550627 8.044470831524459
3.955547879413447 0.25721498297961765 -93.20503984076356
-6.46196367118292 1.0898237165049265 -58.71596359102918
6.112815396183799 0.8997297451506441 90.18947163442596
5.03743917470655 4.258300419340212 -24.998792417972712
-6.753006321104561 0.3450550639452746 50.9489695037829
6.342530803536722 -2.3669255279697206 49.06710289952722
-6.479546202265221 0.9012316420914906 30.375768544001033
3.9158445988648793 -5.253192765149073 -69.49296056646924
0.4690196800802293 6.734913375740534 -69.50127388684601
1.1313884603065294 -3.5891629695287772 -8.729364750288171
-0.764240488356777 6.329040073694289 -95.03970640570137
2.0767292003560764 1.1660571414290253 -67.61125127225414
-6.662711330946368 -0.28399417526629533 -36.097262702721174
5.054338834267058 -4.4677891427176935 60.96400657162892
-0.3752478821843462 3.0200617683756605 -35.68363921580736
-5.406217078531841 2.092606926366789 61.602484927508534
-0.3683890599827771 -6.7677370670084445 -17.21932667202879
-5.940720425104288 -1.959616639898658 11.702183365123686
-2.239947502553878 -1.2358683368688141 -40.97219250457003
-3.307002833380566 -4.104463820640021 14.495631720736128
-4.602640879530512 4.292699626290385 18.16508220677399
2.5887254368865245 3.6630155199223675 3.5462473116479836
-5.932625699948748 -2.847021005524947 -90.22185921041695
6.631699390434868 -1.3591287095261062 -79.96014619505661
6.208966049895727 0.7026996979679406 24.234013528309653
-1.0634891583734332 -5.9742126854501985 99.55130995845578
-6.255754474252643 -1.7591311155201823 99.45998052673433
-2.6032473752413257 -2.855290724772789 -8.28684902639344
-0.9504053082520487 6.602905499680684 -12.775944528227539
-6.437959296934669 1.9735197401147522 99.2861602866295
4.5329869082411465 4.19993347241284 80.50958532475369
-5.547296918074494 3.37824650458562 -40.80941763224693
0.22240967983622562 0.2515836331511385 -37.362517944140855
-6.460952815214094 1.5667446693458065 -85.19058828396469
-4.2819206100884415 5.18537827201283 9.547325256045657
6.529002607716299 0.9077265082374034 27.996409291978356
-4.561970539784509 1.2403620525088785 0.1520933325879843
-3.75109058818372 4.837045025452434 87.43560487521816
-1.3967620364638007 6.177719570692311 11.3649092173914
-1.786452421228501 -6.257844969294355 26.524255881039167
2.77775015146882 -6.255273251773969 -3.8067174889911524
-3.742280002391537 -4.653544189364897 30.547133854012085
0.21704162276221256 -5.241812030711581 -32.11541690993721
-4.329678525854282 -0.7007794781238956 -54.596130619895966
-5.994932966339811 -2.362055031714843 -47.09165509251336
3.210400911386759 0.5298307057266425 -35.78971332779133
-1.9149169454897208 -6.140852541268074 46.75784440445261
5.8865035800236205 -3.0909867035925944 43.91821325018932
-3.0001075364558294 -3.19712214795182 -52.84919705103929
-6.4993185301130225 0.004039090878585651 27.551359474869805
0.17822638628992085 -2.455490252112851 54.800059895043894
-1.951147642138953 -6.470076691368201 3.8303332569369175
-2.0223910979001527 -6.2336803458555305 -20.617844878955523
3.4776619854526207 5.439383822714999 83.84268563328247
-0.54973513833169 7.038162735146666 60.93010032687248
-5.99171896236525 2.810425694645117 78.65606659098194
-5.754859644258843 2.288840970309642 86.29554097225378
-3.8899447721362472 4.833382478046303 78.91830990450845
-0.9889665975167328 -6.654701033446089 -60.91763872773596
6.779233611218945 -0.6685453942962957 -37.71426143792043
-1.1128977487167504 6.759654187497486 -50.73748138298147
-5.501884913515531 -1.3224113707393832 92.84668284924629
0.7736523580921579 -4.2076664386143365 77.8392374771332
-3.9522929626342065 -4.643905313489137 91.15036173149693
-5.03380246793563 4.714925941907008 -32.01885275676039
-1.7613933990246786 -6.583930155323553 8.39050203381041
2.62040456680167 -2.0070321572176857 2.287770627643812
1.8193507871371988 6.381050029719547 87.47136181707764
2.247156990142784 5.7965764019045025 -88.31355643403157
-4.797632701645181 -3.9923145818707018 -68.50339832810964
0.9788433239960656 -0.4152953813316931 -86.22668119409441
-1.5898825245419885 -6.551035728948678 83.52468919104015
-1.2313730791906579 -6.636659373008825 93.2110816666766
-4.072680914703056 1.8699479837287163 -82.43212687143837
6.378649839664629 -2.055215615596257 -29.21062883792705
2.1287055837246456 2.565665614599042 -47.60224948484165
-6.428442684878982 0.22828824509982076 -95.73247167442706
3.2484756306561273 -5.683487821177566 -65.26381214853718
-4.368488204842474 -5.1295736086942085 -35.68366080324683
4.9432452492439065 3.0604120792071687 -31.221561761917542
-5.091401831414911 1.3250796903682764 57.399015504014315
-6.196458003177522 2.536875846482143 -2.406592002045762
6.3713767075938055 1.2073606739089615 -18.784786416222154
-0.29811704056946453 6.577851222779236 -25.541980552441803
-3.9291781340265923 -3.8780714440714927 -97.57905366089504
1.1594627584032198 -0.20064698474072296 -2.540393994981971
2.053112969943228 0.6623247882015458 41.30705167966639
-1.0551788528220178 6.012368670559164 -47.84829216340214
-5.692537513930664 2.206433297211503 70.49959262540061
-3.1182632507350037 -5.809377129251419 48.99681730975258
-1.9229779966034126 5.874477523841932 58.46346173283779
4.812993436378333 2.873178936314785 -85.75720857806922
-2.4053063205478753 -1.5869437905034238 -92.74819672979494
-5.619495977777192 3.596403287620185 -91.44160552674408
-1.3879518410229401 6.560148546149021 -57.04218704550714
4.831407933553777 4.4716875394689115 22.28070305116514
5.519137804535931 3.2612712896368237 -94.53264064410482
-1.4789309491248996 0.9539315752715871 92.27478566858174
-4.78948861869786 0.3059577011262297 -74.01117428396728
6.8593765108752125 -0.9566509844952833 4.098243694373768
2.4240795829702115 -6.468350545515297 44.84580960126854
4.206335246913015 4.721772853221789 -49.252688395939984
-4.298556456088362 -5.546726545939059 76.02456002773116
0.6301037066442237 -3.440607510124703 5.000328942637953
4.508008985451496 -4.8269812073720635 -33.65809424844236
4.784913159126528 4.366639948521322 -37.19556755984929
4.068849283522615 2.6218457634902466 -21.41653591684959
6.415956454695082 -0.5605563138875553 -55.66552574932458
-5.2155977035896335 -1.3958493337179327 20.02954087974817
-1.7725398868723383 5.711335278297218 33.1630196381549
1.790244193912696 1.3493983494757413 23.96973073740714
3.8822685038094416 0.2311348273599339 5.1492953399336345
-3.2808390236670744 5.977594128875728 -60.58538878767221
5.004792479342348 -4.170517515247969 68.30964197286617
-6.306083122500388 0.5204400111048312 -5.923861894788673
2.8070637950429176 -5.2101621081936695 -49.19683189282918
-6.857769508268188 0.4226131880688831 15.503450024432222
-2.841352171432716 -5.5842583795548055 -43.993277902853336
-0.6320853812022269 2.8887461613061265 41.51620384273945
0.3573711024429008 -6.6703307232816895 52.85034173856686
-4.462442526601945 -3.9572781185321793 24.26634943405898
5.021089287377368 3.5495338260745455 68.04663642587454
-0.07358507489446292 -5.249803514853134 -86.47735951937851
-1.0226636887141776 -2.0684880765628133 7.243272223345273
1.3819656980066968 -4.195133905110572 41.87013353769569
1.8801557121242183 -6.817547140806213 49.16128392101802
-5.654022589797688 -2.997706701201921 -51.30791082627408
5.530428692140993 3.5463117108098974 15.252228243927993
-6.717715524898536 -1.4844882540941138 42.343388728313265
