-3.598984623750765 1.2630801255196968 -33.81708153205753
2.5474985286222926 2.1066130240487926 -87.28222358831522
-4.4282496636271995 -4.380219790938731 95.7299957937312
-0.06271875976624373 6.424691593031463 -7.412731082216863
5.855923848151802 -3.6508890057423864 26.533031251423544
3.6301658111804262 -1.8461821402101983 49.112674370166
3.630084282808955 -5.235053783691345 51.67632386213223
-0.8828487120055071 -3.8116811622282585 -92.30348283158104
6.531328561848631 -0.2769822128754338 45.9227203977384
2.4595092272351193 2.5700225191041284 89.2933207281987
-6.503917944800616 0.3600465068080374 -8.391677722249124
-4.0500811454607035 1.4868031212747963 -37.44121798312576
4.241579896178972 -4.956168492856927 -28.574903370301374
3.1836258498625116 2.4542701398703874 85.52620786101895
3.3559201465267265 5.919703157579849 71.97137336650135
-4.043763935811743 3.1684323780407158 93.83481028475245
5.946908999698573 1.3495461318855657 40.891927720855804
-4.925961204040636 3.707007291718932 15.090332424166212
-3.6557334558315726 -5.6516926942902375 71.39554373857452
5.416965145917883 -2.0439020572357363 -71.47426975471386
-4.892825156267076 4.20163902355785 71.30914860366724
-0.40948761523615884 0.2233940720877587 -96.23900043067704
6.283064246083391 -2.2500584459314066 78.82033691112876
6.504602440713155 0.14146860234285838 -99.21768504940657
1.5055182707819108 -6.399005255572181 22.35385039402503
-1.541507751065185 -6.316636326638748 -73.9655744889986
-0.636863123918598 6.65026966110286 79.47966733128638
-2.6488302288002044 2.515482394276053 0.9755657110954503
5.357528347039024 2.8867170405646823 9.329136382075081
3.454788222218242 5.305280019932658 1.862455875507248
2.2094330253080767 4.825650824327491 -55.46143588880261
-3.3154197494337194 -1.418738092007251 -98.52631847874288
-2.888214371852914 5.861393035885231 -90.32605286780031
1.491656403980775 0.961416324113378 -90.04413598646912
0.07092523106952381 6.7830279649322405 27.585032125695463
-4.022342727016619 4.984328555586334 43.09354958529669
5.411297308308684 3.583197251309315 -54.86445559971177
-1.3397326850816815 0.24783449871800514 -30.330322000454444
-6.731348616351044 -1.5700333774168185 -22.07486062481696
5.234475228538793 -4.066751994163198 -24.850039287717696
1.267416127076743 6.45029537686046 -38.80972746353126
-3.040372480930009 4.991666039331984 -50.02970849018782
3.276948491358496 -3.9024817074586218 37.64311802842703
-5.04787821889927 -4.373387665678726 -32.04808445578947
0.18440824594765443 -3.5657628348073453 73.69425622095044
-5.6978991664974155 -3.469061055831628 27.90992522613003
5.367308657142702 3.0934376919026296 -51.896124715212565
-6.288697618007589 1.6958168513706386 -55.448286987063355
6.707636960118732 0.610479124454827 -61.215868904702496
-4.36769977722733 0.5101938168451081 32.26944166324212
6.454178729581498 -1.2386862250655204 -74.27793476989345
-3.764021036470406 5.411046988757557 -45.99374050675596
-5.35265881222916 -3.5290891603888257 -14.972919390396962
-4.991791672688253 4.533048360838217 -70.91276775028118
-1.6280633031400014 6.198654641679663 85.19842706538256
-5.762293722076312 3.5690349518521343 66.4528107158394
1.6177880364860695 0.261003972341261 -40.11840889775245
-2.8129382129253435 -4.394892610909334 -87.88794069516027
1.6551866627279828 -2.623605438517082 60.931188748465644
1.8016300349283632 4.2107380669570125 77.67845775968742
5.898041569966585 -0.4235945012547959 -94.9399398947327
0.2717213256724023 -6.275419569734634 -42.76181110622943
1.7589906358740115 -3.2303734047421626 -20.886898892434928
6.429574550288799 1.3672147994744708 -33.78765033721999
0.30846380773135906 3.776525087389413 -14.362542095307521
5.756774654733223 -3.168698586927209 -59.10267133812997
1.4438923752099253 6.508773887919269 -66.78330122550616
3.6865420663829305 3.135672758662021 -94.03588524476912
1.7068151885154197 6.738633139046508 -82.86680725869029
-3.9776880821075085 -5.536971880685195 6.463222772989994
-6.026654744012686 -1.5875035103944568 56.12362114010949
2.7711054546756433 -6.076107552223294 -36.27188544419045
1.139463035568787 -0.3823317215534074 17.162200753545605
-2.219273446561468 -6.030547763878508 -31.70309074302631
-6.035198820858742 2.246402540265056 41.469211864941904
0.5922498618619515 0.4543519356879504 -63.080977853012
-5.840439968588898 2.848691511056934 54.246824212014026
-1.7875213541167916 5.4479912861088025 22.858497719561193
-0.6603101220795566 -6.176799833338315 -1.5440459398439357
4.236806008156888 0.4743337605351196 43.441331721940905
-1.0288458415002373 -3.165928374996776 11.766449086479703
4.458197956926036 -4.032895293756935 -12.020900227915769
-0.551729364932863 3.569767862805706 87.32483750671047
-3.194317985775766 5.7720008244766 66.75779103048603
-6.269121492728406 -1.2156785884543333 -77.32903394640635
5.4864771264624554 3.4522079919727227 76.91708220059164
4.835609841926223 4.188071243273401 46.0161361766067
-0.8345586717922905 -5.649885402858368 13.780051447386109
3.377654186578173 -5.541324912957734 -96.69378347981976
6.175805022438486 2.32161864144393 65.76733534377192
4.096396664560774 -5.221718840563104 57.692077592100304
-0.9835927470391344 2.932481234075489 -80.25128070605523
-6.248137192457256 -2.184626706872998 13.982995328092102
5.868829443858005 -3.260931071136277 -66.85953628124608
-4.550880532929476 -0.6199790605742933 53.91433445846449
-2.7130806133154697 -5.678740851713811 -24.43755444710177
-3.3387837486338547 -1.2917996264694893 -83.03812447619684
-2.9960497085301534 5.203345808429468 -15.57081106687062
-2.156124423808034 -5.945967027094941 37.785256344530225
6.613126924126023 1.9996676916416136 1.3433915936664016
-3.4401077756828955 -0.4142739114705645 80.94781457409054
5.911297504730094 1.4861561798413576 4.942286045913735
-2.9903708549994295 -0.7435509815227535 -66.65230742715676
-2.3248075834620043 -6.421018960518506 16.066052675523725
-6.414474313921251 -0.48827940416718907 37.86507870125494
6.541130366041879 -1.6156438837082279 39.339022306103544
-0.9599259551633599 6.1543024972346565 19.79140218659047
-4.875162939246947 -4.304058395077201 -94.71849784893094
1.7590120500375552 -2.726934321926384 -69.9790137275416
2.7342244261563677 -5.63353334572437 54.57339871341335
3.004114353969047 2.877015016047083 -2.0560972669904483
0.704879556470252 3.9822472259889854 8.354883337388241
1.8370883724822893 -1.9580730346397157 70.48279200007441
0.07896937615385141 6.661990331282796 94.47749999010622
3.281253100136463 -5.771272518119942 -53.71992566121696
5.8778746615478 3.2748999689730707 92.86829744334322
4.270686611651552 -4.8597877699023755 -62.09098286275831
-2.4407278204279255 -5.740636282248101 43.270284655099125
-4.175173124810008 4.792410570174866 -38.182680092832555
-3.516093416174787 5.499864244540688 -85.47950809165721
5.487451050463911 -3.6298961305446538 12.604950282387836
-4.05016993067691 -0.7240685392333484 3.5102690069609084
-6.205442058213255 1.03600921720263 93.56889604855832
6.738464640080302 0.01776832986900187 -77.53150383533966
-6.190119323761686 1.6227290420182925 -78.6404372784105
-1.8520813406779115 6.237195360259365 49.18800522806712
-5.381483657667052 4.0006906676009875 31.1550747036776
5.9355785176575 -3.4187005353876794 53.121840348561804
6.845917086791276 -0.7261386945525281 7.40810621763149
-6.654963553940278 -1.15581415220148 -26.42365773303359
4.841921597218142 4.492162936401431 12.167406678483575
-6.477552598295423 -0.7935897405480652 24.110545350557125
5.257767913221577 -3.751851269501569 87.04811058793588
-1.5688812809330295 -2.002266285849692 45.13711462949761
5.416967140388013 3.910758022433895 27.038358034997014
-2.5544622755234205 -6.423883216986848 -66.31878778910651
-4.127647452339538 5.141416213405933 46.4876709631783
1.3580219858015776 6.702388955197755 -31.13093956684713
-1.3933701122424489 -6.317663189205692 73.62079405430754
-6.050851667332763 1.28044929557158 -51.10016983762865
5.939555408270484 -3.231162286406195 -37.93867070612374
-3.837880643794611 4.870658155466983 55.86196882102861
-1.7025655907497723 6.436500235460061 -79.95873621192852
-4.417300905108945 -5.109715110171296 -77.59040322757406
3.6671095390871127 4.733670787525846 -63.5277083427371
-5.388528856425028 -3.4077301031055174 50.727510629192786
4.069966833161475 4.683010796494501 18.92462628473663
-6.643643211299633 -1.6631842027829404 -63.601826061199986
-0.01191188805128035 3.8095912105369205 -60.070036097640205
-4.424965505989019 5.175324941411888 -94.07249012012707
3.695991894340127 4.851439162288253 90.74099972054577
-4.54866472848566 0.5568273727265248 11.843296378640229
1.6506218571315614 4.547791923090599 39.2264618706809
-3.2991350337278478 5.4372178921464585 -3.8021894560741023
1.582854295998342 4.374269746603829 -97.4232265441372
5.83526910200214 2.811212169623841 -3.5722225442342985
4.41044234646202 0.5407631215118837 -66.6321408773617
1.3526758132261287 -6.130513349822972 3.2176542206261107
5.853646628182496 0.38371943333114955 12.143324126135491
-6.229161695698746 3.0284389820142215 22.69416469552763
-5.4191592523064855 -3.7154938465001477 -57.377686566986306
-5.530181970697263 -2.947495902801213 84.00577104406992
-4.169177354141103 4.494167271653094 39.57179666461896
1.4436257848981255 6.452986941502571 43.074151586478514
6.319793899121719 -2.4423454994481184 63.70027824971515
-0.1200123659529222 6.573683331072535 0.6369641829083554
-6.622031844577354 -0.6989885642944496 33.888208531047766
-2.3651560500542406 -2.3105687178839154 25.971816506528363
0.03557357997120458 0.6398978459845894 49.2108905327896
-2.349155871627649 -6.492097084744603 79.59764028055201
2.4723332216781335 -1.739457156897839 -25.44325210519479
1.6817994167552612 2.0479616156448044 -52.73815167663011
3.7521359592065053 -3.7959816122089785 -9.031677806580216
-4.572248171715878 -4.524364769271522 -63.71147226699344
-2.29795145266257 -5.3669397747268155 -96.40467454938887
0.5835517938687614 -6.74228972868556 -95.7086877997215
-2.209075196832322 -2.044508361631962 40.12883456763127
-1.5936270999484463 0.18128987862813473 -17.02276454821559
-4.527998059421304 -4.7163681023007795 -7.429524915588025
-5.826987159297087 3.58505435481584 -27.678574466019516
5.913403636798963 -2.861219609341356 58.549209910062494
2.51929683489562 2.8530086009606523 -41.85563307068011
-6.332812891526404 -0.9769822937722973 59.923909371974396
0.5688799195355885 -6.358545580824544 -79.6078445237338
-4.750911932193065 4.549375839647184 83.85972748838292
-2.0133878883195173 6.481097193421312 82.14993228155612
-5.5822748974600795 3.057094784316448 90.94700601419375
-5.8015925717169745 -3.4393380800521838 70.53744794392838
-5.938786061548211 -1.685099937615747 -33.24173983122562
3.961158642996719 4.849888661545535 -60.33927542394264
2.570721059605618 5.978377250162987 60.05621386132971
3.1336539691271015 5.949057921463557 -26.104982535587407
-2.4334188110890587 -6.27972740711983 55.207610182637175
1.2725917537567317 -6.682590935334779 -67.21245351473652
5.187791572537039 3.8179473785635323 42.51942122400386
-6.368228013454088 -2.444964815340417 -71.5367835331997
1.3840601138566038 5.88779925807785 34.41206279252836
-6.598471770039986 -0.6189099768262862 68.21222787858179
2.7187644107406905 5.528827285814156 74.88624078770991
0.10976885837731482 6.431355848581725 47.14286337751499
-6.605196513654888 1.28561314910087 -88.49494830060384
1.0946741939543099 5.526631500610973 -74.45460566825089
0.8753483041758715 -3.666786878122861 -82.27009811711967
0.3575130968390348 -5.170802271204821 -89.04458258172717
-6.593741793552438 1.3453656130798812 19.136955011790068
2.3142483965299205 -0.8091442124217509 57.50815568599579
1.447864805190856 5.7262305877937285 6.415833389089942
-6.302721043178961 -1.7590347949637657 -84.96429666782913
-4.605267860875289 4.300486322215433 -78.74999452594076
0.9408811692779353 0.49571898282243243 63.911940271519434
-1.6252844677030822 1.0530784535987905 54.016649134423204
6.59170406160404 -0.2106583530745116 18.211718968235324
-1.917447739118688 -6.528264387058871 68.76518995167496
2.487101004639126 1.8305985332800796 -60.75184768335068
1.1813501725175155 0.7287347348702395 52.29645667556167
-5.295453415043342 -1.9689801066367216 -4.723781377575632
-6.182610775417637 2.475423732669222 45.83337413882072
0.8853860115017917 3.071214651376081 26.150066215916933
-0.6736544859999576 1.069138186299895 -93.44985961418915
-2.7840751112301483 -4.862588875763963 -80.07012733680601
-1.820672423125661 -5.98256492888819 82.9104008540096
6.087289705145003 1.422473485136821 95.48963564840163
3.6794449674477674 5.7715822137818185 8.947343306474322
1.3918883554854713 5.830938258056365 81.55837090904666
6.0302449463390415 -0.7994978934003627 56.228113900388486
6.270410726374213 -0.9852783152142318 88.46972444341756
3.692090832132971 -5.485639530017028 4.827886345022683
0.11624576982250548 -3.755803479623846 51.54107576840842
1.7068592029224705 -0.23237597730943876 -28.92915274071873
2.9361136701972756 6.016707098413163 -44.02896177049295
-5.585664046701828 -3.248809986541586 -18.857227681694525
3.7623677153021036 5.083830120148036 93.74145656677707
0.9151861311696373 -6.660432842902882 -38.988191851505064
-3.179149916877404 0.6505538511645067 7.92241347087338
0.4789277318404773 6.570234964033068 -42.304261847145625
1.1026214622282973 6.5345479153421655 66.37071128641671
-2.2531278726709236 -6.095136111154079 62.21134861232137
-6.196883044909059 -1.814551810192344 -68.3160025119589
4.377220022674006 0.7036535604663736 92.03008668617245
-6.399734628058881 -1.0396130213392347 -30.42719805118936
-6.148729842422724 -1.5112014156378286 -81.1825919775443
-1.9978189109162212 -6.295093959507917 58.304862325413374
-2.1354321917326793 -5.9454454451470395 -90.35432461639279
-4.795677149012028 4.24727873992876 34.5274760227385
-2.3637432786498076 -4.096317719537695 53.27852208296334
6.3782361284604505 -0.10730018641813482 67.77134983265296
-0.42105799963459906 -0.9170224829647561 -78.2681879901134
-0.12877042784627893 -3.738268845796784 86.7385759026912
4.96307736076254 4.166487816938214 -17.241669497629186
-0.04742533482568978 -6.783174660051707 -63.17585693464517
-2.138968192311134 4.173492158396053 -30.041698931872837
-2.271579308323391 6.224405760132438 -9.927732409454197
-4.362865946186165 4.143911966183309 -22.82488903259401
5.795223833672135 3.756725405881555 88.83201464492282
2.636122213774611 -5.86188432604784 11.71928187660758
-5.234520635966638 -3.1031605809225793 -42.74969699563734
1.7172741067014154 6.267132584934661 -78.34912696250464
4.390315565988713 -4.560257750999124 1.07438779296998
3.9186856235691008 -5.487140135273905 84.88111515808991
-6.749925303666428 0.33377279406537236 64.56348140838229
-0.2917890186807188 -6.3801252091040785 88.43326225040748
5.330158853119888 -3.4726377304358476 -17.730218654921178
-3.139149141635156 -5.446242097530913 -49.86532087246124
-4.848908180147587 -4.327742207658089 -85.22344745134924
3.946456497540998 -0.36002923126260467 65.45241300235932
3.2136014392735306 -0.022681954914197312 99.54287601089285
-6.078670535645935 -1.7801317779832426 -11.406438676866099
-0.6502386898137837 -1.5762511725818933 -88.98120824335277
-4.699596410066699 -4.407220032400994 -74.77153102390318
-5.685221877361058 -3.8143414053820535 61.76585709463888
6.15514121068146 0.49565684757629064 -24.74846744285815
-6.214288302008 2.047309748432735 96.52459733485736
-0.45270928886962253 -6.722668189979639 -70.85429759647133
-5.137849519266775 -4.227866011698111 80.26335253982906
-2.232167494172809 5.884562632293874 3.1842423829594266
5.461963436584386 -2.927574348761904 -97.06287030858411
-0.314031588902861 6.648520860986341 51.99430462921975
2.113080429226409 -1.8251729183185867 8.418441441173474
2.521669051938442 6.131739266513261 69.21034627184095
-2.0486942820212017 0.8197364054427866 87.83635860911768
2.2932468184435284 -3.341900782727794 93.43586922039509
5.742302299896973 0.5827511889604222 -44.37824271697999
5.1329092272075325 -2.5798046764703777 74.35294045490879
5.020408814609604 4.10973147651927 99.98844155746255
3.6844940426653516 -2.3048996724363344 54.72825435522811
-6.438140989103325 1.3564695380980762 -13.210325824049225
-5.422075067875364 4.150775325887431 -34.658780722878156
4.204337916760077 -2.63585322598532 -40.61377033274509
-4.954673074355336 4.74087747609083 97.4940282430878
5.95390609000698 -2.3997755309234963 91.48155448683505
-3.3682991702336307 -5.517493517984096 -4.701922536038386
4.634182866903979 -4.6195658955638 33.06347981235243
-0.9149789472160239 2.8401435285036136 6.296596829575249
-0.31342261434387675 -2.7700650805937954 22.352231977312407
-2.769540416242274 -2.50972648704853 67.99990816163006
5.538819098632639 -1.266470310779091 97.86497099785362
-4.189850398696397 -5.395180650476218 10.977434836172725
6.638237616608642 1.4018538373762 75.36241672469927
5.4362187295932785 2.907848581231077 -42.70920444285105
-3.94647695699447 1.1693761334869737 -27.26052293719384
-0.8628973604986402 3.714685017070388 14.340824664125352
-5.288034440791554 -4.047127161629022 -28.692996280693425
2.7346070284347346 -6.0573620528642 -82.4900480377794
-4.034595215593267 0.0028318063183350173 -87.4901883912901
-1.3904768512980774 6.620444261667339 8.679140866038694
0.9020725548140952 -0.9621088257614163 67.3345770689449
6.185905167700262 -0.42354044143985403 36.484025430568124
-5.541477764953449 1.3033280250417822 74.4223208220088
-3.893532151138772 -5.54062746475379 66.24916504114458
3.06714878917051 -5.823564070059511 -93.85595080185246
4.364118966290162 -4.722409585875004 -45.56374805640141
1.7678080427855962 -1.3696984669321846 -16.22849647131909
2.9526908199623727 5.921581516414234 -9.88057505885087
-1.2631634191140655 -5.783070787418296 -7.692632975146736
3.2264472061214744 -0.5745676891176585 77.66280303581493
1.6517801427198557 -6.382543533544387 -16.48311007945957
2.0537713876769046 6.289935596029709 -57.91199813672146
2.4487367571287266 -5.780383100269883 30.74887362304147
3.1257370723338993 3.5977555146814373 -82.496858517295
-5.717171970702956 -3.0733922184515654 75.14182747041912
-1.9523898898719243 -6.340439980639221 95.78452990583392
3.592633698186942 0.5025806694151758 -56.463907045361154
-1.2805794376049837 5.118933976334555 -76.6327140112796
3.549052998713587 2.293918231749137 -26.77014176934588
5.050903770012926 3.468531136891039 73.06056738559558
3.4482187272745755 -5.428972217239264 -89.00516410041097
-2.885419042220253 -5.606572849593055 -57.64775487787584
3.9975329247167046 -5.204216721100336 65.03722230034256
4.817295202210178 -4.145924433605627 -56.312637820401896
-1.4789763637398712 0.2785741515031702 70.66373450650359
-3.512838313868831 -5.477976237076647 -60.70356407218582
-4.897646597358668 -4.399459328339029 39.15472211081987
-1.8889892639988233 -6.579805880453169 -55.143121182365306
-6.551919698965126 1.3691603184139054 -46.86729594515256
-1.2970301813833367 -6.560036872347128 33.37660174434734
4.515833094791934 -4.748790706899288 48.19389469429477
-3.841248141792531 -0.5211502690580215 21.381207398763618
5.502283721772828 -4.0092252670001445 -91.22636905080142
2.3799807403417703 5.768531864391112 -1.3797147167842854
3.429844601347349 -5.795152263877113 81.36990943228601
0.03474260215604322 -6.40192950360267 65.46495735249884
6.5835397217110465 -0.1285483061424132 -69.34314296912996
3.422216069623156 -3.043653751121911 45.92661556979157
0.7914443295157231 -6.787491920437732 6.609532227889763
6.5587070251862345 -2.095481565196586 10.068247335120905
6.639756981619524 -0.7229809971632446 0.034842068504258195
0.6755727392791477 4.197858836913576 -63.19871412989967
-3.840628138940569 5.524946941041259 11.822090804420853
-0.7596944565072139 5.816180266921861 76.78129171613196
-1.8401123248581113 6.358632581329535 69.32823885872915
2.87146266723436 -5.750291937491035 99.57703629109254
5.03343088514284 4.351773544593373 -28.626178757246613
6.4037629852522215 -1.9956323784939527 -52.074070517768625
2.9728443954504877 2.050411456558539 -22.62071930236553
-1.7464967977063153 -1.9979246256153096 -34.8697383709532
3.6335827478428535 -5.79684826983817 -20.746062525777507
-4.8455895111920055 -2.99189480066676 16.425534876314458
3.3229983407729358 -5.207823577491998 -3.5664598840667834
0.07813389658764774 6.357710080615085 71.78362778933146
0.5608382631382405 -4.034311325065516 -97.81279465916357
-3.1751241246923834 -3.889212835224382 89.00241907941934
0.8333108142734288 -4.646665108276484 -52.21835414564868
0.426929900848113 -2.3058196429406532 -57.968051938969154
6.737637400173544 0.6860102722118138 85.77454387196514
-4.010551543895157 5.195576235662563 51.00662012626403
-5.071455528723887 1.1883305269088484 98.98964586541489
-2.9445401620820855 4.747145255879955 -65.73164375337079
5.704742708038563 -1.8596154106127312 -2.704398521390226
-2.249816915909359 2.692604258583437 45.62019120320575
0.3630599316320898 3.3834462526489615 -18.012850465024794
3.8720665966812455 -4.787646233636663 8.310489898205322
6.122594120381122 2.670926603283138 -92.94318635279078
-5.800818787862039 0.470069140125537 -58.65955533683626
6.671797649517858 1.173115862111583 90.27925160383978
3.975097810386413 5.486599451566424 -22.794439845907863
-5.55371905558028 2.195041899972272 49.2929989130165
6.324871783476578 -0.08378251703169948 49.56226185129658
-6.603721446790487 0.5720885590761985 29.564668542546695
4.248272523742069 -4.825356825224768 -70.68535981796651
-2.171738710771248 5.748030642385173 -70.514387693811
2.0103956865136854 -6.138242758296149 -11.530514747634665
-0.24587096635361666 6.664852211316703 -91.49609116198852
0.5702654570532387 0.8453177500150486 -69.92209348945754
-6.833215974456061 0.026256071083499706 -36.0214613875429
4.444810874405984 -4.871031020815972 61.41478037297728
-2.2845489672797052 4.1096937760570285 -34.84528618254303
-5.175957758874777 4.5610707055551485 59.799128427838774
-1.8088342817357883 -5.775570776631182 -16.7447453304419
-6.108227002099943 -2.6047385936385132 9.52635875794384
-6.037584783109474 -3.2208781776542734 -38.767768943301725
-3.7375874481990308 -4.322979353455642 13.487941462441665
-5.031940342466217 4.205694140906497 19.516599700796995
0.5312658158232275 4.960268196677765 3.0542349499751125
-6.63708777016788 -1.4472619960464042 -90.19078782512608
6.542571691257508 -0.07290211981499553 -80.54427579345428
6.407682915872579 1.4257987319241199 22.83721819368784
0.04497931772573194 -6.732204727056359 -99.89433126678446
-6.428716948949078 -1.6699133305767548 99.26318657509991
-3.011999636989777 -1.4610749893011659 -8.35088608665417
0.24809104910932755 6.768504041149914 -11.689438800322568
-6.446135298323117 1.8162044802502715 -98.47581201563548
4.921679140305346 4.199625469689871 80.35293330697638
-6.762988042507379 1.3297644257509762 -39.53866862479741
-1.3672647959016506 0.40398293007700004 -36.712722225152795
-6.648675922201877 1.651789557258662 -85.02319487692434
-4.050663713721991 5.031946492763957 8.816186608351389
6.597592715873587 0.7721993853890139 27.345542886804882
-5.884976696435633 2.2474054202669405 1.5539081186997974
-5.610426616515537 2.8492478834781596 87.87950383850215
0.9522080577438483 6.270288960659114 13.157851504263673
-2.8358492722180335 -5.555150538319612 27.280298521146182
-0.35883524157077284 -6.661649104356876 -4.461426627095717
-4.1477368784875415 -5.312518499480184 31.786256881475637
-2.5554341822785247 -6.245639176911879 -29.066149218965997
-3.1086750330020245 -1.0936695662207454 -55.161719267104296
-6.13553687039972 -2.3186139072914 -46.29058638498114
3.0602342411825534 1.197682345590073 -35.18588455908469
-1.2697029813548935 -5.564608588119068 46.36636995886851
5.901981791025692 -2.6591050393635483 44.54539387414978
-2.71183959708176 -2.085832750887818 -50.82389049219215
-6.179981060189879 2.5445851083197053 27.5023687899623
-0.11007481633692554 -1.7666127122704909 55.19446117197282
-1.5610853931714996 -6.126265684895038 4.462925101949921
-1.853576791206411 -6.501566988662116 -21.17177906521118
3.0006896716328004 5.687561391584205 83.9584609802874
-0.6291029099189743 6.4331166800383315 60.89794542674502
-6.680154756608011 0.7912226514416438 78.5970818496896
-4.431962592869363 2.435476291042586 82.13088134567083
-4.429692596585971 4.945586255802978 80.40740092204068
0.24695523834871713 -5.819256871574327 -57.81544865287791
6.486057708215902 0.917596211002656 -36.67021655442491
-0.04549153999124414 6.446498149624832 -52.20711933373825
-6.778789209826596 -0.3271715740247172 90.64640478155229
0.4178048274305523 -4.990776336120481 79.07947816557272
-4.844732349362768 -4.747719155596216 91.4572737835324
-4.018225198998179 5.176702744773571 -32.17236260759737
-2.083746935190294 -5.636204970437812 9.10053167148449
3.2448065183267865 -2.431473919397579 2.62579971989613
2.0834670552912815 6.162204719671118 87.58431446638345
3.3393021315227203 5.292035642507015 -91.53622547350393
-3.278712298985243 -4.00533510266961 -69.27383424110734
0.6205435901536155 -1.8314459377354309 -84.57438409392002
-0.7626758366423966 -3.481241555921561 83.8751443739204
0.23695386515875416 -6.87918831127083 93.40722030355943
-5.239545351007757 2.620758439165121 -81.96875695903755
6.331002003623223 -1.9597718042565022 -28.753491375233743
3.5957917747347867 2.3111679057449455 -45.32033640571803
-6.313405151537762 -1.0581379109637101 -97.61142031352165
3.273835453232808 -5.729996753910716 -65.06554914070502
-4.9481891997759035 -4.1116358204756045 -36.05712300245383
5.263676993634005 1.8571938115708182 -30.151775632514152
-4.855593188264406 1.3583307942883074 56.8862660691963
-5.132379631878713 1.644204490428021 -1.4080499510298232
6.068323164407025 1.8510974546291852 -19.71905827206037
-0.34968729878302984 6.811768795705493 -26.386118985694537
-4.748925717688864 -4.600237042132363 -98.70653175016402
-0.6156794847023519 -0.5801781297144576 -1.9468887772993024
1.5615826367576848 1.6554135419558407 42.7236942484144
1.6689564200439928 5.738627415868876 -47.73796833469454
-6.290764115603872 2.115598544094813 69.44524035520729
-3.410885890862987 -5.880415808736928 49.20107862328743
-1.87908389497904 5.897835491709738 57.689247888448634
3.5502308482601057 5.393757174132215 -86.32354488506338
-3.1510120531969656 -1.776127132271239 -93.74804038555685
-5.475928867012033 3.8187336164610644 -89.56114902057462
-2.3900930397521543 5.807891042768554 -58.03857976795558
3.5859903345960547 4.392693644875186 22.63861977472113
4.373235951929848 2.528730225860677 -97.21564550129533
0.8669483375252314 -0.7057888522261966 91.36394127892136
-6.454133492577892 -1.701027078979769 -74.56818909052869
6.057705877022345 -2.7669184815678474 4.052699588317169
3.2761468731017085 -5.944336465214788 45.62412132827987
4.288813680042364 4.9913425266812235 -48.764562338502756
-2.812883731541202 -3.313343358459598 76.02364215177029
0.9763127131255241 -2.8696080222551474 5.278371504552995
4.388449308061008 -5.017808137584749 -32.263525206196505
5.309774894699251 4.169566188678927 -40.100710489707026
4.288746540642294 4.286787517522703 -20.070856903433675
6.648745364251558 -0.11852141749080253 -55.88369657075442
-5.978191842964451 -2.2852547880268217 21.204838484737625
-1.2199729330679014 4.597904129740876 32.222814536601234
2.475796416591534 1.9704545925105719 29.784940440228457
1.306897914253411 0.6540606529021028 4.549632424312428
-3.0543614375868158 4.946641750921563 -61.90977967279438
4.954493623377854 -4.3107074822915346 69.13198853639607
-6.27616917270324 1.3377674640964519 -5.341756047183317
1.6679028656238057 -4.502077109326148 -48.215944690804
-6.535791630733291 0.9305931834479146 15.334028106889459
-3.228074585766554 -5.758499970252773 -44.718920798191455
-0.9790229119501536 4.642995307768007 41.64983418879581
0.2454596933409755 -6.7968267362632035 52.90906377894397
-5.35693683798635 -3.5223259389159294 24.63420795298457
4.808565575388664 4.31189104483628 67.81840817015299
3.051980018049196 -4.225741948863642 -86.10848912155768
-1.288230895144806 -2.843080949626744 7.698625898464622
1.0496347729719628 -5.323035355736318 40.00256419995243
-0.053159208467231905 -6.774529654579947 50.153233925175805
-6.439172193265058 -1.4738890892929861 -51.45448829625351
5.2610610732859575 4.17266129274546 16.089228647832552
-5.017772066104261 -1.5176700425324157 42.91928671086839
