-1.5720088831246841 2.0094414932226288 -35.940427637837054
3.959647176573727 1.574138899233285 -85.77577365615056
-5.354109880798884 -3.917645288017554 94.65295104529687
1.0191199164396938 6.754877642224198 -4.678025282442046
5.408962236543763 -3.711099601235028 24.53615458359793
2.864460353987353 -5.151448712146413 47.475697605476185
3.9404745552926688 -5.350100793112969 51.24303440088873
0.4860238020397526 -2.212864043235373 -92.73549955811538
6.001763397304912 2.13787715542326 47.30448501306472
0.5973089848510575 2.941314692342333 88.97081743991582
-6.287015572426242 2.3052883261310466 -7.442892574106388
-5.56097965382918 3.4922189922374347 -40.01697097076446
5.562487530050233 -3.6866420098674264 -29.74016726775504
3.9348570355254746 1.3497502498855343 86.66977932622645
2.4107476350882573 3.4451385526413034 71.41052225650016
-3.010682332844314 3.740699383725322 94.90899052577389
6.511854107941079 1.5223096097128401 38.423400630630795
-5.399105587374615 4.024678706969728 16.25229631711162
-5.155182903204908 -3.8491661566702824 72.63662078466233
5.813904738805766 -1.8806997871000901 -74.1078300982919
-4.709108226923545 4.863619789862333 72.98926665118056
-0.9305103695519699 1.069409959928898 -93.89413429539235
6.345563990535166 -1.5760752460304517 78.96759313942447
5.045182890498909 1.2533884511185793 99.34512315688058
-0.46283170340236923 -6.714657244466128 23.87720009424885
-1.5383960689640614 -6.419855301379841 -73.04484387658327
-0.3733175722075146 5.956885832751924 79.25674984413794
-2.369265805822087 3.8841991388152137 0.3086726206242888
4.665352607046209 2.8560070430376063 8.70386441913713
5.620271378875811 3.853587899579435 -0.9439812638594338
2.3752297391713757 5.914502529205328 -55.31064495055939
-3.443045179881273 -1.6731279348559118 95.16650603660912
-3.1053949347346315 5.976820116309048 -91.13616684127243
0.9658874974056028 2.3059381927527767 -89.51296201850693
-0.015267878991164462 6.029459297765838 28.13571476333145
-3.130813054851844 4.9297877936465015 43.35859114739281
4.122691968319398 2.3270308158304975 -53.94861265761722
-0.32657681982926506 0.2780525413273175 -32.36377757106858
-6.626445293670631 0.37245257494345785 -23.118659736075696
5.026772447390449 -4.349172321529107 -24.513952686051393
2.614132953654641 5.98447632161172 -37.96084748256448
-2.429065799282983 5.702220042468716 -49.90927172356368
5.908400418695521 -1.271717893574099 35.12168339344197
-4.475804361947651 -4.219709862544347 -31.757435213847884
-0.6841186428102612 -0.18711338599881 71.02368484283896
-5.423277862771948 -3.2785269937432866 28.103466514877418
6.431552033210353 1.7231531195084444 -51.45496253891258
-6.751775329688758 1.4029996209301168 -54.437901759133865
6.5143949252728905 1.1355684667229156 -62.98182758980825
-3.2546216262018826 0.8121675003455687 30.78933449949919
6.2791914166429 1.5593870293043917 -72.89273906204922
-3.4594827540809634 3.115925576679323 -44.58290074131805
-1.7163625839892023 -6.5631638457772095 -11.660381251743967
-5.551567441771002 2.1023005211836425 -67.87264637229457
-1.7447082183768443 6.259675331995362 86.18920894247046
-5.277123865187509 3.984367224805858 65.0714496556284
3.3334030497910367 -3.0045034184182002 -38.8343448889619
-2.8111842952562336 -6.086981024011774 -83.91575077425371
-3.180115874021534 0.8662298115743228 65.0797507894339
-2.020733762324438 0.47309293210815745 84.07797995446057
2.5871896666076557 0.3453396259349595 -93.08370874075813
1.0418428723951154 -6.768108790994183 -43.14075669908373
4.992363145435947 -2.0973158228099162 -21.21797938502067
6.4868292783466135 0.7206056184859501 -32.261640885673216
1.7164874342009733 1.9089364533101711 -14.653142652355953
5.620196611815993 -3.4952292343117306 -57.88473873032762
3.7697401656965503 5.431149247841359 -68.68348250177445
1.5618319666973963 3.2347990985323967 -92.19529427109524
3.336421029168446 5.616242452253442 -80.99073221944973
-3.895274555198966 -4.064155956555344 6.722539127234203
-6.252060704566049 -2.074571452414388 55.187715339692524
4.881663737237121 -4.662862768825394 -35.49374806266047
1.6778924977500407 -2.237877989081758 18.838902957369108
-2.1051191042975224 -6.090052817459642 -33.03948038277479
-6.10346715580311 1.0497529810336184 40.97114587714948
-0.5546969829238838 -3.598674366354381 -65.68552609106676
-6.1294832423358905 3.1728579949299216 53.67853277348901
-0.8312154163667442 2.7573119328920055 22.081627121367916
-1.3990287782964375 -6.1763027438886855 -1.6426565145303873
5.860354482369014 -0.2342544651005269 42.43575374064005
-4.732897184288853 0.3819486932395425 9.081026055634887
3.0227346863912263 -5.4744197667271495 -13.656892802719575
-2.2336273989899214 3.113884935266962 85.7565684905785
-3.698412750739838 5.654692649142239 67.34198842815702
-5.819164947695875 -2.821944886797673 -78.27797586667232
4.981900130171686 4.347431088591321 76.74670693925802
4.596274972779623 4.306074526477991 45.041134195978245
-0.31002938963043547 -6.665446695161311 13.0226572279742
3.449810101901087 -5.369214915375502 -97.34738966691584
5.828931590013618 2.5416726750040852 65.3158181660189
4.017226803102056 -5.483188661036831 57.427865536922546
6.029692703325589 2.5345114371927884 -83.56189500591442
-5.791981620918417 -1.422066686219781 11.382765135878033
5.153440523187634 -4.12660133489451 -65.87397923194912
-5.858713234786983 0.16744417191275812 53.304095140061015
-4.810836279830586 -4.507811080675402 -23.275122012761095
-3.8638935697378076 -0.47288334586034575 -82.48999934354163
-4.27107870083181 5.197424123050483 -14.556984333080537
-1.5379192236090917 -5.281158837691796 36.20135010856496
6.307191648943959 1.370687712821511 1.4593583875098866
0.9446570301353634 3.1565419333168037 85.52632625368496
6.155578816396743 2.508018802022032 4.406070593356394
-0.5148325779544412 2.598940587993833 -66.27467771356906
-2.103353407432499 -5.384356261670584 15.431644822014544
-6.366126159268837 -2.035067236806118 37.075226425414776
3.6114011708976026 -5.090129843264651 40.605889175218884
-2.3679001943462437 6.196730006454936 21.142597515411154
-5.669655701611101 -3.0493788045881933 -95.20754803769437
1.588242220730175 -2.0028986108903575 -67.53242801625612
2.5280869636584686 -6.0862756891839425 54.95127953257269
2.2952759836009946 2.694987755705383 -1.6127027317646605
-0.7423638245408506 3.3233967659193606 10.010261192272976
-0.5799153494748572 -2.6234313275019985 66.54490521610273
0.9729539503499978 6.653330142120926 95.89321696955805
3.534781840876452 -5.903524429420234 -53.01491319114306
5.610156360656193 2.466623258440092 92.92961687450713
4.662649894401142 -4.67782160624914 -62.47216602833627
-3.097389308173879 -5.425731723057907 43.494784225960665
-5.099200715624066 4.313541973531198 -36.62936700262861
-1.2878356159657764 5.151023978754499 -85.42755227669997
6.217987177160363 -2.691698554770533 14.424900699258837
-3.697298518583667 -4.901958691528475 1.7374492779344595
-6.339676256408571 0.17276879753312258 93.77986962473565
6.216199915611331 -2.2798758198731104 -77.30315799183111
-6.51511821145509 1.4581387585050545 -78.75824260971683
-1.6788677515605959 5.798180777591461 50.334975496630555
-5.6419886309898715 3.6129813528826253 29.433200522388724
5.255566289623058 0.013457549492419396 53.747085430866505
6.5878709474135135 0.3784187089593741 8.676633374536205
-5.193841758621023 -0.5190276679914905 -25.294242754944676
4.399851759945861 4.639365358546266 11.534313958622777
-6.465449977754427 1.1597791811195188 23.822788305661696
5.3860459818885165 -4.053546685204813 85.92586183292421
-2.0949195204113478 -2.527310280129736 46.64915903078975
5.1454279252622905 3.8178153878457923 26.710061918233098
-3.0278281328670356 -5.809458955600784 -67.22934622059232
-4.0162585152103185 5.319304729340502 48.139739594616884
2.2068475411758026 6.413108991630941 -30.219241415543546
-1.1373840430162951 -6.297494168183222 72.67221718661061
-6.320998677861682 1.8543794528364157 -51.47045424302892
6.406155987593427 -1.439918716187287 -37.24381538676583
-3.478911011954844 4.834105504848405 53.70754275933486
-2.4412787169802392 6.342797848545337 -79.78628734420566
-3.868625655667153 -5.226951545961349 -79.08505882672193
3.6176271309115564 3.161657355067836 -65.82607898000067
-5.435862789753426 -2.6390933684917073 51.34792338741962
6.4754371633014065 -0.04798381073548175 12.084672976848926
-5.281510442161893 1.4952037743655933 -63.19050077783522
-0.45325352514760664 5.426986116816306 -57.37698324807045
-3.569070614487704 5.079638020363733 -93.8637947651965
3.8726391295804894 5.130068633021072 91.28446634065294
-5.3866505136156055 1.8809866318876602 11.838923634926251
-0.013428526611201003 6.796307336504439 35.17789095851106
-5.157979043829882 3.66286261856927 -0.6790071011707336
-2.1497645048508933 4.881681564389553 -98.98869213449598
6.547040969063094 0.18733568733446113 -2.705454022692482
4.347535751255579 -0.9252406153360327 -67.07790380604584
2.4612025201806436 -5.96221201969018 3.107035977763968
3.4604596345903516 -0.6498288983675814 9.560751654630447
-5.559278460883589 3.657037848181325 24.045735451318183
-5.959519320692831 -2.830035283306569 -58.610153832713415
-5.285429753050499 -3.8040222866490496 84.2862932625399
-2.8445148423834223 6.098482816450186 38.43215291866138
1.9326318854940716 3.026888125469932 42.38077791984959
6.126409373521278 -1.759403865961818 62.36184462840445
0.40831317465531375 6.6723412068991275 1.5084930213845325
-5.968474000904715 -1.098762481201498 33.75036007223323
-3.0748428513971233 1.5323311955183798 24.763953525502483
3.1140068731913515 -1.3857354122886174 50.39598818790243
-2.4687453659950362 -6.016671360615474 79.60067319219986
2.209254438798487 2.817318298037676 -27.69588399804971
-0.4329128121517072 1.6738060708267097 -53.14702965306674
5.688538031246882 -3.6964144753449584 -7.70918136527876
-4.159656253251654 -4.409285461209232 -64.56706166453554
-2.657445733349389 -6.078530089131816 -98.06079908011347
-1.2645344442280098 -6.49612711696874 -94.46973992967948
-1.0149523180524707 -0.8384218038544877 41.83686709117212
-1.5924661722705478 -2.451374167059062 -19.183270712663646
-4.698966390166131 -4.053526876752309 -9.199353108897501
-3.60706289186125 3.7232690301338454 -28.626480897452673
5.580415176710207 -2.96928688676726 58.995263333723486
4.044839188704789 5.140863675175492 -43.11540630868988
-6.672072189363529 -0.2736618006205177 59.31245860979277
3.3075928813927793 -5.161762082511869 -77.20351049735095
-5.119633020963546 3.8950735638754406 84.62909420225941
-1.7305490591499475 6.400841269541196 82.92466606023237
-6.249003344450628 2.256382404590671 90.61599011103233
-6.597805638868993 -0.944784565801305 71.39407903194113
-3.458653209684611 -1.1865648779216658 -32.51567696947753
4.624315283745829 3.9628575706002946 -61.16351021624272
0.9819406633776646 6.324991376994311 60.24203567539329
3.2448729856908525 5.57007007501331 -26.723852903319006
-4.002825998635202 -5.22202646159801 54.79770595306821
0.28978555586832 -6.628279278746585 -67.40265005466762
5.933672850092617 2.545548243243531 43.308605136223434
0.5223769446210791 1.764282411637729 -72.47252958325107
0.36028800733538624 5.745242909889357 31.985766112020503
-6.891022736727919 -0.4546901738983261 67.09764974019474
0.9533534748675438 6.549814297039226 75.25773083778815
1.2392783199143793 6.418671364594788 46.17206562802645
-6.56715582939706 2.0798029303139023 -88.1429485570382
5.491936201137941 3.296167083256543 -79.2965103937317
3.226726580133715 0.8938811932738457 -81.45930778652722
3.425755997738122 -5.863554100972573 -86.97465045070653
-6.340505998273244 2.2882871424605784 19.32201820129366
-0.6522575214380152 -0.9953668984553624 58.689327508670985
2.825562711680736 5.649497394169054 6.632905152024239
-6.5655811902520345 -1.9583813372652636 -85.9257165355314
-4.807770379012513 4.179760909081289 -79.43743444660483
-5.3496367184106735 -3.357162205037288 64.60994173001956
-3.7134347720840952 0.5708617570751113 58.970855813179924
1.357712768780905 -0.9636746483655763 21.643437949890362
-1.1256001154415138 -6.2499239311959505 69.1117752197091
2.323144931113731 1.4848504661189759 -61.558586689211346
3.368898390439197 4.938967493529931 57.75547418388598
-5.827493129126669 -3.30070626774222 -4.309757423868426
-5.678392545917273 3.2588106477966665 44.39753550812847
1.7929903553994804 0.8529292309746415 24.787125797295946
-2.1345769972146624 3.166628359071252 -92.14626667476377
-5.202229458130557 -3.5357369625367827 -82.90517733683863
-1.3588651694966325 -5.672227601454028 83.16505216731734
6.195232439026957 2.2698769574876567 95.85116388139042
1.9958743259715939 6.350056395506504 9.801101942379534
1.913894963712036 2.305340235813864 82.00036862851476
6.518157845425847 -0.5746459500417077 56.64897506767973
6.306226272374516 -2.0434561078283204 88.16296069465464
4.839429625715096 -4.469788370327562 4.8603063678292076
0.3175772500087879 -3.330121341481538 50.2947966657939
2.3222091448448694 -2.4466937058972724 -26.091212860434624
1.4293848340079935 6.638165769580726 -45.14919209712247
-3.3694620259245873 -5.65069375592334 -20.7606391933719
4.469413473034226 4.9004267005373565 94.07981590226098
2.99926271859547 -5.952414338700807 -39.420129043886746
-6.283494433830423 -1.409401974123833 2.616817677781909
0.6235812092247623 6.1879333515219885 -42.324865134617745
0.9525548846458407 5.399190444158098 65.36847852447903
0.09821125464938181 -6.533968841769563 61.873953539773844
-6.441557188197671 -1.1054674361580694 -67.04983317017724
3.9729861134366895 -0.8306798180759906 90.58673444925554
-6.2905719412353625 -0.6608490292401519 -31.16530619233338
-6.7502125850628545 -1.0789662860207787 -81.51738072001761
-3.148153056131612 -3.232670312988909 57.69326075880199
-1.3117202859462258 -6.220644839907731 -90.76765243127431
-4.69411242945334 4.290319396699684 32.63977350040811
-2.212221320324743 -4.3562319745297415 52.14583739581605
5.998968079529955 -0.4374505048121503 65.97022881051663
1.3758110290273158 5.605320418640224 -77.62037890599034
-3.2423530743391495 -2.4492169161608865 86.82808139574935
5.575574120915747 3.5539339791680775 -16.59358445391306
0.9113183793764409 -6.693584904731661 -60.98909411052865
-1.2696407227087454 6.570510957000602 -30.081181746557572
-2.0592463247726207 6.470900034265456 -8.751284624304999
-3.886648330853977 5.178141806766646 -21.580246534168065
5.590407757323061 4.020727633405003 88.94294587848263
2.6243983800945427 -6.183684665147924 13.579866463694065
-6.515147706329412 -0.8038694719274707 -43.55843271081424
-0.532519447895395 5.662291418287922 -81.99427596989212
5.299400473867642 -4.327579648668632 -0.17351179279919846
3.143636682381263 -5.513978596362829 83.90373935921262
-6.306657919681537 1.0526114947374356 64.02651470718492
0.12862012256625574 -6.73008435322989 87.72445130607129
6.7366974561583595 0.7891236499813762 -19.725876490539292
-3.4291853276277466 -5.725072669518936 -49.72470618729379
-5.097835619974792 -4.488011945305776 -86.61804293179924
1.9183505403937136 2.817767296120622 66.20020990751432
2.859730105314187 2.411142313058601 95.61076860578014
-6.626002871893118 -0.40996933199752983 -12.771920161599779
-2.1095352157555456 -4.282877105214352 -88.81685087450612
-4.4491471253247425 -4.38952950967954 -74.85872845253118
-4.846752882448944 -3.7939733658873016 60.237103072085695
6.829053306837517 -0.2664435140705312 -23.880058668243592
-6.10762589916201 2.7609205649020616 96.09191508755073
2.2293233250047515 -6.386432628194782 -71.80604529056593
-5.4665360372087894 -3.7663833461935146 79.63918963064006
-2.9159461481231475 5.283357960267618 3.8572363441838085
5.666291680381214 -2.440272557875949 -95.43184753637573
0.7985130144392343 6.727847306845856 52.693439462484115
0.3510887720146704 -0.1916999012760205 9.116717854612675
3.285274905538588 5.4540471309470915 68.54823314287357
-1.573448648872037 0.8051215994530958 88.24953655896759
6.458049787822742 -0.9490622775797257 93.39519721354309
6.238110277788845 -1.791960357705261 -42.999774267964206
-3.2776818760833897 -5.659772770733473 70.91593438526725
4.403413822979736 4.545248201441 -99.8903080020482
2.171059555086524 -3.1871311291190487 55.287804514667954
-6.127857994859402 2.6584585964138525 -12.238908215237045
-5.276523257944041 2.2410129271236974 -32.58800722742711
2.544266387957025 -0.25323486972269293 -45.50142856058672
-3.5790914611536793 5.2743295962544074 97.4472360495572
5.331748991357414 -3.970852070029774 91.56402374771905
-3.037562277055538 -5.9915510633704345 -3.9220094030471824
1.5299264028356312 -5.2477805422552 34.106352224061474
-1.048994776235918 3.1960837669394864 5.714297573520955
2.2163233356578744 -5.974454450538747 24.943159817775477
-3.0884256760427853 -2.446701567985688 69.60427787600032
6.4218234771045415 -1.7804814445906547 98.35261236473075
-3.836001309231874 -5.470641401405601 10.392488041614692
6.666953763519741 1.0980642097381632 74.64861038161278
5.862365831620925 2.8854089329396397 -43.33491485502748
-2.9256522456868046 -1.5336632544201967 -29.62345655061959
-3.9615749667839335 0.9225364268683098 16.87435665119429
-5.84635576357052 -3.4463901431064974 -28.032029191472493
3.3216022667440495 -4.5351327853062475 -80.85871915263496
1.0736066559461284 -0.9141961970186941 -86.29009585847652
-0.8958141179614416 6.439715611072484 8.607400529664057
-1.1845347479459005 2.150164648384428 68.22723886967655
5.5242621857743845 -2.428844877558521 32.589342868412636
-6.189036395828654 2.1807660987664303 74.09492225408161
-3.365868917518755 -5.818460143552336 66.00546414081525
2.230730066523835 -6.095860763152115 -94.23908494610508
4.550728769213656 -4.462607556900778 -45.657801805952595
6.324573386776963 -2.4228548242308756 -11.011582565929778
4.2007365397081875 5.305844653584464 -12.255220339489176
-1.50873732409307 -6.45056831677102 -8.42959928918638
2.301805123112537 -0.4335651512150657 74.21867567485337
0.8260257142129779 -6.004273692327241 -17.888597197353313
1.9150617948448492 6.642635065946788 -58.344731447385705
1.6551696005220076 -6.559776413128312 29.587613352075216
6.406532214943982 -1.16824483502715 -84.96179196980925
-5.630925150902196 -1.8673284897872298 75.02811797550328
-0.379914705462166 -6.502121036976029 96.398488743626
1.9706442281529553 2.3367204890673783 -57.09881300885391
-3.3063375240751944 5.756464165085315 -77.00385979300782
0.8175750891095255 -0.7091171736684753 -29.690220119337134
5.647800526628061 1.3153384973685416 71.91416054384084
3.5235688853021365 -4.388014549466662 -90.49282751363492
-1.1640857762281034 -3.4348520031356133 -57.277899719665854
4.832209298703993 -3.230963769458119 65.57887613394531
5.612215017029009 -3.215256224968427 -54.07574877534908
5.064826080039077 -4.541023130137471 75.66491982370687
-1.860995456904787 1.2323102594503197 -61.3206662825533
-5.244373370028115 -4.081225864290615 40.94745604071501
-1.7121129852459622 -4.6125516376016025 -54.3052967444232
-5.350273295085324 1.8426251488345828 -48.56382522390515
-1.1575055788594706 -6.770419056441849 32.592453279114046
0.6115793552726897 -5.9139011132230515 42.41599333934581
-2.6715212402628676 -1.461227020836365 19.552095329293238
5.980280051792877 -2.877443175176903 -92.13228699597018
3.050660570732154 5.839808506860311 -1.4538872577377475
3.1032191067902053 -6.081611608196504 79.62902585363175
1.7209163802317309 -6.246099718601304 66.57526130917726
6.8094760921736945 -0.3588518140609949 -68.29668625740696
3.3365549363850753 -1.7389083508255192 46.193990039533354
0.9644989131011297 -6.326977178457829 6.501251786425232
5.7594157370049786 -3.0714095738361205 11.176660928916057
6.209862021555116 -1.8371839070140348 0.15910671224581746
1.062520221558282 6.415572858351344 -63.61537397053208
-3.084637934125586 5.885255056570667 14.60233726430046
-1.5798233736050982 6.000931500036624 74.38673545826421
-0.29098396245830066 6.448092119194315 67.52273508147438
4.690299714818425 -4.3919129513428 99.93182161296653
3.367848494248112 3.6525569178558337 -30.301321546084292
2.919096186900079 -1.4487248540466013 -50.783113713688294
2.51080223270401 1.5310862151153726 -20.305004894504716
0.7765825195648314 -4.352307661902634 -34.77540338542269
3.552059891547074 -5.689698646741464 -20.651002345257314
-5.511591230036499 -3.194697687644058 18.01200281777383
3.60994472807751 -5.930033953761719 -2.2806473336993864
-1.5145673087178837 6.2734587510521385 70.73938403049334
-3.250869319243265 -4.688992087639078 98.10042557810105
-1.2934107193753628 -3.797414702273181 89.65611722548557
1.912298531806124 -0.6852178244045697 -55.747645767446116
-4.680972218567547 4.497473908239921 -51.38567757609009
6.6383720466941725 0.29445702845216704 85.29078263945824
-2.398466316121972 2.4150407359887307 50.16036484643794
-3.7884226673212713 0.8679527450829367 97.94534317075983
-4.641806168042806 4.891908090397642 -66.21968664946743
5.805773521102 -3.2614212272826903 -3.907433687685838
0.2571344026171203 -0.5650712504333388 48.44404312647903
-3.499508523616168 1.036704957981767 -17.563939169456308
3.392770169807301 -5.760743455691675 8.589942758945757
6.328135897965252 -0.048776020144684226 -89.31665579095086
-6.730966598509172 0.813531713135102 -58.85782352486512
6.703546362763042 1.2242755264665384 90.33203040790333
4.597139115256153 4.962260729708421 -23.456407576459224
-6.1183602470510925 2.273541388198583 50.681092078498985
5.238198409243205 -3.661853890302345 53.756622729025146
-6.5519298005415685 0.5181304657085453 30.457490802869625
5.211552599190945 -3.7119767439360327 -69.48043564554781
0.6867358451163963 6.516852227910251 -69.74383470741496
-0.7629554794407827 -6.453423715365121 -14.705357889010996
0.09775477604420055 6.748567129796055 -91.27126596235004
3.0815813833123324 1.6441532557279301 -74.74999487220819
-6.892119583577811 -0.30620336873019005 -36.39906042817415
3.538922733205767 -4.782359061715978 61.59977805333181
-3.3008465032921026 4.639852176373987 -34.28317998287881
-4.0267348756172145 5.23082077989724 61.253612092175004
-3.719424020507605 -4.7557585325524805 -17.287974533773003
-5.82522264626644 -3.695701798527853 9.253457317065255
-6.15086638030011 -2.6187718927828856 -38.5815364020027
-5.300244068252461 -3.6946104184418314 14.746826581181876
-4.157562509000656 4.374083507475948 19.462746248491893
3.7276435751620656 5.307693348149828 3.7862248668722462
-6.180569050130903 -2.676613590183931 -89.27671281239732
6.782088684778008 -0.9059190321193581 -81.7625628317855
5.561914994068292 -3.513801075311751 21.432571197638804
0.3349129733097351 -6.266425833744285 -98.73357018359853
-5.758158707551922 -1.6739029323747225 98.62216213698804
-3.2627684021247663 -0.7449709591497589 -8.83783476825354
0.19253420957784712 6.443921864183264 -11.076687115311596
-6.164247855241183 2.0581766426016976 -98.90611342211919
6.248372855977684 2.8009110779070956 81.7445384584877
-6.730864977763313 0.232923280734455 -40.805895807620296
0.4332696928435921 -0.04675914020010504 -35.934756184965785
-6.691288946601427 0.7273547986286568 -85.11915048290217
-3.3634335773004347 5.614378060829405 6.77043030700831
6.639473610977151 0.15464527394010136 28.63731009200969
-5.322683777896326 2.413324545520506 3.6082342419352096
-4.423835801636835 2.8148859157324493 87.60169059653421
-0.01635939527517174 6.410645619308623 16.967479030633484
-3.207766407043237 -5.964460985373265 28.32711957427379
-0.04860038965185226 -6.494999672890865 -5.255565969884486
-2.6098673393649188 -4.28198020770236 33.41459998958074
-3.11897093653831 -5.855880644094785 -27.135545101649413
-5.477826143707449 3.229713988262917 -56.465385024315474
-6.395224452493324 -1.7315171446087265 -46.836324669140424
3.288041511601108 1.9456336890447454 -34.00902306323848
-2.877761172561358 -5.735062707118049 46.58111517275892
5.642576849578521 -3.107366432702274 44.558118381244476
0.536129154835386 1.5924101171387464 -50.342762919374685
-5.691402521203283 -0.08373436947266175 27.37120942488197
-1.0972234358791677 -1.801788347797203 52.41853627557929
-2.125286196376786 -6.528429556285918 4.806961804399932
1.5467348447496587 -6.575539651764627 -23.1832649790158
4.459925514833753 5.017166658128847 83.88935017739037
-0.7670365558204413 6.782288716575018 62.559425176333654
-6.822089499158975 0.05494816880618031 78.74093223007827
-5.8655733333401425 1.7397203754325596 81.86181368071928
-4.817693954755419 4.834983943329819 78.60400980109648
3.056662406568146 -5.715996866736284 -58.4731827056326
6.657772452785306 1.3383734059995382 -35.14210452154323
0.8262489547982504 6.218762530918446 -51.05794798816321
-6.540311986710614 -1.2661148544975773 90.32130843770312
-0.520921167451543 -3.553358166739802 77.35973070877908
-4.432217380380313 -4.870725992744395 89.65126162984821
-4.19300743657863 5.286640865085268 -31.55478115392625
-0.709777448875001 -6.633686442931458 10.016599137444091
3.221392955469661 -2.812866518780996 2.510264131592039
2.121036411493557 6.520130485208345 85.73703771093233
4.078537418692152 5.23597897896903 -91.24537721342918
-4.998643337586137 -3.968130356644541 -69.39376719549323
0.3441545962731348 -4.5651628918186 -85.84902981343176
-1.0398701068898992 -2.6125656136504873 81.06154965925234
-1.664989940109079 -5.5896722969131245 92.4109201788054
-5.528305086919389 2.3531330856273853 -81.8017906355994
6.159410274855278 -0.40275519698549656 -29.561772324828897
3.617624747072918 3.5438026660296895 -45.905213254059724
-6.294436143744633 -0.6125653174191948 -97.79491655415849
2.2185127772027102 -5.714670523759337 -65.16375483555028
-4.044658367992257 -4.469763476258988 -35.29826267442209
5.1297629081063265 3.8993296029201296 -32.77205984838661
-6.372065933886091 1.9122156818165768 56.320079877814024
-6.496103994506063 0.5266919025997493 -0.22183987246369546
5.9444606148292625 1.4478313411472017 -26.02965388883986
-0.8215072284943512 6.0592617335903 -24.359256420738152
-5.098256394690957 -4.203675541847989 -99.06767880972467
-1.1684793905158493 -3.420653619994034 -7.874927345728628
0.38976084279098444 -1.378915490441035 38.84257371375564
-0.6676653672084689 6.569522804076086 -47.81582455759048
-6.284267138288277 2.411816601489378 70.98004283150605
-3.1284869625540437 -5.905161878557734 49.423531630728085
-0.6045674457305681 6.548008595653854 57.16032441424757
1.780494126555749 6.193458415468099 -87.24967858766495
-0.6614071691052096 -3.727904356662203 -96.61319140852108
-4.306739037647908 4.837726318393335 -88.20314523021618
-1.7553092531444787 4.5641011215646055 -60.13895871081659
5.678629923911811 3.52218400748181 23.589934607348138
6.288007667809341 1.8570996985910415 -96.40942606662064
-0.5165903736546236 1.435926057370242 94.24912202613706
-5.89821603539264 -2.639311418598025 -72.03454383250131
5.559972723333057 -0.9921142068177863 4.1029523678540825
2.695943478200971 -5.95223049469723 44.34853636383978
4.945875462990419 4.321303253560747 -49.41400430152253
-4.3985214105600186 -5.206634531753104 76.61557944089421
-1.8465161788008502 -2.7566854197610433 4.49885616897358
4.103939911135473 -5.1316351188448275 -32.40119574633713
6.386752291164124 1.9697334305678695 -39.13223651980832
2.6175132685693883 5.718582971238525 -18.370849257436493
6.576376207642292 0.10637995591898142 -55.789085088409045
-6.197844009651766 -1.0133593957086635 21.447294127939088
-2.3768360789316145 5.806051190562808 31.356846476944213
3.091831483295712 6.052765023053656 27.782546604931742
2.2332792113531585 0.061685679820532316 2.7540066766504894
-2.3558730565374106 6.2815622161508005 -63.610277624112854
6.210553537167523 -2.4284281310889115 68.54966705965559
-6.463616634787581 1.017126212911128 -3.425413850606393
0.22445787959900937 -6.558793718156649 -49.03587444570398
-6.530863221124823 0.7802073177909747 15.287519785940443
-3.8066313180315166 -5.573492354383502 -42.67617180042845
-3.6422669426332646 3.5583357107602374 40.42538493985103
0.029090850081555514 -6.59387842305649 53.25005796034795
-5.950383353534419 -2.374416328798621 24.790631344514043
3.8784707955324516 5.190786914891286 64.90052766367539
3.005075631950325 -5.6861281070720375 -84.03111088647704
-1.2579076344296392 -2.7048271774649693 7.8107503169896715
3.9803957697602548 -5.163918195578845 37.75220363455217
0.4308347497791606 -6.248462116103249 49.73319992307757
-6.167359005477635 -2.4207068047200964 -50.12490528600181
6.458875300865587 1.7889242282490976 15.299950337165775
-6.0809405746909775 -1.2861666555734426 47.917326120764734
