-4.226417080960403 1.4553235582370416 -31.779277040536073
1.6164525372899852 3.675119477435621 -86.48567522759129
-4.372812213021645 -4.713869460030503 97.58104999350202
0.4741852597840076 6.727051256452125 -3.683030924066396
5.339759458883802 -4.067620966086678 24.662334622833274
5.734688976648149 0.6470338953464784 51.8912362184732
3.488626448874589 -6.129157015723025 51.32113148903919
0.8134833854442295 -4.084805318970266 -94.2981818859827
6.633272014194738 0.8472391270779547 45.634230327642456
4.07928545222274 4.292831592221558 87.58279533507515
-4.836360465921083 4.496893988675793 -10.520925327144967
-1.8764920809654075 3.2568496417080413 -40.848744755053715
3.4555820092431704 -3.8772089000806793 -28.769944644716556
2.384774109260749 -1.0896528001506836 82.91663465854262
3.3717542689398554 5.048600225145598 70.9807428092917
-2.7607971684205177 5.060675315440061 92.47510686709234
6.522338470385306 1.6714487028317804 41.31017197231181
-4.914999944296038 4.40806177041365 14.128305152614704
-2.8962097499742954 -6.635238722935177 71.34546465092122
5.6868349546013475 -1.133637246990737 -71.11494216386373
-4.474423126577967 3.4713027153022247 75.08587045091802
-6.236751160266809 2.907451023565353 -94.27881107801592
6.129143455062296 -1.1421392415245593 77.79755968419629
6.994487175502605 -0.23187592888529832 -99.09149746156852
0.18209766714759845 -5.905439909231337 22.474534049562607
0.6960394170904362 2.109104464889056 -72.5892988923046
-1.1460573807152594 6.545362198088606 79.41555078140534
-3.3978264722959564 -0.401325786116866 2.1022817651354155
5.610227963117414 3.158135183392594 7.40320233746675
4.450465546587461 4.944862537127041 1.3459662726102002
0.04254141172774903 4.679726219722376 -53.8479997427989
-3.0868525278770678 -0.6850533956911323 -97.14016575968074
-2.9957751376418926 6.213329539730357 -90.72099373566164
1.7273417092083603 2.0174958664002935 -89.45054717487862
1.9053449848722463 4.46846840818661 30.52860485846715
-3.2169709645298874 5.215660264681793 44.88384371591774
4.449691280268508 5.038583867384486 -54.53600428765906
-1.2010630909109674 2.1890155041993067 -31.887659073901684
-5.839283964220232 -1.9664986814360246 -24.176573599678587
4.918376867891988 -4.4720570070972805 -25.67211862542986
0.18358351509248724 6.2121999954981115 -35.28747015602075
-4.937308314892796 4.523755492036121 -52.04934433285919
-3.281791335742581 -0.0983983636718686 38.89137192742703
-5.237875093750149 -4.401708677977522 -32.39630457932173
1.4387453300493034 -4.086210941269253 74.91458632078424
-6.023382807437664 -2.6629231413766177 29.37948186073848
6.062531176259322 2.340790284835146 -52.728248875721135
-6.41250715791562 1.1227196542418818 -55.348968533070554
6.289336866324021 2.2064275480591675 -61.48431532097113
-2.7304472508640734 1.5941328685022969 27.105367836782253
5.222869723361903 -3.963546991182394 -74.46925463047488
-3.1522266589202244 5.694285662501144 -45.70548431883886
-6.572213793268193 -1.8505318865782712 -16.146150060619632
-3.1664730864342365 5.6276293724785935 -69.91683133415319
-2.144278683375896 6.191578590921429 85.27926875549825
-6.025928467087809 2.769178119494283 65.48631128335622
3.01173286195648 2.5531564843167582 -39.641175820370044
-3.5452833036297022 -5.501358867451205 -87.5674597551993
2.9519706910479386 -3.605764767786012 63.37271673551982
2.114559020726892 6.455280461517886 77.68352785398139
6.301237155526195 -0.35533655484873483 -96.35285592051342
0.2832166218924797 -6.0465937285088955 -42.16659615668653
0.5854339633615291 -2.9945600537245776 -20.322857502956893
6.55664698081796 1.079088554024986 -32.67866330751978
-0.3464926946045923 3.023818969535336 -7.952794196808741
5.599892174036947 -3.7699180669757046 -58.84268011555441
1.6181991671843297 6.1562343755757345 -65.33225165141184
2.3289884469608197 3.113423196857435 -93.8543102067578
1.7035891490419235 6.15997841979692 -84.2707130469435
-5.073548278724493 -4.409029155012972 6.434551892615249
-3.9479928692549753 -3.8260970916468566 55.78723162113747
2.225515392816692 -6.162484172356622 -36.24106594926417
1.487606675373362 1.4708108481711673 18.10697948922584
-2.5123911069858527 -6.074759031503015 -33.332239482663994
-6.097482464614934 2.4245977719799585 41.57222084273632
-0.467150064426307 -2.7050307835858756 -62.98663310127489
-6.108408426352661 2.888734491005495 54.14198211527219
-1.651851685269956 6.44617573116675 23.519852664124993
-1.1687552741794227 -3.6612637898059046 -2.3349677045939723
4.641181904873776 -0.06852919064369543 42.76436078089612
1.2031534139177473 -5.913123512716834 8.859863665512108
4.549697308500937 -4.804860776656981 -14.499026943164806
0.3535577673215441 4.884286629749222 90.90198165366536
-3.2272803003865462 4.628226059934507 62.66987766348434
-6.536260589430244 -0.42016933307459897 -77.31442825943044
5.799738632895637 2.2731916890884705 78.02684810688626
5.279926138477053 3.549958672839924 46.44689840268786
0.4741226033168016 -6.308617224086707 15.88827399851475
4.302151481751384 -5.334546152547242 -97.21529938269904
6.535433112076764 0.9519580253657614 66.0511504853298
3.866849966310168 -5.379170436464176 57.949510222084385
0.00787843388512921 1.9605702028831145 -79.18711737314166
-6.60331530255232 -2.4341876180998625 14.866762516772704
4.944935493560872 -3.9889343632244376 -67.94166638586461
-4.217061184141746 1.193877279578568 52.06322455397284
-3.445814551246619 -4.160268910229177 -22.808867026172685
-2.724220609669921 -1.4627743771083308 -83.85384516608859
-2.632365368741523 6.025726333448928 -17.154500454698983
-0.37065091174987946 -6.533030587004406 39.35583543477267
5.441886919499311 0.5358622828630377 2.811747734691723
-1.8890454339708111 1.9886158738396982 81.58251982146288
5.9365814487847866 3.2176535563434863 3.710835144821312
-1.9854063088489466 1.6884502365767693 -62.768300918589894
-1.9971972541659393 -6.506724546873097 16.928104168359365
-6.183342110782889 -1.6718202004601226 38.75488248948283
6.598173497551411 -1.4269384368971292 40.32124695116049
-0.135688696028153 6.599436676900159 18.861055720740723
-4.360660456594129 -5.321405681413201 -94.65994444713773
-0.32673398765456996 -1.8595533907791075 -66.81118514519395
3.467653292310207 -5.186130174564529 54.29667247299446
1.15741323926577 2.5516060928793194 -3.258227846907445
0.668938279670005 3.778494770639163 9.415804838009922
1.3686249901974739 3.348026712139808 73.23223234743567
0.635107239928995 6.46407350301119 93.45541203344709
1.0576111318962078 -6.0031828573341866 -51.386468458661234
6.187674834854364 3.0132307196616317 92.70416125390757
4.477637883304916 -4.816147991311284 -61.608346146337006
-4.139225443701556 -4.820571029301864 43.29600218102831
-4.171591542968576 5.166441717559133 -37.250344272415624
-1.6277103161124409 4.422742902727256 -83.64890039978185
2.6725850454900466 -2.886980156254392 14.261858742991809
-4.477247734105317 -3.030627227380994 1.3857550885621768
-5.340115537832357 3.6915639660696993 91.70884958846598
6.324081443190739 0.7502033993553292 -74.87361372344222
-5.938562760557457 2.9703979167334342 -76.96171982042874
-1.8351615567997055 6.528013003916843 50.51459976725281
-4.535418274342684 3.524064571384918 31.589348343490215
6.0698384557909115 -2.759541719508322 53.00535395412619
4.837353850994337 -0.7680288767386609 8.097977819524605
-6.781835956264859 0.12145651759356568 -26.550777932817393
4.638479368713956 3.632512343659974 12.228036539810622
-4.548677303420859 -0.498773293652843 24.133851285467845
5.373571097969576 -3.3585659422440326 87.46236708994608
-4.6295435273686545 -2.6253065947774124 47.158940163355304
3.213364825197755 0.7713897062858384 26.770473198098415
-2.031810107313577 -6.36245417562638 -66.02057927747596
-5.395817578931746 4.944634152375019 48.43648881952854
0.46781827596039327 5.992034389588572 -32.20622576120951
-0.8794103865219804 -6.4851747343659785 73.66823456526824
-6.762614906860757 0.6858955226918318 -52.10712244851506
6.252744903530509 -2.733879995446524 -35.38199264236482
-4.670500274883694 4.7122194145136485 57.0218371507813
-1.2449986710333527 6.546981871903746 -78.28531245386004
-5.376559631642472 -3.4164650734266937 -77.48699423240848
5.156238817187959 4.301182969489259 -64.77544539170079
-4.231727974441171 -3.2016762831402423 50.22545025492949
4.699031374608447 4.89235901424377 18.365431627079804
-6.568774750104729 -1.417992533030149 -60.342244332887354
-0.5190404661331419 2.677977114129809 -60.23894768165541
-3.659349451766006 5.630632333939184 -94.61239359316015
3.6630934694987145 4.822833954487186 91.01714372650169
-4.704034558414322 1.4314905246841643 13.936387380930707
2.7590938738086823 6.152215236933086 39.01571649573166
-3.046493992808831 6.070338251149356 -3.2424352011675523
1.6003083553356827 6.301262835475867 99.74912024465546
4.777277739960077 2.7170031008890896 -5.928115295465708
0.9907715559361402 0.167005778020353 -62.30964191838716
1.6801940475001753 -6.373067384246642 3.602165769529044
4.376851025136934 0.23763445077497375 11.920889946258868
-4.581913236068136 3.924043189357172 23.82349725872685
-5.344723131895706 -3.875607411745695 -57.86646800816822
-6.731708545028626 0.07363667733906461 84.5975757157703
-4.672071383276544 4.49930808988228 39.541635686497536
1.2663634440222344 6.5765377597830685 42.628246919848266
5.144866027267939 -1.5152389882235013 61.47326375197932
0.529269898943688 6.639272854615856 2.5799696260182183
-6.1984391740856735 -1.1501318080978626 34.753937696889665
-0.9826129511114297 -1.5018141006227066 27.28966411890896
-1.7178488279827164 1.2656576197816054 50.71291047339282
-2.381111476999266 -4.706339795981262 79.58868403356205
2.660828217517743 -2.374413060922185 -24.19661750123803
-1.0582588375836752 0.9429275566291031 -53.45663910627836
2.9030207082515185 -4.811150526286533 -11.356247811728958
-4.313183223123939 -5.199168718977166 -63.99392702179244
-1.65279643590247 -5.8101540795994895 -94.7272526788937
0.8770161120422303 -7.0040648750413075 -95.54548211651885
-3.295584074691498 -3.343141876235082 37.78890785192999
-5.35606643344064 -0.35492045145222717 -20.61063190986239
-4.562005944402413 -4.730216283592727 -7.45090731594075
-5.88830221495786 3.0504852661226813 -28.23375083367993
5.965130536294154 -2.7336190641310205 58.586252020963684
-0.07506625778057327 5.668410334657917 -40.09308638378022
-6.537961163706561 -0.19268334738306248 60.14873196605139
3.678456575566018 -5.0605648978494955 -81.4838934137295
-4.324825732445314 4.526475789387347 82.05122817282279
-0.16855076534239388 6.492438993520216 83.39023806137882
-3.1993234488388116 2.965276534264085 89.93979237604782
-5.99764697859804 -3.4289736172855942 69.97259807849571
-6.279440770437818 -1.2612411439396258 -32.827230244788446
3.3873057099381016 4.665471176973547 -61.33068951319111
2.6607931734831336 6.094370967452597 61.26491918501735
2.6807229685796985 5.692836826078925 -26.70551337208024
-2.613954668529622 -6.365243832677663 55.0925703616376
1.2340207131201786 -6.544487955751794 -67.23444187536268
2.9980856602639183 3.4698592405209854 41.25583444907322
-2.6139626711462056 0.048597385519202535 -71.33359988660712
-0.0006781150354329898 3.8836460940558686 35.997633945178265
-6.196112175571252 -1.6079169116781271 67.13039922440792
3.992318375712634 5.573782180989046 75.47555394658264
1.7437435587401686 6.299457607901613 45.87556233562371
-4.927042069030333 -0.28306980330384734 -87.87509240455977
-0.5030078021141859 6.533440909429594 -74.93194553739441
0.00037288479706010236 -2.9231250312900507 -83.58347008264911
1.145506681824802 -4.098655076064029 -91.16637316431587
-6.586689235725439 1.606353269704444 18.705805006536593
1.6436015093294125 -2.639511875196373 58.35385159313501
2.3088936426024094 6.1415343659759944 6.0409238067844075
-6.43065835554085 -2.052838744480389 -85.14605639201844
-3.393284942620242 5.095489732373105 -81.3570038214608
-0.1319334132899436 -3.562334226515631 67.53655979061732
1.549888621034126 1.6825564692984913 53.453942187386474
6.690946312868741 0.693108278319215 16.193439252890332
-1.8791730710821866 -6.523419318017188 67.88185232314625
2.5532163253501423 1.8091900200360098 -59.8491958156096
-1.9595337813852682 -1.7750006180584306 51.50491834811635
-5.420234504538135 -2.3454222658984945 -2.447207158178454
-6.734329142461258 0.18579422569209897 47.03334356313784
-1.6443244357528566 3.1250657032907565 24.212425408262593
-0.6473608595457663 0.6511701006134416 -94.58850890694295
-5.362217591762695 -3.9288229048525296 -80.68788873588123
-2.6598502653112077 -5.777576089507757 86.2792651426274
5.954074092523193 2.7018615432603608 96.03327449527691
3.754500468600824 5.528369021986849 9.69408289487968
2.1679920007088147 6.2175837944984185 81.0498936683728
6.231491391412831 2.427326953968961 55.823375982285775
6.758257836620343 -1.2608518085100784 88.76055717758899
4.874049239435981 -2.952229972962578 5.599460236500571
-0.3074718436666076 -5.360001259187577 50.03692402225687
0.49207538307986454 -4.480844190117108 -29.001290580010203
0.15157981501806325 3.7255060120676577 -44.104870746806704
-4.671904627995871 -4.637112149750189 -17.057654119667472
3.392266533093885 4.27588946615061 95.80881416324395
-1.367150634234199 -6.514193858424854 -39.13467478081845
-2.8066036032563884 2.5191359577189094 9.864834099650569
-2.9619393222372534 5.981745267234192 -41.71362002598652
-0.23855989839298752 5.8515774791352175 65.32848789717639
-2.989877261144776 -4.522206608832254 61.79127701334555
-5.158757917955908 -0.25795242674050334 -65.21367642333476
3.0956469691266864 2.04965087190256 93.7695500279345
-6.848689064290074 -0.7442100613552026 -29.90099662040408
-6.130597323185875 -0.7714529388208473 -80.97152468336397
-1.3356384558982155 -6.142064235610708 57.89071868119353
-2.1169375244653956 -6.496396832629003 -91.7927782101615
-6.083245003174652 3.119827368853255 35.24380540518747
-2.7055878632826786 -3.7239880421849705 53.37363497994938
3.1726671135922984 -0.26525475629676865 67.48744723060132
2.7667535392993923 -3.2473876467962977 -72.42489387539253
-0.9189563364820894 -1.6788218141794848 85.63059671224838
5.6546219353536005 2.7517029194076157 -16.08490563776822
-0.161316155461688 -6.691941364864761 -63.69323881581653
-0.1685080943954649 0.03847622115574271 -27.83509375218141
-1.648181571633437 6.5714028145546575 -9.646508522037857
-2.619888807775952 2.1320878212283136 -21.31036183667074
6.050105941445057 3.5332637482920455 89.29759536366393
2.7387944030531766 -5.854271510164499 13.173087830204885
-5.285701058941349 -2.54697937423952 -43.08852971465077
1.9310903530051646 6.441300965835687 -78.76507339658966
5.369128147650952 -3.576056999470641 2.1255375878607357
4.262178288627022 -4.394273076237931 84.02200264756004
-6.266477616519383 -1.2254512386178036 64.1310720261806
0.7723479021349651 -6.22996264177219 88.62911969450758
5.80193078644148 -2.8097394284608863 -19.569126382805713
-1.8011717148844797 -5.9667046786411815 -49.80476314385788
-3.7529288229665596 -5.584193180027999 -83.07808056650852
1.0770124797986118 2.070694789597659 65.59826436965349
3.4094801661226457 1.1460960928387471 -99.86839426308998
-5.832747106485871 -2.7628424927133257 -5.88509019202893
-1.5888781401606142 2.5296800338401884 -89.91175362887684
-4.221159558747075 -3.69161545490459 -73.63995785730305
-5.367307803415007 -3.813950245252408 63.91002251051607
4.621198703254674 -0.6680962242564409 -21.457757764036955
-5.761752441453278 -1.732254558085197 96.34751337107615
-2.6814853441208797 -6.108827652094685 -70.24103686930675
-5.633443636200752 -3.217355756689352 80.89555259788251
-2.4584032079763443 6.101053771846181 2.7813426171284235
6.143245899898785 -3.0242651562776883 -94.82970264858683
-3.0271280771132894 5.634216908924792 54.08624740828492
2.4893021839458407 -2.022039282899218 6.886989611545988
-2.438424328079053 2.357680105126764 67.14699542800804
-1.998348932908411 1.0713603506793143 87.61888976628332
1.8411764232819745 -4.14180927611416 92.43798629956673
5.864006697300702 -2.7408930980212407 -44.55432624886275
5.863160545239695 -2.819998984032117 73.54354135836603
3.4519208697765347 4.167131436565439 -99.73454661215803
3.5653267165894773 -1.4808093657638517 55.637970188225964
-6.567705910175256 0.019395851011672415 -11.72758436125762
-5.342844084778106 2.575155781952208 -35.634088604395735
2.4947520941908103 -3.3367314949002966 -37.444654634477665
-4.437612467778608 4.340947850873957 95.03799427711546
6.372958838493437 -2.4561489843053783 91.70835046974061
-3.8588772877539603 -4.929101571196226 -1.5644408297920191
4.882662782932113 -4.184764671598317 31.76966685834683
-0.7670027312509299 2.5371392159923034 7.17152904492181
2.6275800201743227 -0.2980534795497114 20.527641960098176
-4.341069812600586 -0.6602177255301922 71.20472427928797
6.407337350645997 -0.18419521791070062 98.01322512116859
-4.3898422402045005 -4.364644587236527 10.926702512782501
6.135649457494588 0.7821793888643807 74.72260404211393
6.683914733715891 -1.8429081900625874 -40.793641666653066
-2.5810420095907305 -2.658279557592166 -26.485128561032454
0.8894178513699993 6.521735498203724 16.03950604087538
-5.550690190056553 -3.5552985908751396 -29.614670605134556
2.5251623893869626 -6.046727221511049 -84.36987783305665
-1.743295339292634 -2.339012090327457 -88.65140923867254
-0.07976778622426317 6.572007081819729 8.4743972545802
-0.14379527960020905 -0.8343590227298351 69.19231266815147
5.26764903293299 -0.7534779791631356 37.566816010676206
-6.4291894721370175 0.4529535132085766 77.02539571086264
-3.7806811947012258 -5.647795514371861 65.13580391927054
2.7056260188504013 -6.115744214127563 -93.52489828921337
3.713707889393654 -4.416454638208191 -39.7997309181287
-2.6116612911070325 1.0521223188885038 -12.378002818793473
1.504038936644143 6.098619886848797 -9.50583115564958
-0.06918458389326959 -6.021282636228279 -10.690155100878968
-0.2837266640592776 -0.9815978612065832 81.0285914191856
1.748615997164642 -3.5852127483366227 -17.29625713370024
1.6952785777821486 6.695610230719389 -57.751892455237865
2.527079982626822 -5.837838862140967 30.09755751249249
0.5984756132493992 0.6198508152425815 -83.17377258045418
-6.56457180189991 -1.6585912428601535 74.37365709288838
0.4931088990413067 -6.899383545112409 97.20869967720286
3.061381685275275 -0.25228553450469193 -57.47588869403562
-3.2039939167046976 5.419655577989626 -76.2799391524209
2.230729173629945 2.6405003335062776 -27.663327046399502
4.671463191944986 3.343101590524831 73.51270057072232
4.178990869587244 -4.688869549515042 -89.24749375653356
-0.39435634170897776 -3.204299637755931 -57.230843300482576
6.00859665071625 -2.5792462483591216 65.72360214431949
3.324816134619689 -5.389704529828339 -54.98369407156894
-3.5892075237660843 -4.01347523967062 71.03308141213668
-3.956563654400398 -4.922963056554531 -60.50598453809919
-4.756950237854614 -4.631788765245114 40.167890097666444
-1.4477033981677727 -6.358883611810976 -54.436735136175656
-4.419320295654169 4.70034855652081 -48.535219094228864
-1.1499344585535953 -5.941975980035763 33.088775795178435
3.146502902136719 -3.387677867047909 48.94055064734762
-3.960313326334689 0.922387150636101 19.870235453873505
5.871425931087435 -1.679289766431887 -90.45957142351598
3.363634983069399 4.777610159644635 -2.2718310834749285
1.7516546758450697 -5.225062241631321 80.66327033061513
1.2042996064248437 -6.72598951406773 66.51477027393115
6.18179243985638 1.1537984115740099 -64.66507287563866
2.0890410593670246 -2.6318219628899344 46.008302449827106
0.31875187925924287 -6.586145168474792 6.146003077669922
6.427355654156408 -2.440841510124893 11.107875227334475
6.566874103063531 -1.2596463465105499 0.7431588084714212
0.5816361113803828 6.673159011380174 -62.44282986186048
-5.834265797557994 2.9700412033907893 10.354076121180741
-2.7580258158023234 5.629224072841613 76.13033364329186
-1.1208736083436217 6.100524601238922 69.42988797716748
3.1117289848663794 -6.045709946716331 98.92165618108082
5.388309857483953 2.4716743296119232 -28.438328029375867
2.5690480057700573 1.030601377612457 -47.40397112731617
2.9015962992166315 1.7916804287774515 -24.288280775069886
-2.506311866660862 -1.3357115019512649 -35.15339461396172
3.055505473313003 -6.188717905494433 -20.79950981385768
-5.233362926370922 -4.4150456067367205 17.365395197502004
-0.7188826573350506 -6.525893281955317 0.41300764710309107
0.5390609162518587 6.496761635731524 73.18653546702005
2.477432463282373 -1.4742124978008855 -96.17697172678379
-4.2287369740223335 -2.6341123689623336 86.64955198386751
-0.20261164653930236 -3.4313066903393863 -50.07280777420987
-0.020218025697997064 -0.06488500220936058 -58.44347010276968
4.925977175253415 2.69880414943104 83.00242083623823
-4.31530464986248 3.6954783975147985 50.5768227611326
-3.5621804376308304 0.6975152008410452 98.89107711745127
-3.5167449213549387 5.656078548196599 -66.92619993627007
4.970715563320609 -3.25809435137276 -2.108339979851113
-0.47744084257867386 3.486621745356985 48.39285502181998
-0.7080001328858885 3.6428476221542976 -17.239209904163747
5.084926024632295 -4.3241462610144445 8.260057020217761
4.205791942622012 0.8140512387040526 -92.56956073620101
-6.46196367118292 1.0898237165049265 -58.71596359102918
6.507271197341226 1.2714706002541543 90.38158911707004
5.278015925298665 4.1131128036233235 -25.381731000385994
-6.846633096427505 -0.016028678053456438 49.71240794295609
6.2926868867967425 -2.3417491025519674 49.34615411895665
-6.31371549455016 0.9202235162720129 30.478752941784528
3.229481825782634 -5.728995242824877 -69.88779684331422
0.33715014246898206 6.845679943352897 -69.58199306433693
1.7475226105144794 -3.0511057008679447 -8.278034844604914
-0.8073176142873908 6.573701833217374 -95.94389657472641
1.1069010572869298 0.5171055998799159 -67.70654773576808
-6.765420319150516 0.09545107489863855 -35.66304430677265
4.1916773060187875 -5.2673600773276705 61.15736787233863
-0.7546011928071328 3.095852150980097 -35.37187250372111
-5.136114705347737 2.314863189360523 62.08032924746839
-0.4681170551119993 -6.759665038337212 -17.185006438766862
-4.768046360879678 -0.8824119553248498 11.718338142063805
-1.0329916932863665 -1.1456115623625196 -41.19575731519189
-3.361238730326562 -4.597931397909388 14.282810698255126
-4.602640879530512 4.292699626290385 18.16508220677399
2.9169309399325307 4.191859836774106 3.4825793350504255
-5.814702280177316 -2.8250473516807766 -90.2716776305916
6.695210125728851 -0.9565911883170349 -79.35503157976258
5.7313180356731745 0.7157504232821714 24.567441236666955
-1.3945700593607468 -6.118110034260065 99.84672832374423
-6.637793999591437 -1.6828281216759988 99.99066811658352
-3.443146068436078 -0.07534966189024372 -9.630350272885988
-0.7192017230403132 6.405643903511758 -12.45641801174899
-6.4622527421379194 1.9246887334783975 99.19283905796321
4.5329869082411465 4.19993347241284 80.50958532475369
-5.552834849339558 3.225511508494365 -40.73390515754515
0.20711293852924328 0.11143625804686338 -37.67303509314305
-6.569254784305631 1.353386766878636 -85.32953769615881
-4.011293516718154 5.304279618752521 8.956449775652993
6.476664660657161 0.9823709510833378 27.896715567639312
-3.0764277469770063 2.436532823432475 1.589817765696116
-4.00829630563293 4.50876162710383 87.29624275484538
-1.419879433840062 5.786404537962072 11.509379771424904
-0.5036993169617713 -5.767387776101183 25.411692923867676
2.77775015146882 -6.255273251773969 -3.8067174889911524
-4.048099843141658 -4.669405744740465 31.286282515506176
-0.25092839280198104 -6.701649990727141 -31.578314531855238
-4.329678525854282 -0.7007794781238956 -54.596130619895966
-6.227242145816946 -1.57764972255823 -47.334059962409036
4.112758161073798 0.5893884776667544 -35.28173883598866
-2.6654815431717633 -6.416039382929943 46.2252101512387
5.983969474826988 -3.2804368866741087 43.704165072141194
-2.335625664917356 -3.476972811714234 -53.268408038579516
-6.547698120042241 -0.022748596280394745 27.606634612460187
0.8763865593167338 -2.5316653162238674 53.15425953228655
-1.8992202674679224 -6.160227434008289 4.064734729758089
-2.4539370281469886 -6.164119416018311 -20.686903432529796
3.4776619854526207 5.439383822714999 83.84268563328247
-0.5470750187631876 7.053631717149883 60.84082359484442
-5.99171896236525 2.810425694645117 78.65606659098194
-5.753546685570981 2.289764960357574 86.29321086597591
-3.970849573125912 4.768170185583549 79.31732690134521
-0.9889665975167328 -6.654701033446089 -60.91763872773596
6.779233611218945 -0.6685453942962957 -37.71426143792043
-0.9756993405547228 6.3703018230352795 -51.178803096913
-5.164671440906033 -1.8112753510581558 92.61028773458774
-0.22083630742205895 -5.421770459989208 77.60086483751198
-3.715580841482351 -5.071255454416157 90.85255257748824
-4.967848778423975 4.707018416508229 -31.998539728573714
-1.7650884344584579 -6.638456041310805 8.352744665844899
2.582464164200493 -2.0540638383001237 2.227475959841462
1.5976755323710765 5.8998643050767585 87.5203569263237
3.797955757730077 4.882544926907659 -88.87285870021745
-4.642766996533047 -4.7321095237479875 -67.83078869466146
0.9788433239960656 -0.4152953813316931 -86.22668119409441
-1.5898825245419885 -6.551035728948678 83.52468919104015
-0.4110319342390529 -6.756712189199783 93.36147520476666
-3.0853211701400705 1.0354660247536622 -81.83779144909468
6.109900281679859 -2.8816376991493033 -28.52084254147351
0.40916505288688665 1.8742577441039225 -48.93603410845824
-6.5078627039864445 -0.05352064701516507 -95.96233131059027
3.2484756306561273 -5.683487821177566 -65.26381214853718
-4.21520559555056 -4.070128867664294 -35.331156843370614
5.035466175354996 3.000730300785247 -31.340568920224715
-5.461420024072856 -1.2413195516395565 56.72623853696657
-6.066403515505764 2.773002860409262 -2.2680359932777687
6.493023678832519 1.2366148244213664 -18.94944244966375
-0.29721710700362186 6.576190148752732 -25.554490845389427
-3.54660049910618 -4.6480699718201866 -97.83981990130647
2.8566432563515836 -0.6684585592622284 -3.113300714391408
1.3712736460247315 -1.2156328941759598 39.16065636145568
-1.1099999917174987 5.79398987383086 -47.86961149312874
-5.86533772588291 2.835734830359802 70.17041990466464
-3.1182632507350037 -5.809377129251419 48.99681730975258
-1.8305631877574462 6.325020807000376 58.55167572801932
4.1665281636772 2.8352131269478704 -85.26943035199096
-3.409032890285238 1.5079015402835183 -93.70122936923408
-5.619495977777192 3.596403287620185 -91.44160552674408
-1.229998669778704 6.3227296512663544 -56.58985478439369
4.831407933553777 4.4716875394689115 22.28070305116514
5.519137804535931 3.2612712896368237 -94.53264064410482
-2.4775846704391347 1.919712386414189 92.86143234602791
-5.482957341641357 1.321043043003564 -74.34717695909434
6.8593765108752125 -0.9566509844952833 4.098243694373768
2.395698128498484 -6.814509203905688 44.51672451771495
4.56716589392582 4.30450426426837 -50.135484290376326
-3.8113697937373945 -5.303876777047819 76.63231105831476
0.7029558337513098 -3.3448587464924375 4.844679794208963
4.334213128022381 -4.814029007743932 -33.41016310088005
5.093695646720141 4.2466994424623765 -37.07702787614254
3.644192107723957 3.8215515435667693 -20.347123038779458
6.196636223492198 -1.5653932069677101 -56.96218699726894
-5.149679947175488 -1.98196861518705 19.351843892396737
-1.38010323786704 5.365132115334597 33.320407179453326
1.2012076857605731 1.4428498162004235 23.185503683453536
3.8822685038094416 0.2311348273599339 5.1492953399336345
-2.8160252099929433 5.85775868200371 -59.88768476228105
5.0524829723559606 -4.378222913594263 68.33281204344382
-6.306083122500388 0.5204400111048312 -5.923861894788673
1.4845620347754638 -4.790501208836346 -47.82135976209549
-6.857769508268188 0.4226131880688831 15.503450024432222
-3.3279027988827634 -4.517905989880844 -44.319343809617244
-0.08694674429814458 3.256950202573458 42.51315253036581
0.3573711024429008 -6.6703307232816895 52.85034173856686
-4.4020120255376485 -4.599619821076921 24.525686603066383
5.155830748994045 3.6179584383606733 68.77177447638651
0.19184686234475218 -4.743276992057558 -86.5651066704654
-1.2500108937570393 -2.757176200714176 8.484925474335974
1.1611445310049784 -2.4334116970988626 42.654720133237184
2.059685768429302 -6.735728376321453 49.23249324293527
-5.654022589797688 -2.997706701201921 -51.30791082627408
5.24286322940137 3.5805072275576424 15.175785729504279
-6.717715524898536 -1.4844882540941138 42.343388728313265
