-5.264238836538455 0.9567252267580784 -26.14076333660157
2.1441477198088146 1.9981473028374093 -86.28991848006005
-3.5064710212275534 -5.421016099597318 98.60975302494582
0.5612079459321064 5.278656171444248 -6.179868728489339
2.78136281088 -6.98767151953 26.972131657
6.845770737348515 1.4532791309335267 48.22316494648543
3.2872544883178123 -8.524087127262996 51.71845405134338
0.9280540437147249 -4.018681623778173 -93.28494184076534
6.13570236213732 0.21268671595437164 44.25445549651707
7.57625600511 4.28258967222 84.2197335168
-3.577073710072069 5.321323609101325 -11.160294881250138
-1.3469925395617015 2.4904876874833817 -39.70370288421795
0.7720237044886493 -3.469287843149047 -28.61734393039541
2.061000770511715 1.787344939680774 80.56956743017967
3.75347788151025 6.978343295214625 71.63493011217324
-5.427728870602533 7.536842479559219 93.19638713238388
7.198956634848983 1.0235723215148296 42.63804809453846
-5.415521040095035 5.827774605181444 14.303343909010856
-4.237855310600331 -8.451879097298292 70.42660049124454
5.919924061017298 -1.9220455330501243 -69.959000307263
-4.12217506362 5.37583774555 74.5534049256
-9.115040356700423 2.1779742554534365 -90.59422561251301
5.537391985201232 -2.971760630307149 76.65876104084263
9.61271513687 0.108407472961 99.7017890752
-4.000828951840225 -7.976133864553361 20.08072154541931
-2.1570544004684207 2.4784629056356473 -68.43606006262871
-3.7355783875031925 8.404216153969761 79.1590325271379
-2.44421521176 -0.791807343082 4.01459691851
3.135495642661405 1.2761051422085468 9.494801818369224
2.40252270891 8.81242510848 1.40536318913
-1.6110356657569431 4.787541014044586 -52.361830257984025
-0.3912290761800127 1.4173412795983353 -99.00777570624197
-1.6248495093453257 3.586201518725065 -93.99410875666995
2.694792489411882 2.180105544624687 -87.8744064157368
1.6517576709894168 -1.3577782372773162 35.59583755371876
-3.099491558196542 4.860796088337003 46.66205085461009
1.8143949374151622 4.4061791116522855 -53.27805771103979
-0.873757407272 1.85343751333 -35.9949228504
-2.795681143476441 -3.936222642247479 -24.221266099499882
2.2569170096193005 -5.504471087804026 -24.83577468716191
-0.23643970347774035 6.190389712686521 -36.280773486442094
-5.54924314414 6.0761534079 -52.2609646204
-5.4668570218072405 -1.9903812324792427 39.61343950277266
-7.840053156819656 -3.659921897635933 -33.4872489638332
2.4931532351168624 -2.458901360366469 74.65670135102576
-6.61431534887 -3.2657952991 30.0464752585
7.493555834332999 -0.45019894098984725 -54.7576593368069
-5.65228173614968 2.4166632017675487 -55.59449359700304
5.842867200314369 3.714036574702799 -61.58216482523728
-4.42815715967 6.14452836334 28.3874512993
5.687966533641701 -2.522329024591614 -74.07980535348565
-4.153780307657429 5.870393723584717 -45.71743058943013
-2.6709254704736325 -2.898276892674881 -14.427731383923737
-2.010692183737717 6.957203963953506 -69.85581457208242
-0.7272342245957363 8.064580935172142 84.81065970262645
-2.6250785061349386 4.344676814215821 65.49180710779106
3.452056511829632 0.32366706628197134 -42.20360592983264
-2.7892858659057524 -6.134902026369382 -87.23030958629188
1.77355438038 -4.25977645516 62.0383758016
4.47832816208406 7.690035564232462 78.89016763479496
7.99349672048 1.53906808039 -97.3711006626
4.90596534622 -6.56356818927 -40.0223862543
1.9152735834819037 0.3666507880746056 -18.46506039381147
8.78084926502 2.24327819252 -31.7294685164
-4.95050311506 7.23329432919 -4.56050066419
5.82373552913586 -2.94817549425131 -60.41787644821838
0.5985448363710172 6.226208501189831 -65.21338040766197
4.017270074306906 6.373184607358787 -97.44734965560205
2.335282943138733 6.878031730725546 -89.38471175908842
-4.454137745478758 -4.479274764993953 5.53772828296365
-1.1621318308056336 -1.7318825759136645 54.816234029384674
0.423681341174871 -4.799701469237352 -36.93995346922004
-3.1588211355121083 3.1872588606177543 18.730669453594246
-2.8536122851223014 -5.97699170593233 -34.145038483472
-6.98789651260638 0.8816840565990106 42.67069196523432
-2.391188552868092 -7.7613861245118905 -64.5390397180254
-3.313923378426111 2.138929713139355 56.90982407613553
-2.39470636298 6.02321819118 24.585302005
-1.4173909653806411 -2.203675216433821 -1.142055005265885
5.553301377019576 -3.4389080009750024 39.385157642139646
-0.783201751422 -5.09833407124 7.1674768181
3.725676748091817 -8.391209002749296 -14.601249865799423
-1.1793512308146932 7.345503548831621 90.2891709288682
-2.51528606283 7.95708396421 58.1833792781
-5.347009034108279 -1.4211894926271598 -75.62278672593222
6.2780930661511585 3.1963990201323798 77.4822960933071
5.165731391829768 2.6892749442577912 46.103153520145575
1.27687909185 -7.93733510202 17.5517539927
6.734606612259678 -7.080358980076497 -95.87346626635201
6.87886508034 3.4706953886 67.2363902574
9.048393968083227 0.7578100953231316 58.4279830167729
0.20218264306709133 4.176823731609443 -79.56244816023569
-7.987706892231276 -3.961373589669317 12.799094519088465
6.56118662318 -5.15747875 -64.0455117137
-5.753678036680844 2.065402749359932 50.568546384319625
-2.8555155881248875 -2.5404511277153405 -19.88984981445974
-2.1554164847202646 -3.0285735058466985 -83.9916535226011
0.1852968115039565 9.121876032075717 -18.071306007083972
4.828098389082394 -6.742233341812296 38.124921476164545
5.849921243347884 2.7535835721078543 2.2836397494118614
-0.8976939451906829 2.777194554446686 80.57581208324898
5.479865275145316 7.122701735847568 4.592574896645566
-0.08339596713858163 3.872653380938173 -63.55593697313672
-4.50764284741676 -5.818247801038928 17.208052851655236
-6.644179194050986 -3.9888748151179407 37.17485778089796
7.650354442657737 -4.039865327459807 40.80009207419195
-0.4307722040552896 6.603494753821152 16.772275855291827
-4.65652959207 -5.64790244293 -95.3750487147
-0.410207688198 -2.34499794235 -65.5504516216
-2.7203342585773367 -3.611367053460274 55.2490339879823
-0.7385715222871927 1.8022076252160997 -6.402325947587288
6.69223471012 6.43230239338 11.424249452
1.84698300205587 4.082800029413522 71.37826118200972
-1.185553348253036 5.179133278354576 92.2295049342567
1.2126227141890813 -6.524959912275474 -53.70836087141907
2.919333676346781 3.9389064975497137 89.57498648496868
6.585950656391171 -4.65464008111021 -61.992446900324474
-5.13598991105793 -5.620023650600376 41.878646371383134
-4.37075816945151 6.614778948800348 -37.19021622984626
-1.1828963903228895 4.212736412472124 -82.55190621913256
-3.6970762540839384 -3.441363382869764 15.701785418195241
-3.5816603387117425 -1.8095697699025575 -5.007828592269341
-5.798612572086831 1.7452756157319524 91.11000280553417
-2.3188854875406353 0.9288552590330361 -76.23764392140697
-4.50477509555 3.3086610485 -77.4941989207
-1.9970280751834601 6.218339448337162 52.14443130240375
-4.0263363883648715 3.4936774274809563 31.515561726978433
6.406794577809483 -3.388929339423645 52.41991273096551
9.2265272645 3.45650100202 7.23346103084
-7.5016321569847655 0.26130028472482925 -29.005151213413203
4.293692170063361 4.685770661937878 13.082402333137498
-6.36040424618 2.91335608515 26.1768879735
4.45601030507673 -6.076830545045085 87.11986579302788
-6.282506809361568 -3.6065970523975994 44.6462299313227
-1.450307787823292 2.5136802622597796 29.050406421526883
-2.6410662387530484 -4.6907684250255794 -65.86442315024185
-8.62807451078 4.31670877058 50.896088114
0.831369284636956 6.045137369018 -30.849252156150204
-4.598238496120655 -2.3657774618796723 74.53712863940754
-8.757861671674679 1.4166155829876816 -50.924262509869315
5.37802763503 -2.91781263422 -33.4274724945
-1.9349223179572885 1.1363612932965104 54.280368520010256
-3.1745296199818647 6.674179714666964 -78.28016852435243
-3.962729368465718 -7.480745074898832 -77.9622450197728
4.645928925887785 4.587328157539511 -64.098903957669
-6.726438788259802 -0.9749481220471248 48.33731157056134
5.999511408280991 4.745120170396988 17.821060706709268
-6.515232775904143 -1.9294196933069863 -60.711221680534315
-0.832666133399045 2.2153071667487723 -60.00965075165618
-4.975835731932558 5.5432099960323065 -93.95623341994839
5.75270787535529 7.297051109873333 90.07986914803477
-2.33707393468 1.05212806257 16.6113381231
2.70921271801982 9.49152602170725 37.7070016674396
-4.01192949776 7.20021585638 -3.18556572471
2.02727946497 4.53668767721 -99.5254216977
6.290444632263571 3.0169370299704563 -3.153944510048121
0.472793821248 -0.789331019088 -61.3127160338
2.821916081437623 -8.717021734789252 3.720521407331559
2.5011649347822638 -1.0245275073449278 12.049346456066692
-7.2100778795919584 5.921050261265569 24.497084198630002
-8.726728143043603 -2.8808607190183437 -53.88680188885797
-7.575332452299418 0.7059060475379044 85.1993513050568
-4.298017049194695 6.646854103192047 38.4719073444434
1.292312792585144 7.992391726493587 42.8400031686622
4.79439303192 -3.12814265522 61.336061664
-1.040188006891537 6.411491994876055 -0.9717689989623268
-6.104003667515605 -0.1663552260996691 38.991032030361815
0.7089490767803903 -0.8395979915956219 29.880662437336206
-3.7457701682762257 -0.02458223082664321 51.5918091200449
-1.2897537926202403 -6.190464622564555 78.87029530227795
4.294182022319507 -1.865627548150524 -24.619218196219425
0.5756137396427138 1.9611772520163704 -55.25463402626951
5.562804425779781 -7.109100472130495 -8.055686070909783
-5.88019585634476 -5.0883537874299485 -63.48413911778107
-1.92505486255 -6.63448368956 -94.5034725379
0.9136664300072768 -8.02864389309707 -95.82857118502668
-1.227118048219861 -2.8950849150567786 39.791291615445594
-6.737604615715645 -2.98541523746028 -20.001295984518396
-5.558455667981035 -8.063835733279664 -5.038870575993164
-6.70481721565 2.4490325326 -30.7281823267
4.795744099112481 -4.443952335220455 57.56610729194509
-0.38916350867510413 8.434411084583838 -39.7515731720681
-5.7495107779422945 -4.51432529461873 62.230364489355075
2.9664007816031592 -3.516937243806056 -80.20533547452237
-5.983535056108745 4.886425773565736 82.0005831829953
-0.7834433568155288 6.05584665281982 83.5010605616479
-3.4912438465318307 2.1363370580261365 89.00942395862118
-8.036142086683812 -4.285035364625387 70.25755535322324
-7.676879287450908 -1.544820784038723 -32.11160818867408
4.157490647233227 7.575109313924047 -65.53679351926863
4.300239172502111 4.1032144134723065 66.87593533307198
1.609258017110083 7.778770146572952 -27.590470466063458
-1.8465484469351314 -6.6344686752044355 54.92029161203298
-0.3242207165918147 -4.875612420584548 -65.35188309467823
4.158225353414103 1.5804293653798054 42.132654121268374
-3.456129255340734 -0.9161038088402327 -69.64241148552674
-0.7819224096307078 5.424905963682123 35.06259169956941
-7.804583622129121 -2.996708834763599 68.38124562501876
3.2724681696664737 7.211743848853103 74.53424097963743
-0.9088399593254786 7.925862351329332 46.643829836957956
-2.9819744127395484 -1.0079166044206556 -85.68111861851975
-1.7694817101894464 8.650762622587973 -77.87293082166792
3.0586832551461782 -3.670996159897456 -82.4103067791595
2.93325447555822 -5.247436320659417 -90.20175668419945
-7.034322185326111 2.545731581411728 17.648776819324606
0.7768223672515505 -1.682394543199233 56.89808446662767
2.0128422278696325 5.847515683529859 7.313169887561655
-6.084287003871079 -5.825200035400309 -83.0861564509339
-4.680702103680197 8.07128217581674 -82.46885860067542
-0.6266324351579605 -5.438991979747069 65.97214684629007
1.074739379162279 3.3391621651752237 54.669189641043396
7.43400509648 -3.07902806955 20.6213245706
-1.0880689654 -7.78111095848 67.0757739918
0.09731919818204382 5.869554066111871 -58.705611801638305
1.114586284247269 -0.4059343882041655 45.38190636553647
-8.238962124019078 -2.798852388140629 -2.4359930421279268
-8.5694587344 1.05404923653 47.0635702679
-2.778348983581436 2.8512949900647477 21.533884094813732
-5.303183731400759 -2.1984948202552133 98.73893076065643
-3.3300700899255933 -1.2611734458618729 -83.25519354894696
-5.201031233660172 -6.825554070176448 86.01754484655845
4.416974835530982 7.195403137080746 97.12325690641703
2.2428641414 8.62691085208 7.14332290376
-0.9514794225209633 8.130486236638433 79.7508400709693
8.634767847622921 -0.2927142848328008 55.23728395135439
7.86166239159992 -4.0158343113618225 86.42210371867677
3.916367513234861 -4.306069651262029 4.472742646320331
2.6947154342666253 -8.583109935574257 48.96450398444441
-4.929547782428954 -1.7536321874501364 -30.929965892351063
4.470740117980656 5.101674057360567 -43.08736905298695
-7.9327669078 -4.0133325892 -17.7838959637
5.25460747033 4.00847960775 95.2806582674
-2.051583575358927 -6.469636746865067 -38.478367759403845
-0.736925531313 0.518809109714 8.41478589567
-2.372819360182534 5.916964453782555 -42.70037684541616
-0.42761202439503215 7.255771150033485 61.24703031544462
-4.047641178386649 -5.038148548265217 62.55081443593926
0.4531083167917891 2.4910673116367503 -66.72866417231265
4.610440966646062 -0.634539828782047 95.44953019426548
-9.73624046492 -1.35285602444 -32.3462041683
-8.902034408374867 1.4145811803328905 -82.20552074400793
-4.441963273714492 -3.9276267491229397 60.42622029697792
-2.161856782062881 -5.791238992063517 -91.107142748877
-1.7410247081889327 2.396911624986803 34.80840794418183
-5.05253062345 -7.28669140582 51.6620454809
5.8667462603614124 0.007580380281294541 65.76538250072096
0.84643644440337 -4.288419906048318 -67.00575896018661
-0.6022295803695725 3.2965048399289074 85.68306880317682
5.986014922017777 3.2562156360907704 -17.03282775591786
0.5264744819444849 -6.550123898584264 -63.144500254452566
1.2040744175188236 -2.2149602640737007 -30.27897937440498
-0.902166027063 6.05892408722 -9.49678527856
-3.3971240669152936 0.5768224629614122 -17.394523665584856
6.990885208828333 6.5009701818066095 86.26409892670338
0.933660603416873 -9.581345644937649 13.686351274538866
1.1233987565923012 -0.24296814678210896 -44.074252910107774
4.862481362548109 7.763769080256201 -79.11362333439705
3.373846274 -2.57395088171 2.95859647841
2.7926203521678192 -5.361626568025841 84.2451148137319
-6.191182030254912 -2.398540027550669 65.29989672719286
-3.474070055089695 -4.601614376518179 89.68568592073011
7.3009318542158494 -4.279529603917777 -20.475383061738714
-3.8022416636584504 -6.444529023691879 -50.23539864745636
-5.769234729287119 -6.215675472800734 -84.34751908757998
-0.1261973217472028 5.3719580920305985 67.07760369333444
4.7904981753738145 5.873501331057616 99.13854797282538
-8.6100507268184 -4.634304576778036 -3.43760791423516
-3.746445584709334 0.9441325134445716 -91.3690880989743
2.970729752906568 2.606701955563304 -72.13513544878649
-6.792505974053732 -4.595571064929832 64.44212170572946
9.21531128168 0.694333942871 -23.5229376275
-7.54583190903024 -2.493620494911692 97.4159378947907
-2.7329248258793637 -6.967119966591 -71.24985457864788
-7.46185371524 -2.95162723394 82.9928138907
-2.3797655300275555 9.13045331456158 -2.8925300758220915
4.066167614191064 -3.382452981787969 -94.85288658195708
-3.09258438187 4.96351970048 56.3873476422
1.37738621345 -0.718636581604 7.62625233137
-3.1858407022677415 1.3884300497368993 65.52454010754259
-5.99086213759 1.88621674412 86.5583743895
6.720125658811812 -6.044128289773128 92.85367038318988
6.784816870490526 -6.638101892933794 -46.858919267623556
8.912218727806716 -1.8512580588696188 73.31398756845398
6.747672263824193 6.299926748871715 99.04269426392592
2.8600875979487483 0.6606931566819869 53.34542372328181
-8.408867071603703 0.9757789754028293 -11.909706068700334
-6.2566598515243435 2.615524405277105 -36.0153517887013
0.4408231459826762 -1.8953056371071086 -36.795133247051396
-3.5552502417740843 3.9982477272595163 95.44570043849193
6.70452063402 -4.26412359236 95.3436572814
-4.594916873181858 -7.5280124094214615 0.14963692389687697
5.284938915639264 -2.926528300650808 30.934468485270273
-0.5306963626070644 0.08032480121559005 6.015603674896318
0.56958772557 -1.16889283142 23.5600740486
-8.614425895 -1.49040988835 69.4958472409
7.08964040603 -2.31950875949 96.2544740361
-2.66768701166 -5.70699422727 9.74091216039
7.578175120478041 -0.8496435700341485 72.78756156639328
5.127446367887385 -3.3205799036164443 -40.071869987437594
2.3120512134427345 0.32883048344108745 -25.43721997902997
3.03439478358 7.50257434014 16.883151971
-5.9512399161474345 -6.368904950338553 -26.580641332337933
1.164847385264804 -6.1623762983752775 -85.3552891552697
-3.110954134003676 -4.243702181551717 -94.18498531080746
0.6596491785801555 8.330146049892704 6.845275987843756
4.576825335434088 5.922650549245578 67.19084722796464
8.149181816256236 -1.1691970641819478 35.825621318922565
-3.2574084245815498 -3.015488810060655 78.43913929353032
-3.859977388112754 -5.072893776413151 65.46461692144432
1.9734417681946708 -8.288914378012464 -94.4023363967262
5.97327307619781 -6.4638982394885645 -44.589312333357796
-0.5231335724817527 0.26734910714778554 -13.751128897308558
3.134231920440241 4.323474336073957 -12.32121083318524
3.813682733470556 -8.089306486806402 -12.790527264727965
-0.31701111881527355 -1.2269573095240158 78.510650523586
6.508253125198764 -3.31919235155756 -16.251517103345755
1.6051867933334771 7.791943410870369 -59.30086669460778
-1.8293892242925371 -8.26741417775272 28.55800016567572
0.5170100924821246 1.3501111642508756 -82.94313626867182
-5.480224598194164 -1.072006421583339 70.95028422992793
0.6391207172855176 -5.388873479566268 96.51974366769947
3.326925120091493 0.460838412652788 -59.442306741455496
-2.6141861767996266 6.358495479871438 -74.17325802363032
1.350703955996506 1.101881817002685 -29.387935070107726
6.018623484648997 7.1212295564831924 69.09342391258956
4.2584252500420385 -6.130331931572672 -88.45342010808093
-1.2550332058881282 -3.8052704429256115 -61.14504169122393
7.13068535387746 -5.544786531643211 63.4775820399803
8.27154941875 -2.05704020825 -57.6097722122
-3.0050401376102958 -2.1531456714047406 68.30242055524806
-1.97369137899 -2.21615102538 -64.4735346959
-5.064348969061408 -4.683799500309891 38.54198651241767
-2.265561070408041 -7.097236207106463 -55.242564068749225
-1.9831138079312636 1.0565556780430216 -49.84522255008966
4.184488535327408 -5.40477411790731 33.16666999113858
2.2702463831147903 -6.303327635726272 50.27172570882393
-1.694045405053426 0.34383283604554615 20.1288314810802
2.9398457346064117 -2.40090283033369 -87.32406417185881
5.828059296178226 6.44228975972739 -0.5002707838328166
2.0419657067377512 -5.196544464720975 80.07394785627858
3.71332712395 -5.56229868693 63.4924121211
9.282439513232388 0.26068787436770263 -64.72066559210764
2.4600772411666103 -4.771145935230676 46.17610317355349
2.164586925798372 -7.4215206338974875 6.071290922654572
6.2766502346863895 -0.29105114188650694 7.688030150274815
7.203382666652502 -0.631549631764865 -0.5710526927759016
1.534340541569331 6.287933735631105 -60.906271345432565
-7.904717359798745 4.741778684276364 10.289119376332353
-2.4300237409998147 7.807926694653675 76.42510278483962
-0.3956894558208732 7.124026471863873 67.5128180944404
4.96099243331 -4.17435915414 -97.8360169784
3.407412321135793 5.286613597147236 -29.558334456230238
2.5331308872018923 0.8321168364709923 -53.646354653548364
3.9228646739967354 1.2570232227712106 -22.842713681873445
-7.343903666748872 0.9744204966106298 -35.75945493559907
2.7423392754667644 -6.941256045029509 -21.729882666182398
-6.131336613934855 -1.7271554897222534 15.441441086500065
-0.354639783226 -5.9691068283 1.01944009291
0.7773409819636299 7.12712936840046 72.6302404041345
0.5838796319153936 -2.041233444161612 -87.76526565322952
-4.462790055537778 -3.4575536897480013 88.36932805246343
-2.527025102679019 -3.1438002149019155 -48.282115254019075
1.42686959807 0.215117327466 -60.0978990392
5.81595679337 4.66888954389 80.5792527005
-7.641664362760646 4.480729682281625 50.019857553591834
-6.16950180604337 -0.5156469140802548 96.14435719603792
-3.8592039225321533 5.480536672719534 -66.94119684069668
4.584485437015262 -4.722347589423021 0.32936182900160627
-2.55242215099 7.40648633854 48.9712155285
0.22197526242611187 3.4658390867929976 -14.89352619315841
6.313568224602571 -3.3116528772668463 8.576753828689005
3.2865239197056004 -3.181311065832685 -91.53314832926364
-6.4394002680410125 2.0156939744876605 -58.03731335590268
5.127511601466195 0.6376650880749007 90.34805008431633
6.831206994318696 4.223366259351642 -25.67208318087438
-8.534852034282189 0.6661450048188009 48.535319693644475
3.559730234657176 -0.395216318956904 49.35908136096277
-5.620373602259868 -0.4020363695400069 30.06019785890594
1.9939011390366481 -6.09555888780967 -72.54980376016479
2.4747715730002557 7.658305077235353 -72.38187069628809
5.111271451628442 -2.801829575257239 -8.080491511235154
-5.0524175394352095 3.5816345494458544 -99.94943200335388
-4.305321544934759 3.86410399195558 -65.72699338600357
-9.000309394556583 -0.5272525256017506 -34.44659599877414
3.9835267669423433 -2.850912430416545 59.69704676040386
-1.8619915108803313 3.4611450661139953 -33.174943181473274
-5.6540993266417665 -0.7894674737328651 60.06523765183772
-1.9318300029846913 -6.350413169404275 -17.2152025325818
-7.496384556979232 -3.672235685138418 14.675744420764927
1.719960723238747 -0.3630624696889635 -40.94698706293772
-3.21998712073 -6.07078321962 13.7939535239
-4.665024329777001 5.137077054477818 20.23709365207532
2.955101173355738 4.690711609306414 4.405142334355944
-2.7561426955765027 -3.894647296191209 -86.00806300617728
6.150952222237918 0.09192078832436484 -80.15450029498655
8.409634922319619 1.7968057549991943 24.836199770528093
-0.9577784159780087 -7.05343848643399 -99.82381190013412
-6.63646947951 -2.67507649569 99.8670105565
-2.1363851809083907 2.87478508274844 -9.127362452470932
-5.006738948969501 8.491466832693776 -16.778070936053187
-8.154722677946973 2.3304703544055 99.94328795878026
4.16994698468 7.38072238565 81.135122498
-8.189772674401452 3.90175270150246 -37.68294008871574
-1.6979212599820424 -4.915875975230119 -39.98110018961243
-6.239838493522551 2.3974767702752873 -82.27556976844085
-6.9584416851096735 5.635848731733024 7.124895876680241
4.141958275429748 0.6320330704786834 26.17319064293857
-7.874046277449674 3.3410540086784004 2.8398230388330625
-7.51661810924247 3.459225376456588 85.18867566359158
-0.7483773659544166 3.502158522423878 11.656689359443131
-2.454800625626443 -0.016019636207904683 22.832409329626845
4.76126888918 -4.83754205902 -5.37019558584
-4.428532900349793 -3.0098341529298174 31.17274308884157
0.9432901838614447 -6.714352475037451 -31.444528679180596
-0.4156217644609925 0.2331627960384719 -52.00346140971511
-6.5918927334236495 0.19504034635096662 -48.66282848514858
6.112164662258055 0.8960001909853051 -33.07989232961092
-1.3992134490860555 -8.93563125021099 46.29082673795011
4.908745936567187 -2.8235772298884125 45.13583558755691
-4.481494941820909 -5.51701574086943 -54.48935849106968
-6.06632742797 2.11723074779 28.4220448335
4.683920781035131 -5.994610011032781 52.99481255289065
-2.181851621458631 -2.9081068360701945 0.4175900295078161
-1.3608151480501904 -6.004174628666171 -20.991312017512488
2.6146098756674068 4.685517436935457 83.29895255076318
-5.418944890922098 8.030437483272216 59.9057409520971
-6.225690746151449 3.777904064766329 80.74306963429447
-7.55927412149 1.8933859787 89.4011019448
-4.13962892453 7.10538076291 81.263526413
-1.3923200537559317 -7.334366106155903 -57.833033888187636
6.59656474392 -1.55676566097 -36.8654331175
-0.7418500649896098 5.864319891004342 -50.54733973869331
-3.5703281593287644 -2.430882484559417 95.14427948401452
-4.3619879784 -8.28521248597 77.5435229979
-5.12260737202 -5.56834073782 87.5317965953
-5.41303564025 8.02258120357 -33.3775526903
-3.93512297066 -5.68345102175 8.46098841341
1.20261680028 -2.03315660333 1.48564226103
-3.1891334126963478 6.762808477530507 87.07394275701184
5.50354622993821 5.960061023876274 -86.3558706807398
-4.702900932084577 -5.634982089528441 -67.29514451171852
4.40917706145064 -2.238572342396648 -81.82992940022874
-1.5545801890344875 -8.72392706715857 80.83417709297386
-4.833300259760095 -4.004620638048028 89.85076386649143
-3.6392726022191964 2.0292385844361758 -79.4391970602311
6.998202221170972 -1.806212406683256 -31.080641697488634
3.08741298 1.86784360378 -49.8048398684
-7.246011626917922 2.2179149247118013 -93.7960096585646
5.826875213656154 -3.0096288589660305 -68.01108792743396
-2.5857304876565084 -7.813402807506028 -37.33407540904998
0.9472734277490892 -1.6745678763998721 -33.14383547475142
-5.502579637360881 -0.2382348526557935 54.86491947039116
-2.4929170934036704 3.3045669235874593 -2.9828848937413257
6.95283783289 -0.414181459237 -23.5136034377
0.3170904188170755 6.957937871615877 -24.900082189481093
-3.1080484897922966 -2.5538275025476596 -97.9176258347404
1.4082564442269434 1.5158905525468613 -0.9861007392592204
-1.515138639614524 -0.64394436350968 43.15551865218065
-5.5178872617983385 5.9683037614651075 -49.42356406348763
-7.558919956576432 0.7820222433651179 67.60990631301524
-2.41925520225 -7.86167880285 51.0336451262
-0.10990991956899798 5.410436194226168 58.71995877773543
6.956656965620165 1.5294490076386524 -84.19021986408877
-4.38877775025 3.24802001309 -94.2761722215
-5.78411295274 4.31363231544 -92.4688039373
-0.3308362258837681 5.935827732427904 -55.44124744931183
4.56245107287338 5.063810090668587 21.88023398895624
5.351229504986103 3.9019064016650815 -97.14106282744935
-4.771589893571379 0.8717295402656273 94.16939867071932
-5.664280976070618 2.159479233890386 -73.86716843699188
6.743085395968084 -1.102215057086462 4.712840607004761
3.165201251242424 -7.130306984376517 45.4363965448189
6.896496788765056 5.720960398279077 -42.62698167877495
-5.31359318517 -6.70086956847 79.8759748544
0.019638229004910968 -2.930509559839116 4.188597183298162
3.97045620316 -3.63830040518 -32.7386746633
5.330608535974327 5.490316701027253 -40.84525704987323
5.474667468289145 1.8169279371417502 -19.78218830682515
9.17641244981 -1.38742419766 -56.6910685279
-7.461008208606479 -3.897269939041012 20.476596414256054
-0.9285517339577267 6.092113139447809 29.247890389883565
-1.2600201566893245 4.136906545684787 20.162371337804444
2.247098510254457 -0.16344685983714957 4.822997161776645
-1.4165095008711266 7.056559245720305 -61.36996378312861
5.718114963014175 -4.043412236962636 69.76458987162499
-8.363799670057105 -0.2862868805126925 -11.393042029367319
3.281372347904045 -5.7433872697948845 -49.1346453798487
-7.34098792678 1.2290075283 15.309340152
-1.272534099084147 1.3053656049340676 -43.822536252746204
3.19388213634 6.25953085972 34.2408762888
-1.976195218352439 -8.187808267309213 53.99438313265021
-4.317911012043963 -2.703779534316944 23.845388391560046
2.2717253667477015 0.11090213738675839 71.21006564875165
-0.4865302110395446 -3.9676273244882645 -87.7160539053312
0.6545035054876439 0.4016928336073966 10.677036510335519
1.8173720991790443 -4.697250635302396 41.753631655320845
2.68934377104 -8.75966504047 50.2527245065
-6.83870380662399 -4.41090973195499 -50.52234224286028
7.351595297102368 5.338156154884251 16.41908815711676
-7.0202817836 -1.42681231051 40.3992882446
