-4.358086076602417 1.0519221338715492 -33.4585837818665
2.5323616670756954 2.1090314900532356 -85.45165999875377
-4.900727402334877 -4.077775905513845 97.72347082348678
-0.30340304601604334 5.8611235036343405 -4.891911573931147
5.971816239962689 -3.0349059869181074 26.513790665027134
4.789961964301949 -0.07110757507641777 54.14642539966935
3.7218126042472397 -5.288762946432784 51.2805583179117
0.45631477549541705 -3.7110656428036513 -94.05143160459474
6.666202945660904 -1.0105337825601703 46.03294116343343
3.3430811343402196 2.7555399246723304 88.49403357734057
-5.804609766450167 0.9254955453111884 -9.596397464894796
-2.570999584687409 2.203899718737867 -37.40362189301865
3.8179012524177938 -4.671726326452671 -29.032344895664863
2.350002784780977 -1.6809005940622384 80.81884627168043
3.2655293431840935 5.492140176441708 71.7228527918352
-2.884862726635093 5.157528438656195 92.41379404876882
6.519293658419321 1.6087806679113796 41.296750611944404
-4.847593905598153 4.411936305373735 14.10070141281273
-2.933017265640246 -6.229053144158827 71.0845734365357
5.573863567007233 -2.2383251073536137 -71.4734013867509
-4.0338032889373405 4.057592282397266 73.95327795181773
-4.968836506841713 2.5143546526598364 -94.62150397964504
6.406856951126649 -0.9454394190502883 78.9364163644268
6.760431963287102 1.1469936152334415 -99.61217635322063
1.3358201241951375 -6.1287415621887975 22.514666337662643
-1.0132388061457618 -3.970923686862916 -71.76983047725278
-0.7932482721364515 6.722213172375175 79.3247618378029
-2.515220176052754 2.0563519504454093 2.692997594192376
5.437587303918013 3.434053308672553 7.6430638372089605
4.417764870060217 4.962807000273027 0.9216772720106132
-1.0608062024241935 3.981591032772074 -55.37998218680452
-2.082290889847435 -1.6172948211529232 -97.64704464164537
-2.7043651140744296 5.745578397826157 -91.23486622704789
2.6740062261020756 1.3056298258749535 -89.1112960173046
0.9155107572057252 6.539012447841114 29.109082323766984
-3.7776471292243365 4.627289890045424 44.740253753261705
4.221825368981218 5.358657500354914 -55.26538107759492
-0.9372649041031759 -1.7696845278329683 -31.11600711186207
-5.7858192255463265 -2.523772626971508 -23.397346959640203
4.795487013656087 -4.908721594445891 -25.422141875531047
1.9408527957202073 5.7482037112270135 -35.99320981922854
-4.181453922459254 4.988549928874735 -52.026005766952295
0.8024301927524519 -1.0862943413851907 37.83317147450618
-5.143494152100371 -4.326139526465645 -32.13754576538396
0.18024660945011917 -3.7528444220607042 74.38352393818512
-5.918514522991005 -3.2867348834451784 28.588233677134646
5.851529369379629 3.444041057802493 -51.678658423066594
-6.368195530831435 1.2690277968286123 -54.72857771665683
6.498926245611362 0.0020567840609370946 -61.87814670934368
-2.5871911909833556 1.8765075702285123 32.7896243898595
5.48195630319291 -2.704603194642719 -74.38767063640991
-2.7744747700788994 5.796955439029005 -45.17179121312923
-5.659695428363541 -3.2213285954341706 -14.463752143324022
-2.675061446643163 6.025134536199443 -70.40250165840423
-2.07177118399742 6.237964051479485 85.08326289369973
-6.075994140043683 2.664071813335542 65.49606635344392
2.117840708067047 0.9927680570904079 -39.80332419323462
-4.176084415903232 -4.6614704251370025 -87.50548389164045
2.049566040653976 -2.089252736613231 61.71041375917418
1.1162385169857512 5.930583301726676 76.68068682134722
6.042172947646105 -0.11346839895002918 -95.68808124854846
-0.38375360371520395 -5.846650364548813 -42.412995327690204
-0.4212677312519384 -4.3329775894066485 -19.17581725523619
6.766694919154967 1.0373833432172803 -32.89230613026371
-2.5330306969085337 2.164061663301071 -12.309454840337118
5.834095508200562 -2.824610506395238 -58.87110829762778
1.5076246789323688 6.503734521105998 -65.61122832048017
1.687471856910655 3.040657646394441 -93.65020803939781
1.1603312592667976 6.649907721296565 -84.13738103433028
-4.925099413695839 -3.826649941610981 7.543056882904656
-5.9313752585534525 -1.968199259395435 56.320620842700215
1.5755597667250743 -5.456698506586412 -36.47681870405774
0.1091172403510502 3.5680158111957208 16.675478676296912
-2.6414043060011725 -5.5246547438598625 -33.56607739234822
-6.182504477269062 2.1966630988176545 41.39664976946642
0.08067556587079797 -2.3249988898382714 -62.95992648279865
-5.781376499276956 3.3873515152606744 54.29950241958936
-1.7935633269537898 6.2997831344851205 23.31415103317502
-1.5061676624152769 -4.690969356236609 -1.9726326721796317
4.662720079949938 0.07485323000930355 43.28177500245883
-1.1727755729489777 -4.28793290793756 11.800831233586013
5.28634115167912 -3.6068636389213595 -12.97422746425806
-0.9132695254546765 4.556602566658991 90.12931969900416
-3.7586560897029484 4.668797379718079 63.826131952906984
-5.576108649677474 -0.8412665500473298 -77.55286775417618
5.739131425562631 3.2977153636474648 77.93432565642972
4.874201359850017 3.9860824184023618 46.01472775088568
-0.0035064979560419374 -5.263574666695463 14.547817812066366
3.372574020050979 -5.555567931525462 -96.71522053157842
6.348711833600372 1.5876222566769709 66.4944719316894
3.968154260722273 -5.388808762997538 57.79847847170476
-0.2085976120049059 3.3006466766582796 -79.16225244183678
-6.42448301104366 -2.212981610342576 13.984395738422725
5.337167505119222 -3.7880309547782844 -67.53682202698997
-4.051843644843129 1.1331845579770594 52.10661382493797
-4.771961301381584 -4.8955189129424035 -22.035363762752326
-3.221729556723474 -1.6378254264251444 -83.20514365441908
-2.330465056862939 5.854613711017162 -15.565248901115398
-1.951687277677039 -5.576952288314697 40.23961829479651
2.3596523676991055 1.0040395915911753 1.538179542718329
-1.6081284207634057 3.8303200624789984 80.39426298408486
5.814333522972578 3.212071868176533 4.255754712250133
-3.3482020849605396 -0.9331846298509663 -61.502272335927145
-1.868356068000066 -5.90296450443991 16.900698164354235
-6.687621547102626 -1.1157055465680563 37.83742484517225
6.293098873094779 -1.491337849244772 39.84918605283749
-1.3892491998613306 4.648263875762541 20.750568910038666
-4.769734782010991 -5.066251884889681 -93.56315171080759
0.5509645363603944 -2.0808192990713827 -67.03250667111864
2.739763129342566 -5.548493217856701 54.63734082684459
3.6018875006323263 1.9588445365057559 -2.2163392598375755
0.7321933233189695 4.1288932321098155 9.133018290898
1.3176908358467314 0.31675701304454096 72.2461929033255
-0.6164634973791898 6.691905801710196 94.30713272458483
1.7044425174054612 -6.433908901862764 -51.39882118388394
5.911629114739795 3.258867095361849 92.9188017749383
4.24617167171579 -4.8344850626584615 -62.17078378840409
-4.702378888597111 -4.453027927889905 43.226065805878996
-4.191132153809975 5.092615422627827 -37.64043321148612
-4.17057845768741 4.9118059201311315 -84.83849450957833
3.9273261707625924 -1.8678679534893228 13.541108519074081
-3.959284787855734 -1.1895792328055903 0.719463432803743
-6.335968686942373 2.496215272290149 92.3659518424722
6.641052586689003 0.07230731566389503 -74.92021334989472
-5.987138344322673 2.931523760491678 -77.95110124082751
-1.7894989313362646 6.113438065286239 50.09254950456478
-5.267746642504035 4.013353377194546 31.431388567442646
6.005197876132112 -2.9964795219534754 52.75224097771238
6.023728217448039 -0.766023162323886 7.228859840878503
-6.840120041028294 -0.03859436342915459 -26.60134501743878
4.992907833053682 4.492964940184993 12.06707418477361
-5.933117774872981 -0.46533925275030225 23.22082070049274
5.351101576529386 -3.7689838655174537 87.06364337931389
-2.6854401800787833 -3.13717601251203 46.988642401325976
4.055669775893449 2.5865538705017963 27.8735705058951
-2.4363099352678765 -6.3572282708678305 -66.00223465987732
-4.353660513075755 5.375428185387717 47.76623296257594
1.356753577615007 6.363488194063229 -32.25536673592064
-1.301693169175218 -6.661749117896655 73.6467444953874
-6.1604633380909215 1.136263725574402 -51.52713481666779
6.0295254531764675 -2.2686478014488225 -34.99350155942959
-4.670500274883694 4.7122194145136485 57.0218371507813
-1.59502091722369 6.621564262733866 -80.0440489242584
-4.574245013673086 -4.53629112512907 -78.38131056690588
4.405718301957116 4.157411709983509 -64.1704366286453
-5.064400564137493 -3.737894907866357 50.860893810044594
4.381024192413259 4.837566233617966 18.603653555307964
-5.847336921478402 -2.379836320772516 -62.92589412000838
-0.04973684499851258 3.666883317658358 -58.417813007362845
-3.4588414520357382 5.40836816148038 -94.3539097743807
3.5458788372513705 4.703519952271094 90.9582738816452
-5.005849726679882 1.577709606188964 13.460789590695848
2.977114426984576 4.95923133655225 39.56565999313297
-3.712441335666877 5.68610974216022 -3.3870396157796185
1.6847738825527763 6.053605935999994 -99.36340465969988
5.551097072505406 2.8925855926498567 -4.065588594030401
1.9338746370100286 0.6957524247796995 -62.60213009829395
1.0662415206896392 -6.443284232760135 3.2263778244416517
4.349930710847193 0.9132755172544517 11.923901401802736
-4.408912497514435 3.1784658896914064 23.09756423079487
-5.449049531266298 -3.9756524086291827 -57.68579697365545
-6.648797264376246 -0.8662923717449845 82.37230272707342
-4.979138965972121 4.499769243698918 39.38749067040551
1.759413564341297 6.338714225958633 42.535354377260596
6.612446130932471 -0.33866543642254004 63.581284075507966
0.22296263876152356 6.536843054398818 1.5203347125761413
-6.129745580951166 -1.1448293281677429 34.43555236819687
-2.8859599590215006 -2.1945704059578865 26.881808841614923
-0.6134198724938962 0.6021936891163435 49.453188809080196
-2.7874954551209554 -4.819032696858934 80.24111043350543
4.390548572017357 -1.2366880997864358 -25.535980646438226
1.7371229178409084 1.2462141517596703 -51.387920262810674
4.463011115152136 -3.8369730292372717 -9.363737929067339
-4.350026064802337 -4.780547024961156 -63.62371201453968
-1.9067790068621617 -5.541990136815276 -94.56280205976213
0.8516041069662694 -6.540934798019054 -96.26781665524999
-1.526203938675514 -3.101100927022054 38.22433715685017
-0.4314549821820671 -0.15134663747729304 -17.858503428325204
-4.904430904746351 -4.7886890577327925 -7.902460049323617
-5.51411325684194 3.5093066995623023 -27.932684085627454
6.059360624217701 -3.08436068916687 58.16288647824557
2.4833555888601095 4.076689208552496 -41.30274315035839
-6.249385108405016 -0.1452670988797764 59.87707973578087
3.889049256300737 -5.367099136807858 -79.74938660737274
-4.529605570300005 4.476151668041782 83.3384349340968
-0.6338245677499065 6.604882935236505 82.40791978962504
-3.3186011155020623 2.941609087976821 90.16157285704635
-5.747075956996495 -3.6515363885749297 69.93739753028702
-6.478499760539925 -1.394167327089924 -33.18281202023093
4.5663477961107155 4.496502833438215 -59.23064624070824
2.385608908378174 6.351039902502105 60.63818583855586
2.8968827303333184 6.04151715493157 -26.23098804502117
-2.3396183427469572 -6.392944679200056 55.21430954026616
1.2513208378807783 -6.569204537736036 -67.23188733107224
5.098992555202426 4.0753817146417814 42.80369492587493
-6.615461414854181 -1.2512840612893523 -70.86237491160243
1.485843943235316 6.540014740122161 34.82237118674695
-6.206976144959712 -1.8391903768056117 67.16540172787937
4.008457101257112 5.543392241280429 75.37963926497272
1.0161302818258031 6.156442349041867 46.221088330212204
-6.1942465712381445 0.37164970076288645 -88.05691655016183
-0.49002744739508036 6.20861672461206 -75.20146678690259
-0.06430851843532481 -4.895528249159782 -82.40707775475117
1.3403587712699516 -4.417825009616183 -91.11405405829954
-6.49103897930491 1.9666045266738217 18.63208514034159
2.6558285146429252 -2.798891183391865 57.779506209154434
2.0923821874155073 6.126902732542531 6.154289914240943
-6.341548416152212 -1.6300270900801996 -84.75122434908359
-4.313979489731789 4.750221946664543 -79.53133274114859
-0.36152894492500315 -0.6859115468466456 64.30876937629019
0.14533560492528494 2.288568204203798 54.412399206742904
6.639266314699637 0.729548520408166 15.950093924779196
-1.740407451158449 -6.6097067021821925 68.16813032160717
2.4929139879503297 2.045543281288031 -59.96670098814504
-1.819848703170378 -1.459824292949059 51.580009585740996
-4.387818174223646 -2.2795707758246215 -2.7246356992687133
-5.820964214278824 2.7628896172586765 46.03295161176582
-1.4866045281355784 3.1833811208123945 24.500484020907837
0.20970249092031046 -0.25095204792193226 -92.87584848591024
-4.5795117369333775 -3.963556722662329 -81.24189604047473
-3.007104992312785 -5.1695731226190835 85.95105240980526
6.252004779789126 2.3058508308366537 95.62596165690076
3.2640398526740273 5.702720803794191 9.80582432931118
2.0406947890674045 5.9898293665586495 80.55343943444267
6.389753585880793 2.2836120114209533 56.9270508920825
6.32318189784844 -1.2759556723732077 88.3699667064833
3.6923501911623946 -5.370142092492036 5.033983527484639
-1.03187712660183 -4.6274227958007685 51.41317175909438
1.8774748747962324 -1.0550200719981908 -29.0419542752404
2.2605853498821116 5.361497193831869 -44.059686019772926
-5.49853548829845 -3.56266068301355 -18.6358496122272
3.3544192263730803 4.560286191884885 94.8486391734046
0.7564531975890584 -6.738158604557547 -39.48938217333234
-2.295196967720618 2.4774327936096094 9.13457416398625
-1.372591140004213 6.231369340897383 -41.617053947284155
0.7674000439979713 6.729196924496658 66.76348377165972
-2.564232207854577 -6.323081140459683 62.10431403325864
-6.350419642050656 -2.069108286883788 -66.66160341570499
3.571894581904213 1.284509294728781 93.48922638918376
-6.641778013894754 -0.7292217976422475 -30.13075882571828
-6.44758081420829 -1.5394687278901888 -81.43951593450728
-1.9653864364965536 -6.238889272788339 58.178457184433235
-1.3066520169985847 -6.363080710156125 -91.23009724478928
-5.354295894955382 3.9567376437169357 34.55800939443601
-2.776200747271724 -3.459016234205845 53.73830019224638
5.291972737335901 -1.0938912105586105 68.20274961562471
2.1250320842021986 -1.0980042658854567 -74.17333883649613
-1.1315063552156293 -1.3367173808328834 86.0356589496702
5.420399531197195 3.885086207280853 -17.049480638921267
-0.5250215673218109 -6.771224002856922 -63.959495740257765
-2.9458133241843028 2.4880027262205453 -29.742500530547346
-1.9473735531157197 6.269005483729624 -8.736183280354698
-3.479762654555188 4.865494798507504 -22.489746083939156
5.787664757337968 3.671067695456881 89.32552515526145
2.2155820041742507 -6.229730132506377 12.704202647609254
-5.890119661361226 -3.6697757190530718 -43.67488683200757
3.16259537640712 5.09796893716825 -78.43048978864992
4.90720136409326 -4.315605675236128 1.8249272774629888
2.7661132744679153 -5.44302086863822 86.14127578806836
-6.59176035112397 -0.3139577276269062 63.93367680286721
0.5269662373760742 -6.575037745030908 88.4606561537785
5.29587413380691 -3.662634049143704 -18.41559063402427
-2.1325073576214235 -4.946443926567581 -48.989443141704584
-3.925786764727966 -5.481562934165582 -84.56869697497606
3.6164916265567526 0.1732825512692058 65.39671960958204
3.714249400247073 1.0753257403478935 99.9315550798242
-6.321789827472535 -1.9732967925870746 -11.630944167381976
-0.10733026931468914 -0.7047465227850966 -89.03911979961889
-4.829582445756204 -5.05887542859887 -73.40607266656313
-5.3717737871082 -3.535285684933246 63.93616744547227
6.638378833464292 0.8146278061483228 -23.052734084554427
-6.716107493887937 0.562136309454748 97.02035901974168
0.2988206369665441 -6.775994083884588 -70.66208131155321
-5.299523790935893 -3.0550228235278545 80.6972553887898
-2.259041892671022 6.339262215714073 3.515010019493474
5.596988989730727 -3.2089281762081665 -95.45792648933323
-2.6156483046820926 4.6144716326288115 54.04411331693338
2.724224794134981 -1.9350566570793075 8.378348642580905
-1.158040219951747 2.4677586876482156 65.76246274406542
-2.4515191842212363 0.8648948338372957 87.39337147553498
2.1793923025182047 -4.472501627792346 94.49873813419399
6.359560150489714 0.4163941725749201 -45.61578754710978
6.132715151898356 -2.7134515338185725 73.73299205925794
5.091661043898128 3.9008572177720744 99.59169439409396
3.2215418677197993 -2.435503438561812 54.78538060535859
-6.183960694527992 0.710865951868892 -13.3412577168427
-4.464227727385649 3.491736813580394 -34.69589637478313
2.6321218276176745 -1.7854135490560603 -38.127795989356244
-3.908501044612455 4.655787534267313 95.66337069854728
6.344854473995802 -1.0585530773455154 92.39444608865354
-3.273506987003274 -5.587015408227045 -4.683242694449959
5.221811730600079 -4.305189743019392 31.97512177156829
-1.2970410988066479 3.1031010200887303 5.74112483427857
0.23509659785431425 -3.5520108867343714 21.577279221171096
-3.2605223840607036 -0.21868783846326112 68.87631508324087
5.616332118660863 0.2756272679344387 97.47718561728213
-4.090554275557699 -5.243241326888624 10.760530143084553
6.575325071946891 0.9600778425894783 75.52005946974968
5.671394419110855 3.123493624343265 -42.534589786039334
-1.1089826478927276 -1.4574110651808405 -27.620126032806276
-1.286415133357773 3.4438791021496375 13.86113065367528
-5.469945092828789 -3.379722363663405 -29.48767439728715
3.1845024046027306 -6.008287674714454 -83.16927928943119
-2.233732548741962 -1.3922020351453765 -86.44294510044512
-1.0359029052917421 6.629777263680428 8.063480840743173
2.2873458744244854 1.777187587383983 69.65627230304754
5.200012919768087 -2.0207588121435345 35.78155465805778
-6.5126729023768695 0.9482542080509135 75.30810549967045
-3.4866523792505557 -5.657623336750441 65.62994788902176
3.0817853087977727 -5.798048722675105 -93.77467808915203
4.220726904405348 -4.190325140636998 -43.40828307342469
-0.345216786204005 -3.160107613780847 -13.546562428090082
2.8739106102872864 5.998874870008758 -8.237519242622032
-2.0743014668604864 -5.814895316111405 -9.60281380097639
4.309369125657091 -0.9500379299006554 75.69423583274747
2.986893021098279 -5.800986943410241 -16.8659631941548
1.6749727480741101 6.496470494737876 -57.92326719496658
3.235211538184966 -6.0319245570716875 30.19904487045049
1.7089540713851483 2.1155892263898646 -82.31568350266633
-5.80694350493925 -2.855036079040734 75.30257688310391
-1.9592900678548855 -6.461457612556718 96.25458173339271
4.117942229573176 2.0092449606934206 -57.119904281613685
-3.04443080678806 4.861866286770752 -76.07204087682273
1.8629818088171264 2.635675602208878 -26.875233177024896
4.39140395914002 3.204000659431399 73.55354497414638
4.3325912653027645 -4.309542269898788 -88.83231885994546
-2.0473177318708293 -5.603406545441825 -58.07417164239928
4.758437447492973 -4.439621957474481 64.31202750912958
4.17067005451109 -5.133800086402458 -55.854810137505474
-0.8106301258192622 -2.119335334484924 72.09324373442821
-3.9305762866150697 -5.3692539150087315 -60.77144832684236
-4.9931599499776 -4.652828885129431 40.346579868239516
-1.9005503667671728 -6.301643613367909 -54.82413634840927
-4.749598357403321 4.621293480481874 -47.261986662036676
-1.0248899824147055 -6.6452048621776285 34.4392501789122
4.469759795668924 -4.9513001145662745 48.24896074132415
-0.7866218910723576 1.7187471671625907 20.26270769145031
5.4901349883373305 -3.3789457895102784 -91.38990615992836
2.0006107965134516 5.633812861725749 -1.176910750714383
3.674286925155345 -5.300922404652939 82.02708587211738
0.21399988590941108 -6.415990948379556 64.92914138902847
6.580877359668318 -0.44326973642498674 -69.18153703895887
2.4133606044474227 -2.4603550490339456 46.234670343389496
0.4946406553181819 -6.427201894099094 6.087976689439203
6.4565363511034715 -2.142184315363676 10.105206547297868
5.895419447915236 -1.1594325108556411 0.7043782534014049
-0.22091120338616405 6.161089172016679 -62.68305699454303
-5.832619387888891 2.5533719902723977 10.189778722676397
-2.089004346435858 5.911507910049698 76.27530111114183
-0.660779899710397 6.554254640945612 69.77742854481102
2.375777309622033 -5.858001241323059 -99.38569391589925
5.538450468333128 3.218523132715999 -28.371981515504437
3.3194509066949616 -2.865055739263928 -52.15586967847991
2.9432389373190806 1.0368672649149295 -23.90449078223319
-2.0037966383440478 -0.9278019528953981 -35.00438349867976
2.678698462851378 -6.243261367832365 -19.649646378617433
-5.178130359158264 -4.0527581356052 17.91235586929277
1.2678893717014916 -5.941783944032732 0.2708168155532265
-0.2595488174612392 6.1231534879611385 72.70760284286017
3.094006751777202 -2.4005818301066197 -96.63358069693658
-2.485287240553929 -4.611856891041718 88.85943355682807
0.10753496938510396 -2.805744407243208 -51.22553976761212
-0.4309202486488969 1.2060278433341174 -55.77164536465658
6.322505233932798 1.679165597975227 85.48322690240859
-4.612513844618947 3.9740317922349315 51.52545165753064
-3.479034147342741 -0.026591453043323887 99.506191831654
-3.328614390193909 5.764551426532607 -66.95165483525558
4.703510703501155 -0.6238477917469907 -2.964071076858052
-1.2831979430371814 2.974382792669604 47.06462486650532
0.7685485501741042 2.246472057778057 -20.967976368172913
3.984901857122233 -4.6020738565311925 8.166665752925686
3.337572023456813 -1.1732015905847317 -93.18231809446668
-6.335281072725155 1.4776910619766515 -58.326530012319886
6.475360810713945 1.1699647495155936 90.41705156680163
5.5794166374629475 3.57865463245578 -24.28389418472508
-6.678373562660879 0.9147368896759271 50.45582426479385
6.23209294793926 -1.0437193321445466 50.04592295048028
-6.624212581505419 0.8999752613764382 30.370910493153474
4.350012960600886 -4.949892309543814 -70.51389557779576
0.33704808972571776 6.112852136359309 -70.66200968438717
1.2980750371976169 -4.972461318336218 -11.827149163974209
0.03255246601583736 6.710762493949026 -94.28954262075338
-2.1150686718534817 1.1198897230428144 -67.21094669442716
-6.527043205755844 -0.5215422763751305 -36.512589817410046
4.676145946861307 -3.9630317959028987 61.22147195995189
-0.8311086161686212 3.0238167374211864 -35.03827335314184
-6.061687264209784 3.0557019520206845 62.58516417904176
-0.8682976965326108 -6.303267097654304 -17.051864431120983
-6.489095163424543 -1.835593467067364 10.42407631654097
-4.418881653073192 -1.0405336891350643 -38.757081351582336
-3.3022806435754557 -4.109669840124596 14.747981680256224
-5.071893894594318 4.2488203067055705 18.889364827235447
1.8901472612100991 4.23049332909122 2.6624289253628617
-6.231000967035048 -1.9634055047027723 -90.137636616419
6.326833251691229 -1.4498042497161827 -80.34733509996371
6.201693114150169 1.221246158975059 22.60025827587719
-1.0702520180496564 -6.046455937538609 99.95255302676588
-6.336336106447566 -1.7122947665734602 99.41020487373835
-2.0463266929146373 -2.355993406349337 -8.851186360424752
-1.729843880126536 6.087018751650299 -12.743091405211459
-6.477368974682325 1.9092778026735453 -98.17012526808396
4.941068465914147 4.283376222634217 80.39622832862094
-6.399900551414514 1.3478745493090636 -39.47184215369174
0.062396133406146956 -0.03144011074683632 -37.3157778982291
-6.020841623923634 2.1185041200527257 -85.28070268029066
-3.927657053045891 5.405845861940385 8.609201200073345
6.561152619946745 0.052305929202866974 26.40048348496328
-5.272815798637901 2.5482738886070524 0.7090008761411302
-4.203673763763535 4.6997615104424435 86.5932318035301
-0.2853577603903946 6.765909216115725 11.643596229405974
-2.9508770897996017 -5.942401871437024 27.328427945186405
0.8109889948867349 -6.69346633687525 -3.962401151119992
-3.7609379286042883 -4.68089540851101 30.430686365342854
-0.339267201323247 -5.0933386505571745 -31.785486899952446
-4.559654597242918 -1.515216336968249 -55.970186151673325
-5.874037766778646 -2.76659307553207 -46.577866786494845
3.059566894498816 1.3432102491390026 -36.04681571895442
-1.675876849984759 -5.807257234433938 46.305711827778154
5.2446114520217 -3.264027624578563 44.29838244656763
-2.79480931195597 -2.3484830664734146 -51.203465846179554
-6.577935818279269 -0.3113834450048545 27.872688589543724
0.32613539545686343 -0.8386116423542973 54.45204917274792
-1.7412980029125837 -6.399696059894605 3.442115541865493
-2.055696891643939 -6.305835232833407 -21.208377220658566
3.72745814384086 5.558770872703599 84.0905677636893
-0.8702760325956375 6.388933015176455 60.77541992880523
-5.968350600484802 2.8102647624695587 78.25776158882519
-5.586686168027362 1.6845377208142722 85.81852075759626
-4.429692596585971 4.945586255802978 80.40740092204068
-0.8870403647222421 -6.24347536307711 -60.75366551970994
5.7053357630714565 -0.6891639454682361 -37.496495060435684
-0.3927310898762152 6.538898846849443 -51.973546539703705
-6.597244412522533 -0.21583115812426368 90.17899792423069
0.1981392480876566 -5.10548367789999 77.6100913793138
-3.628184896655572 -4.7882033669039235 91.9116796030077
-4.415070768255329 4.625889101066185 -32.05902577891683
-2.2963842375892516 -6.200253544743915 8.726184851638912
2.9824090869355295 -2.2596186547069115 2.5813103123266545
1.6694972054968475 6.2046732013722075 86.66807274050348
2.93137585846903 5.875191284736175 -89.1411412316393
-3.655065232521481 -4.268244516740663 -69.83231743198564
0.3069968721408768 -0.16606171965726946 -85.18582270313055
-0.4530803302663353 -4.708634178930719 83.50894805555109
-0.018818847371027347 -6.09219041164865 92.3649659290025
-4.91090406582603 0.8434173037190673 -82.4535452210609
6.461332811614061 -1.7196024915167316 -28.620644260233043
2.9666675378006877 0.9760186370029491 -47.24642842870299
-6.225047905156186 -1.4501146875870257 -97.54393078507692
3.1347811343034877 -5.90228150709017 -64.66247576559938
-5.333680443108954 -4.17535191243468 -36.04633830248383
4.578276549810062 2.6589847346441213 -31.91220537424385
-4.929332357751225 1.3745330338418258 56.987898399491
-5.69992670218592 2.2322080232593917 -1.9874159807345275
6.543881179690057 1.1844177022258453 -19.424632803848382
-0.3138099233115697 6.548806458914253 -25.54170195921915
-4.1918314505440435 -4.952133710479362 -98.48541020176613
-1.1099852639105656 0.9539228008699561 -1.9166288728660792
1.4984836433342674 1.816067184266291 41.81171386842499
-0.1415726169250407 6.098462701956113 -48.66487052485282
-6.351141366633248 1.7654380506679168 69.95591351875248
-3.3669303040216203 -5.835233885663545 49.29404605040556
-2.6000662942021364 6.269594027303659 58.157179591652955
2.7302013684945123 5.635173250729381 -86.48753634800416
-3.4188973562952714 -1.2112178030739205 -92.42886151893447
-5.445784333741344 3.958240621070242 -89.42933529879916
-1.6365106664053624 6.270397485367406 -57.101349789850005
4.111888556373877 4.697730245069485 21.98865528711207
5.7470272109236875 3.2270084047828616 -95.18949220344913
0.2582821106938669 0.017456562037073076 90.83715647456738
-3.728623315112847 -2.2584607819392466 -74.186649346394
5.97013452534309 -2.9206466113178275 4.32934401155648
3.0821640323952657 -5.987349127216428 45.50074403530619
4.6196641554797235 4.732892406284216 -48.6944911900752
-3.96446069055952 -5.316667662751077 75.77972459922323
1.0630293181134853 -3.3685516379142735 4.837963639013336
4.097458443129003 -4.375125695272601 -34.11840204387212
4.923650188899864 4.085829106156114 -39.918253681967954
3.8921414785479227 2.573851386379322 -20.977218713684266
6.584086059345931 -0.25176981321403746 -56.19091055585293
-6.286071250916279 -2.0201563918042713 20.84609959281254
-1.5566404615110996 5.333449065660019 33.39504021571579
0.9471095615262639 -0.18474219742716014 26.497082919498673
3.5178432627976277 -0.7571182425134215 5.596759153536032
-2.5970742316873023 6.249243690100287 -60.65494440263811
4.847334934723866 -4.487217566392917 69.15706159766707
-6.783776019240093 1.2779612193692322 -5.524772698074506
2.61936742309617 -5.944124220248672 -48.75542185589206
-6.857769508268188 0.4226131880688831 15.503450024432222
-2.869011901805202 -5.507126166923568 -44.5517712552133
-1.2160156655868963 3.105854791483377 41.020770584225374
0.3770150203827104 -6.782382611726115 52.77289173384245
-5.3508496046429785 -3.562027956478474 24.62227625714831
5.132589865854 4.402899990501152 67.9882859478002
-0.1845999308156232 -4.412897455292962 -86.59594450634826
-1.509454979641215 -3.0617582295560384 7.244697639677993
0.7338145464530044 -3.806255908569017 40.47578627217607
0.1863420646004319 -6.776886663023647 49.67884952273141
-6.172898139188657 -1.9543441413569336 -51.36401313967016
5.634644370184555 3.7185691501015627 15.26785205424839
-6.720070218868755 -0.07619744245525384 43.27273760709942
