-1.653543763179919 2.198881342444662 -36.13843602931823
3.8872574538278966 1.6352724640228966 -85.84075793617154
-5.354109880798884 -3.917645288017554 94.65295104529687
1.0191199164396938 6.754877642224198 -4.678025282442046
5.100632987776795 -3.832662859502695 24.719515049941396
2.958031804908539 -5.064119007855574 47.53851019438379
3.9321566822897953 -5.326847002525862 51.55571755737839
0.4423037086632692 -2.2961515790746603 -92.78033695738286
6.001763397304912 2.13787715542326 47.30448501306472
0.6082120947523115 3.0326243615875352 88.97782829640657
-6.287015572426242 2.3052883261310466 -7.442892574106388
-5.56097965382918 3.4922189922374347 -40.01697097076446
5.562487530050233 -3.6866420098674264 -29.74016726775504
3.8392037021575742 1.6182142351737308 86.89736489527634
2.0881216137656793 3.1903393216509746 71.3532908489456
-1.2999151474231327 2.9936467420130235 94.92710987279915
6.40463025657428 0.9326404327877699 38.83165633339226
-5.399105587374615 4.024678706969728 16.25229631711162
-5.265704645394302 -3.7888087758944624 72.63106291930563
5.6708974792659665 -2.248057154022437 -73.33516616492362
-4.6552986137932795 4.888194655485857 73.00401065788871
-0.6692379630819623 0.9087032575046761 -92.99935538886648
6.251526932918058 -1.6674287150004865 79.92334181733374
5.148501975546563 1.3464659993002317 99.45386971799154
-0.46469349086444 -6.69510655703261 23.855502524114595
-1.4665485439748396 -6.373417563109631 -72.8988678684674
-0.6244755920473478 6.595404001010361 79.55075555397465
-2.566442760145731 3.9670199154093755 0.5118118840660513
4.69289256181834 2.8741260407320053 8.687552387497911
5.6026449740134385 3.705784839620561 -0.9968522281602031
3.3214599901963062 5.62581946263362 -55.54762840732236
-3.108951945752717 -1.658129259667811 95.32075858178234
-3.0180263068203366 5.940129140830394 -91.04198263617295
0.6796009494288114 2.749756700811155 -89.38730693842061
-1.0126269361471343 6.26166218895315 26.62971361613898
-0.983281899661054 5.573290995282961 42.524527481392106
4.528794373443876 2.0608418007959695 -53.734982017987974
-0.137878758342471 0.48284412364847507 -32.49396803012672
-6.765479756707992 -0.015654594424906937 -23.078855544561847
5.026772447390449 -4.349172321529107 -24.513952686051393
2.513181002159216 5.833641206851007 -37.705334005712096
-2.701075690364369 5.817121002138749 -50.08242574505777
4.685236702735405 -2.1805766102425057 35.456539194602115
-5.026342635205235 -4.308150613787345 -31.95653168292451
-1.1208161487642108 0.987923728713809 70.50215114858764
-5.423277862771948 -3.2785269937432866 28.103466514877418
6.431552033210353 1.7231531195084444 -51.45496253891258
-6.580634151677654 1.2391664821738018 -54.64500899959422
6.492635598351773 1.436903938283748 -62.01395530491262
-1.7328203422074566 -0.6821694117652891 31.925405165784877
6.826462418985841 0.7109440520656221 -71.89618424975274
-3.116080364138809 4.706805921752264 -44.063923719148534
-1.7163625839892023 -6.5631638457772095 -11.660381251743967
-5.31242902106533 2.052250501082296 -67.38156233364276
-1.7447082183768443 6.259675331995362 86.18920894247046
-5.277123865187509 3.984367224805858 65.0714496556284
2.9642568749123166 -2.847875525636887 -40.039829379259245
-2.8107388437705643 -6.0861359529647965 -83.9162007110586
-3.44989065533503 0.2226964613666032 64.99419736163205
-1.6720824366238287 0.6555410636927692 83.93632440010124
2.5871896666076557 0.3453396259349595 -93.08370874075813
0.9886827200917149 -6.794919470593934 -43.14935371597888
4.127489628122974 -2.327553095353903 -21.45731947927947
6.482950684426973 0.7177285153685072 -32.24665183369537
-0.675866306118571 3.727962298412865 -13.929528266041359
5.795295933333683 -2.863979124021813 -57.569692705634466
3.8410236657843257 5.377793739224662 -68.44551977658315
1.6807057966245018 3.197945122271224 -92.35933437779157
3.2050851874946193 5.193534925609576 -80.44424513136559
-3.895274555198966 -4.064155956555344 6.722539127234203
-6.252060704566049 -2.074571452414388 55.187715339692524
4.881663737237121 -4.662862768825394 -35.49374806266047
1.998081258902883 -1.400906688540713 19.135179756258605
-2.081515211497366 -5.926696988264191 -33.13875828253616
-6.174740742718256 1.4198118411103038 41.032157407113715
-0.02763038687641481 -3.5329445394422647 -65.66883870540282
-6.013015708787553 3.0654840455526102 53.81645162463657
-0.5698083343267006 2.5272076262894085 21.725810541000556
-0.4731828194589697 -6.039700437004946 -1.6803704824094776
6.478504834225458 0.020086402222697197 43.00343470810518
-4.082057931466542 0.48420460136160326 9.497892977608792
3.563814157050414 -5.663798682772465 -13.9201486416588
-2.2336273989899214 3.113884935266962 85.7565684905785
-3.698412750739838 5.654692649142239 67.34198842815702
-6.003315468490919 -1.8746037136229112 -78.10807815813084
5.012356319837839 4.32555556544126 76.77992011895608
4.8796897588343695 4.275518172979495 45.249671726725126
-0.8521813735507883 -6.818901487453298 13.459166235977628
3.449810101901087 -5.369214915375502 -97.34738966691584
5.650542694217124 2.7210954031865078 66.0052819325663
4.017226803102056 -5.483188661036831 57.427865536922546
6.029692703325589 2.5345114371927884 -83.56189500591442
-6.033768596397289 -1.6738219246616102 11.422377130086668
5.457849269317649 -3.88155201694623 -65.89910232043003
-5.858713234786983 0.16744417191275812 53.304095140061015
-4.671893853376329 -4.571633995175919 -23.481972691853475
-3.989348972401196 0.12862036152362377 -83.34736058790062
-4.154707986345082 5.280624939172293 -14.706051599767834
-1.8954969993703406 -4.944677811796088 36.775530866439496
6.307191648943959 1.370687712821511 1.4593583875098866
0.9446570301353634 3.1565419333168037 85.52632625368496
5.898407333822647 2.243122817791232 4.739865062794456
-0.5197306486377032 2.5723702237241737 -66.21332839866061
-2.1650940126404565 -5.025904775099905 15.512254708809264
-6.2989105656565805 -2.1085737243559124 37.14224948215897
3.8925600715535498 -5.133872422818792 40.545884897588586
-2.3679001943462437 6.196730006454936 21.142597515411154
-5.719281059549062 -3.470864079621074 -95.31836665410293
1.217206661680418 -2.3629010376862256 -68.06803931487627
2.5280869636584686 -6.0862756891839425 54.95127953257269
2.2952759836009946 2.694987755705383 -1.6127027317646605
-0.8381112199191313 3.0960945839356664 9.749019126201258
3.5720031431778905 -1.8747158566093283 70.42658727288237
0.9681948760412583 6.491122860758261 96.399565620472
3.500495461705999 -5.901506697525606 -53.12933993408897
5.610156360656193 2.466623258440092 92.92961687450713
4.662649894401142 -4.67782160624914 -62.47216602833627
-3.097389308173879 -5.425731723057907 43.494784225960665
-5.099660879735012 4.306949795774937 -36.63396446431348
-2.282365324836894 4.888522358279428 -86.26632225169276
6.248297528441511 -2.6034549510298253 14.358153809673158
-4.483294426117403 -5.1494097844318105 0.10378807242898375
-6.368408604002265 0.25593649844813326 93.66910249803149
6.221075798992638 -2.275415813852878 -77.31802572785328
-6.236893972122976 1.6009202683950872 -78.58717375054678
-1.6788677515605959 5.798180777591461 50.334975496630555
-5.293091718755541 3.6831191982514655 29.612061524658266
4.766302306360797 0.16504218510038401 53.538768550581764
6.5878709474135135 0.3784187089593741 8.676633374536205
-3.923961736686893 0.9577039344910118 -25.772120652931637
4.399851759945861 4.639365358546266 11.534313958622777
-6.270323577222209 0.5834200458672116 23.813007085163125
5.593061035846972 -3.660731832518296 85.9563602115489
-2.0461703556742066 -2.560466396513507 46.71380157966705
5.145593194112166 3.817695387426669 26.70933255115061
-3.146032114691615 -5.9831108176993055 -67.2143656144194
-4.0162585152103185 5.319304729340502 48.139739594616884
2.2068475411758026 6.413108991630941 -30.219241415543546
-0.9076045659937448 -6.046910031368366 72.43550277753472
-6.308268094181677 1.635421423429362 -51.49819905469099
6.406155987593427 -1.439918716187287 -37.24381538676583
-3.478911011954844 4.834105504848405 53.70754275933486
-2.4714840761945913 6.323079450451213 -79.76943043516553
-3.868625655667153 -5.226951545961349 -79.08505882672193
4.003139864134509 3.554288825208454 -65.95590725411931
-6.235885186421251 -2.7689010063499078 51.76513668269252
6.4754371633014065 -0.04798381073548175 12.084672976848926
-5.66440762938919 1.7074990356667397 -64.26733800556352
-0.7955118084221497 4.189075768450708 -56.53160295271389
-3.5584359484493953 5.093765110829757 -93.85264455421313
3.8726391295804894 5.130068633021072 91.28446634065294
-5.19647376583935 1.5787202029591734 11.775833332277479
-0.17618561530259935 6.640282665245647 35.23900525103754
-5.1059541505127655 3.6059839125738105 -0.7131604314768907
-2.1654594556253057 4.6286156773575335 -98.83018264754323
6.386122375531051 0.11646014181457048 -2.31381457898312
4.2426818152817365 -0.9422838965382432 -67.18424670257924
2.537458879688416 -5.8673335600699605 3.0141630862482565
3.5577880566414595 -0.39628832781725076 9.691769048095148
-5.559278460883589 3.657037848181325 24.045735451318183
-5.959519320692831 -2.830035283306569 -58.610153832713415
-5.6450199859512775 -3.176632557201766 84.91596877177163
-3.399487719382464 5.724753014676693 36.46305863176299
0.993648165005767 1.9452542394711616 43.519607258113396
6.3017860399574746 -2.067126584900366 62.0033887256692
0.6505958445011812 6.727553336221544 -0.01572246791315246
-6.593830884213312 -0.4899188454491479 33.61905665242872
-2.760986755803862 -1.716464817728191 25.067622777794828
2.92525564601539 -1.5642959401118843 49.938744665650276
-2.552794055586771 -6.045828815546552 79.59052277035224
2.209254438798487 2.817318298037676 -27.69588399804971
0.43588751474281046 1.913646138293649 -53.725375159030015
5.688538031246882 -3.6964144753449584 -7.70918136527876
-4.159656253251654 -4.409285461209232 -64.56706166453554
-2.287682521825883 -5.996432083277564 -97.9628634692089
-1.2645344442280098 -6.49612711696874 -94.46973992967948
-1.9173544459090361 -1.674541743998393 43.53664522860089
-1.513416335155672 -2.590827664798937 -19.26209054350558
-4.698966390166131 -4.053526876752309 -9.199353108897501
-3.5231594932430936 3.8919366974900766 -29.109859669550747
5.580415176710207 -2.96928688676726 58.995263333723486
3.9218529673167075 5.3355586847719865 -42.47549480108703
-6.645803118480604 -0.19642695026806176 59.38011283011063
3.3075928813927793 -5.161762082511869 -77.20351049735095
-5.119633020963546 3.8950735638754406 84.62909420225941
-1.728540395027192 6.440639607120916 82.93311097956294
-6.249003344450628 2.256382404590671 90.61599011103233
-6.564248152324153 -1.1518261437192794 71.05143435272751
-4.921867004411476 -1.7674614884892395 -34.04195157677422
4.624315283745829 3.9628575706002946 -61.16351021624272
0.6733273193587858 6.439969575688636 59.871108400577974
3.2448729856908525 5.57007007501331 -26.723852903319006
-3.361848062738768 -5.339630877520789 54.66661731615862
0.1313761629171693 -6.284885649122696 -67.3800354150735
5.933672850092617 2.545548243243531 43.308605136223434
0.5330849684575967 -0.6036789836346578 -71.05883950581983
0.6260001742483652 5.958507048651807 32.23822028103884
-6.891022736727919 -0.4546901738983261 67.09764974019474
2.003866554586612 6.636637672814849 75.23972832282907
1.458216955313736 6.533820003710444 46.153308770920326
-6.56715582939706 2.0798029303139023 -88.1429485570382
5.547151791365435 3.243585900944361 -79.32134028066237
3.389615998803826 0.909367469727899 -81.58247278012784
3.1996890366066064 -5.427810086791556 -86.79497085870031
-6.422295068217621 1.2636896843522623 19.6215907702638
-0.5911570989129871 -0.9491750530595211 58.61415662168053
2.825562711680736 5.649497394169054 6.632905152024239
-6.5655811902520345 -1.9583813372652636 -85.9257165355314
-4.807770379012513 4.179760909081289 -79.43743444660483
-5.885314357929025 -2.7263222925154422 64.88012475462415
-2.631397222909059 3.44802221925202 58.139583304250465
3.394936093903083 -0.5163249648188253 21.895228086319758
-1.1256001154415138 -6.2499239311959505 69.1117752197091
2.323144931113731 1.4848504661189759 -61.558586689211346
3.033383092603488 1.2797621794376743 55.547822662934585
-5.827493129126669 -3.30070626774222 -4.309757423868426
-5.7731904891659225 3.2800674355236112 44.484995764548884
3.164902325144616 1.6551412597709203 25.52571397254083
-2.1345769972146624 3.166628359071252 -92.14626667476377
-5.202229458130557 -3.5357369625367827 -82.90517733683863
-2.7529131962955584 -5.5260713384191895 83.41513144447097
6.195232439026957 2.2698769574876567 95.85116388139042
2.3174710215680325 6.402442150159168 9.526901518057242
1.8683866747175182 1.8672334703764073 82.80910029791151
6.580559375997529 -0.4356188167961791 56.61025742393205
6.284626284483953 -1.5045966663037735 88.00728845782984
4.411397214441531 -4.791917832098673 4.954615674137694
0.3175772500087879 -3.330121341481538 50.2947966657939
2.6062775973653793 -2.091851916648666 -25.640986269331034
1.4357734625776652 6.636515349224923 -44.994952061789405
-3.9869459425752285 -5.231223952007405 -20.583762172546983
4.469413473034226 4.9004267005373565 94.07981590226098
2.99926271859547 -5.952414338700807 -39.420129043886746
-6.2050723785368875 -1.629222308916476 2.8579868591856012
-0.015482827962831576 6.378303967980914 -41.67572478141765
0.9525548846458407 5.399190444158098 65.36847852447903
0.09391499918460078 -6.529716280451226 61.87473146454516
-6.549380795695499 -0.7595824598758509 -67.35515327610285
3.9383778237694083 -0.7951458471596177 90.57836295314121
-6.2905719412353625 -0.6608490292401519 -31.16530619233338
-6.7502125850628545 -1.0789662860207787 -81.51738072001761
-3.148153056131612 -3.232670312988909 57.69326075880199
-1.3827268267939121 -6.536470487871739 -90.93278036097938
-4.69411242945334 4.290319396699684 32.63977350040811
-2.212221320324743 -4.3562319745297415 52.14583739581605
6.032929665990516 -0.15300677432102022 66.05177025877715
-0.5757844722767549 2.6916084266829605 -75.46393831589879
-2.580772547614111 -3.6456984472135305 85.59062215438108
5.575574120915747 3.5539339791680775 -16.59358445391306
0.8890626116589971 -6.699916540406412 -60.929274602460616
-1.2696407227087454 6.570510957000602 -30.081181746557572
-2.0592463247726207 6.470900034265456 -8.751284624304999
-3.7162565466474082 5.2745016674733725 -21.466110256647855
5.322993453998063 4.154649328019728 89.06275758419653
2.590163517365217 -6.057900306617451 13.578559347910302
-6.515147706329412 -0.8038694719274707 -43.55843271081424
0.13019579850845076 6.0225102826961345 -80.53463429969644
5.300621171326252 -4.342822088586324 0.05447025970361275
2.838926530908462 -5.683562408984536 83.5398048883329
-6.156671261416377 1.2744291048635794 64.37848067687925
0.12862012256625574 -6.73008435322989 87.72445130607129
6.650094783482385 0.7108957983678521 -19.7359754575469
-3.3263124263027595 -6.010950627655411 -49.90910048896418
-5.054626668581047 -4.445567807883767 -86.65963187919954
1.9766643731539075 2.769203881356701 66.16016079379924
2.9743693465754677 2.419913975821437 95.73955262723544
-6.660236021101955 -0.3255827681119903 -12.774359692911721
-2.1095352157555456 -4.282877105214352 -88.81685087450612
-4.4740493691001575 -4.408694201754908 -74.85100648541018
-4.8907457051847025 -3.865207282025944 60.24578717081263
6.829053306837517 -0.2664435140705312 -23.880058668243592
-6.138897499672277 2.712598588353022 96.25686853465552
-0.3698881168733401 -5.715499924375259 -70.21004343280597
-5.4665360372087894 -3.7663833461935146 79.63918963064006
-2.9159461481231475 5.283357960267618 3.8572363441838085
5.502264087278188 -2.9788580350046536 -95.99112244073896
0.685999950642579 6.56531354011567 52.375912702916196
-0.03798802501505105 0.01810176196629465 9.418194676952611
3.238141388909921 5.404166293854974 68.43645741009954
-1.5086278726538425 0.8659943547126144 88.32859372046511
6.458049787822742 -0.9490622775797257 93.39519721354309
5.014646536293274 -2.45210643307665 -41.84680718432141
2.476018641352177 -5.833750690338654 71.62655763024075
4.010997842519291 4.962982218186017 -99.94339859636348
2.330583133217086 -2.9839040277165068 55.07096737187501
-6.13847220339607 2.7775835017840236 -12.371485028148406
-5.276523257944041 2.2410129271236974 -32.58800722742711
4.304937070224743 -0.07143523825592046 -45.150197199698184
-3.5790914611536793 5.2743295962544074 97.4472360495572
5.791347410598568 -3.616874745051846 91.42217206271769
-3.037562277055538 -5.9915510633704345 -3.9220094030471824
2.9315655114677592 -5.344136046603279 33.86439653739808
-1.0392811966973055 3.829152974376503 6.292635942583329
2.2224995626658055 -6.020081157694485 24.901238454903236
-2.567712605986921 -2.2763128183927717 69.05482118907794
6.4218234771045415 -1.7804814445906547 98.35261236473075
-3.672788651367617 -5.280197601741828 10.66278129848133
6.666953763519741 1.0980642097381632 74.64861038161278
5.768525285754524 2.9344982067952277 -43.393563296411116
-3.410343307586604 -1.0122903804166663 -29.345030231709227
-2.118941468577887 2.9847629926560195 17.159398494498056
-5.877203525782261 -3.481884548110561 -28.064427788229263
3.9516455160576087 -4.642539190166253 -80.30803301936261
0.7064958923502398 -0.5417888126376201 -85.93063031310555
-0.8958141179614416 6.439715611072484 8.607400529664057
-0.8648901970204149 0.786853856561391 66.71596075187821
5.294345611308286 -2.598140787539835 32.73419796094863
-6.071253281006373 1.8487534475294058 74.26094929544114
-3.365868917518755 -5.818460143552336 66.00546414081525
2.2828964241955525 -5.958175177378616 -93.84919310450776
4.584445065435843 -3.6919390188505004 -44.92162708935072
6.324573386776963 -2.4228548242308756 -11.011582565929778
4.2007365397081875 5.305844653584464 -12.255220339489176
-2.152913959931459 -6.275725133151644 -7.928216456194783
3.336039078818642 0.43060722564303655 74.47819592341548
0.8260257142129779 -6.004273692327241 -17.888597197353313
1.6524682397121602 5.299393696993227 -58.5598939058302
2.1822749075032206 -6.292478604807658 29.19478957031581
6.519886332340342 -1.261079779641076 -84.64013112558092
-5.665221842855496 -1.855396514314774 74.87509850857433
-0.9461483139129442 -5.829026855131061 96.83077067518464
2.2163232518772036 1.9395027218531764 -56.354258750970644
-3.3063375240751944 5.756464165085315 -77.00385979300782
1.1033911080688923 -0.6942174709790743 -29.52403519794309
5.647800526628061 1.3153384973685416 71.91416054384084
4.230775819527946 -4.75028524250716 -89.37836845873352
-1.1894146548266928 -3.479607101477441 -57.275336171211514
4.832209298703993 -3.230963769458119 65.57887613394531
5.612215017029009 -3.215256224968427 -54.07574877534908
4.9927923576007265 -4.467496178742406 75.65063528163164
-1.1427922655174834 0.5316927491295494 -61.00636473792226
-5.1389097235900545 -4.090460514899149 40.70169801970568
-1.70600735076929 -5.340933677814364 -54.19489177053114
-5.735354063036024 1.7458792610910236 -48.48185897717587
-1.1907868715839744 -6.666659962309323 32.71592629339967
0.5084868222693593 -4.608289974934787 41.23050991573476
-2.717835004655525 -1.245067776575223 19.82435037612718
6.038717672961808 -2.658706908341679 -91.88509964521482
3.132071785642459 5.88002115268812 -1.4974547358990997
2.8338408969239954 -5.350136782395673 80.56000775715277
1.1155759494248267 -6.352707593242169 66.41943835168112
6.8094760921736945 -0.3588518140609949 -68.29668625740696
3.4901447195841193 -1.4234253202594145 45.93719382179745
1.3099959648220771 -6.617315971701702 6.58090285427286
6.097947526032335 -3.0271617418489862 10.93192326222393
6.264582446346865 -1.6771374259489262 0.3853884142518563
1.0004801361701754 6.428345761868046 -63.51348156782057
-3.1722190972261304 6.02452601185914 14.729481583821219
-2.0497237117231975 6.490402826505503 74.94158796518279
-0.2840246345479917 6.483190581435283 67.54514058935062
4.438165220046113 -4.458775963833616 -99.98435505282927
3.7123464400964243 3.3232717653803 -29.98962240295794
2.3392717090765736 -2.7069561373568027 -50.29175230458827
3.2928752568170028 1.6647381127963237 -21.708218245672768
-0.8650076399374015 -3.900549871122765 -35.71156006268156
3.6517878985435366 -5.56975443469898 -20.721299253422174
-5.900623078511579 -3.552280748741971 17.637748325425278
3.59692920194338 -5.873866254563206 -2.275599256072197
-1.4273867138369813 6.617293151052223 70.9925057794222
-3.250869319243265 -4.688992087639078 98.10042557810105
-1.4112195449162441 -4.081878382459974 88.97979822909781
1.6195449257350027 -1.1520890383074809 -54.76752305790842
-4.680972218567547 4.497473908239921 -51.38567757609009
6.569286642286755 0.5138633247701154 85.69745943935153
-2.874403601851961 2.61302854251187 51.31138900630189
-3.3001609760191477 0.97244143678929 97.84466681390165
-4.255434724092018 4.812234237791069 -65.95763343729702
5.8348065288025674 -3.1194518815855843 -4.044717323947234
0.3938803596493782 -0.3688960317284594 48.76051293972542
-3.1122393465461924 1.1804400197623652 -17.85457947824447
3.347491961542297 -5.342231387286676 9.32550719453223
6.328135897965252 -0.048776020144684226 -89.31665579095086
-6.308046909146657 0.9340377447417426 -58.96911397919901
6.604162765297861 1.1306240101011023 90.37372712163045
4.294695563399234 4.7580502901231885 -23.298487765890815
-6.070169952728993 2.0140314418566927 50.353795532069064
5.364243015771075 -3.584653848046744 53.902924598740995
-6.638116331163538 0.5082526684080658 30.31877377203514
5.183501360527004 -3.8393269144637006 -69.49977530340963
0.6867358451163963 6.516852227910251 -69.74383470741496
-0.7629554794407827 -6.453423715365121 -14.705357889010996
0.09775477604420055 6.748567129796055 -91.27126596235004
3.1108155081117936 1.7493860478742875 -74.73984621708983
-6.872288128665452 -0.2572322469678327 -36.385021268847865
3.418752682245338 -5.390636777259694 62.07195223006695
-3.285985936840822 4.273060256089337 -34.2780845010206
-4.0267348756172145 5.23082077989724 61.253612092175004
-4.243779793922151 -5.10648493685766 -17.131878179070654
-5.82522264626644 -3.695701798527853 9.253457317065255
-6.242862249718956 -2.30950751080042 -38.73351285919821
-5.309831369394192 -3.5216032181624244 13.732004936096404
-4.065934676657093 4.397066639411086 19.573767979652512
3.7276435751620656 5.307693348149828 3.7862248668722462
-6.158684835721664 -2.4572483127114677 -89.29038807763018
6.782088684778008 -0.9059190321193581 -81.7625628317855
5.508312268398685 -3.6344503982062872 21.248112762913298
-0.007616042681637814 -6.822469240435688 -99.92066943899428
-5.829726289758426 -1.5700524597710581 98.82571631873401
-3.3689032764023077 0.17328950579631786 -8.83959830478264
0.19253420957784712 6.443921864183264 -11.076687115311596
-6.164247855241183 2.0581766426016976 -98.90611342211919
6.1778631698916 2.944336961925362 81.83592708544226
-6.730864977763313 0.232923280734455 -40.805895807620296
0.43623291142998094 -0.048519985901077534 -35.9355380081283
-6.868581565419347 0.9117399338309538 -85.1474802188471
-3.5550857170577785 5.407739083226556 7.543482321223288
6.639473610977151 0.15464527394010136 28.63731009200969
-4.652363407772021 2.212717358055169 3.5038478821038996
-4.063894297247178 4.82993973326465 87.27460816307767
-0.0108388849953851 6.39294357668215 16.949410859482608
-2.8184543124950743 -5.665292055800565 29.106923119388203
-0.12935459488169979 -6.264128322175447 -5.228815062798401
-5.506274479726286 -3.639821874845002 34.68995989677657
-3.2797500265394075 -5.659331196945794 -27.054595244204506
-5.477826143707449 3.229713988262917 -56.465385024315474
-6.395224452493324 -1.7315171446087265 -46.836324669140424
3.212451961537782 2.073149036876361 -34.187410083344425
-2.877761172561358 -5.735062707118049 46.58111517275892
5.642576849578521 -3.107366432702274 44.558118381244476
0.7186688302146038 1.3496308228036666 -49.51225155527293
-6.113898382344774 0.13527665275561618 27.172148392512145
-1.1444695245310232 -1.8118974757978685 52.37996504520454
-2.125286196376786 -6.528429556285918 4.806961804399932
1.904123941166127 -6.624381189700855 -23.026831506032106
3.9192311113825085 4.9197414877411125 84.14636233664996
-0.6556186722397019 6.820251240170366 62.57529018586584
-6.716213250511531 0.5306099403927726 78.52903253524435
-5.436524719530975 1.6094819116847945 81.64930026396874
-4.749614437329568 4.80725640301235 78.72471726301968
3.056662406568146 -5.715996866736284 -58.4731827056326
6.657772452785306 1.3383734059995382 -35.14210452154323
0.6375962980269623 6.333716440002613 -50.653366533440355
-6.443761233997829 -1.2404346257457226 90.2989757639052
0.8870247232536967 -4.5260350702703285 78.26529634759456
-4.336797739698616 -4.924984278988178 89.50989557228147
-4.235760976352364 5.251841886943801 -31.562856751674474
-0.9046702707325219 -6.388567722052758 9.5152171072845
3.221392955469661 -2.812866518780996 2.510264131592039
2.109046302300199 6.127836429286672 86.88033192872824
4.097081954650837 5.1951918526155225 -91.29668095554106
-4.998643337586137 -3.968130356644541 -69.39376719549323
-0.5765425507892964 -4.307384536050491 -85.34667735526392
-1.0073368737767399 -3.4356164301192393 81.05373162442552
-0.486609649440936 -6.164817400385829 91.80630096689272
-5.528305086919389 2.3531330856273853 -81.8017906355994
6.414663241066869 -0.6261763009682172 -29.787786336303697
2.8853723446773425 4.135392789068741 -45.9519043885509
-6.598825118164829 -0.3167330056916038 -97.13532828859712
2.2185127772027102 -5.714670523759337 -65.16375483555028
-3.949710717411476 -4.378089885679352 -35.06910694198911
4.659025697235522 4.765217151973667 -32.518798694246
-6.498877492094531 1.6368225532870548 56.76388165739303
-6.467024891842738 0.627406780615605 -0.19918045979593468
5.9444606148292625 1.4478313411472017 -26.02965388883986
-1.202401439066219 5.842665647468898 -24.674105599204196
-5.098256394690957 -4.203675541847989 -99.06767880972467
-1.1656536727978315 -3.382883602021102 -7.827451618006232
0.30774213377782234 -1.357348274147652 38.85281710247202
-0.5428218939201361 6.667295474024611 -47.652929158640504
-5.938691897893523 3.109197507698143 69.51436526037888
-3.226812719527646 -5.732201005932642 49.446479015152754
-0.6045674457305681 6.548008595653854 57.16032441424757
1.780494126555749 6.193458415468099 -87.24967858766495
-1.37737251719981 -3.46141792225034 -95.39947005008725
-4.732798118355823 4.64638480734737 -88.44505944250729
-2.632998638292399 4.69739538698935 -60.37796131426791
5.1899510402413025 3.790596431217499 23.221945038957113
6.288007667809341 1.8570996985910415 -96.40942606662064
-0.2687150547537005 0.28007665130092535 93.5334075799196
-6.160568399308921 -2.241954725611566 -72.53812199403117
5.780494623972359 -1.045925084707935 3.3278203487083258
3.305961063681712 -5.795002769343221 43.89405162406087
4.928263947316533 4.303166619724734 -49.361841569487595
-4.38729685528332 -5.182479162553097 76.61976725468843
-1.8465161788008502 -2.7566854197610433 4.49885616897358
4.313223130434639 -4.996916242843205 -32.49462869245286
6.386752291164124 1.9697334305678695 -39.13223651980832
2.41842169067824 5.695933082921583 -19.06231769484454
6.881663310425473 0.14336903021065914 -56.5426170366233
-6.271378943113448 -1.012666575293191 21.478071641265473
-2.3768360789316145 5.806051190562808 31.356846476944213
3.0046929279063104 5.9622601106653015 27.665113055235143
2.7572361761338398 0.11179159429377952 3.1593437432860516
-2.3558730565374106 6.2815622161508005 -63.610277624112854
6.14611547119333 -2.801419596168986 68.8732982156721
-6.684002188231388 0.1783733539482964 -4.697163306655654
-0.027658367263438635 -6.455857213771276 -50.46543481476019
-6.530863221124823 0.7802073177909747 15.287519785940443
-3.8066313180315166 -5.573492354383502 -42.67617180042845
-3.214519125128075 3.445036545349018 40.598599621375044
0.01069205169203144 -6.693853739051917 53.376592482767414
-5.9650009116526395 -2.5425770236589473 24.966121457644775
3.8784707955324516 5.190786914891286 64.90052766367539
2.7175311387209056 -5.606835114042864 -83.8024586702471
-1.306131399337153 -2.7671181519004655 7.83673057595659
3.910338736602428 -5.189607940028813 37.727907387172145
0.47356024949484665 -6.448300371908981 50.223229591477136
-6.110946743774996 -2.7009730481081653 -49.739012271980116
6.458875300865587 1.7889242282490976 15.299950337165775
-6.5091054706655465 -1.0394198961817818 47.861660540453904
