-0.7205758305005927 1.5497227855894031 -36.859478806468
3.381342449710398 1.1340326968611831 -85.00958574787698
-5.44093989995041 -3.3614717490790564 95.72705660761524
0.8671755612394785 6.6892063530548 -4.926417142204769
5.571749862225683 -3.3957373042800785 24.601407045356964
2.5378508707616207 -5.13794517693315 47.65872275658425
4.2989909780057705 -4.966414417626853 50.60712691199686
0.00101882908733808 -2.353736257850216 -93.00493420745937
6.316954047651329 1.6057989574758524 46.52682077096569
0.24113107694795877 4.072021588639519 88.74337032280795
-5.883336891025895 2.4009517330524273 -8.303456633913305
-5.575619290877362 3.469438067606554 -40.21540872228144
5.045082647504184 -3.6201438604859404 -29.544272262202973
4.885727992581202 2.379192677180258 86.1614091969837
2.3806353113175374 5.963836464908112 71.69582204896373
-3.1336539343529815 3.3754394216381853 95.24837368375684
6.450943446454286 1.6018399857791845 37.21248548208039
-5.621625200988863 3.814634901796396 15.799378344962049
-4.961462897384942 -4.028641058629067 72.7246000613485
5.847496441925401 -1.8797357377001798 -74.22558955034656
-4.194698462268986 4.993598012880433 72.56769293889066
-2.5841191293679637 -1.6040312106758023 -91.30906732908302
6.5906107108955965 -1.1369132299986626 79.31373412042261
3.555520244752368 0.429622974011672 98.16644707814774
-1.0600086567877138 -6.133121063613828 23.517062219882632
-0.9537858925204709 -6.431473656788713 -72.69802477400792
-0.9343440509128442 6.164284535058029 78.81653292319335
-1.0109242389771842 1.963242600029052 0.0065752977058170965
5.81227639916232 3.3676257619726293 9.31986914235989
5.222095798393678 3.9091545016055353 -0.43671141934466395
2.698831458363525 6.020865431194244 -55.42796222724124
-0.18035904160953878 -3.883212140611225 94.7530009316365
-1.9702683514212485 6.23967158488503 -90.35006306118036
4.12370048225337 3.84886225703302 -87.98875133737387
-0.8917276118706222 5.78015434469387 28.13934316538606
-3.02670537599064 5.321142892906312 43.440938399371404
4.96683012012289 4.390983144053093 -53.629667994781876
-0.014137490332847004 0.27022214012105883 -32.46690815734724
-6.626445293670631 0.37245257494345785 -23.118659736075696
5.087507137957759 -4.13553160782301 -24.36903162578049
4.590398351542297 5.070844873458406 -40.163884359441454
-2.56770941773772 5.771877109272749 -50.00435487326961
6.3187266214064755 -0.8193238021447278 34.86709653595389
-4.9214387459937505 -4.37537535442915 -31.634785319012455
-0.6229281232274503 0.2990420098413886 71.16513811443652
-5.830983142166002 -3.023276229846104 27.16887455842281
6.1774291531051295 1.5452031199969887 -51.344528439747364
-6.627597767686557 1.5720062362354954 -54.515985691162214
6.6445590927845215 1.1457474775656467 -63.37843521954689
-1.1015691226232993 2.2848675706929322 30.086022975463596
6.127692187533682 1.409946782128786 -72.69237930465475
-4.344895639307128 4.121007576587718 -45.562840816599845
-1.8064114337204844 -6.516122949650354 -11.637975729570778
-6.251353747053273 2.867539174488925 -68.89908626723964
-1.3309417208697143 6.286246482283245 86.44297316657074
-4.934905203673963 3.727922280542586 64.9678631995292
3.683622070876427 0.057094603114248306 -41.43793945610147
-2.642550646265057 -5.904145208251782 -83.82393599070197
-2.4717051259154705 1.702923298400953 64.41489636611773
-1.3074972344076854 2.0829185658763976 82.92272699034517
3.0609666835163014 0.6220236537730219 -94.56840358630417
1.302773679608981 -6.765244477810768 -42.669850417519974
4.439132616331884 -2.043394020503405 -21.6941876269069
6.593203512196221 1.6238279945403113 -32.0115673795347
4.466486751359577 0.412805226340181 -14.49703496232382
5.823816556644263 -3.3574177137175747 -57.76601539681153
3.3598339189137687 5.798952053722629 -68.23668108810823
1.9090597573650547 3.544920100480074 -91.93825604261943
2.7664710093592992 6.058865861380136 -80.73772696532536
-4.013541594079048 -3.6718867122082406 5.80586509694519
-6.2128624501739536 -2.0588607248569186 55.18149877963019
4.890575226791148 -4.7215958010262336 -35.677435050131955
4.2053230202071346 -3.9581643532266444 16.994281897040647
-2.1051191042975224 -6.090052817459642 -33.03948038277479
-6.359718024681795 1.4096357888831479 41.054364033730685
-0.4509283254037481 -3.67942379730954 -65.91533719688167
2.125211274361364 4.732872777671634 50.004118650267934
-1.5560373245151689 3.6630380453923395 19.25833190084677
-1.339842966654335 -6.723072397575656 -1.1490157699526087
5.852277013459143 -0.374989978464049 43.00142906558293
-4.798847605772981 -0.6410526772885697 8.670559895613655
3.348485174968779 -5.233479393383952 -14.010866035239443
-2.543069471724137 2.562165287459916 86.60412504099668
-3.385619754819451 5.388018478848968 67.118243412074
-6.126630581755403 -2.586479261545237 -78.48149938456825
5.013673678359933 4.522470310508762 75.48954948995934
3.705954313313399 4.374005241573241 45.00535558330024
-0.47298616307880437 -6.747019377309913 13.273246457416047
4.371969615438482 -5.159019985361736 -96.99582351223407
5.8942465884127255 2.438848181102725 65.66668845664135
4.558863208620739 -5.045712156077151 57.76566709228575
6.5814858898436706 1.957320831036623 -83.33757660248833
-6.036762152149046 -1.5235271057014659 11.474708499325
4.2664094650918925 -4.324800034280614 -66.71173043877793
-5.125403973196966 0.5671712597650568 53.82746757735383
-4.464506697089596 -4.503989140767801 -24.057198118448763
-3.720906082891318 -0.5385230183962593 -83.06485875357774
-4.379807705835129 5.110242220316734 -14.522649984607037
-2.060971770750953 -5.543203222758768 36.859033371540974
6.306139546094916 1.424609599753235 1.397229903689245
0.9629066295589365 3.201328946184691 85.59407732438518
6.241430514715513 2.4791775461022048 4.544738143876404
-3.43958465074214 1.09908937850963 -67.90225966572031
-2.606059241097865 -5.379623044053625 15.245230683876116
-5.795357166200684 -2.0752811871041996 37.47904050581901
4.38738070346408 -5.293671801491751 40.709598969004745
-2.261961326089009 6.092057419377834 21.078349318590625
-6.346458458993498 -2.527446080159081 -92.99240154289868
1.352427251538201 -1.8755178701506214 -67.94124627933164
2.283059701276875 -5.903387457056644 55.29984644249333
2.0072105410783343 3.2863943398332944 0.5667473561427787
-0.4920283101216793 3.133796827030021 8.978392393962206
-0.20100046106488423 -3.3723243667090412 66.65124892798943
1.1076772316602939 6.3486510915635845 95.57432052138113
3.1652106154349746 -5.921003500262294 -52.80157243269569
5.961433705496693 2.619731140251937 92.80426590981814
4.208815487974972 -5.264049743634059 -62.476375727227534
-3.253839483079625 -5.57184550408353 42.97153317988302
-4.981857231340026 3.6471029992175317 -36.85187988085269
-2.6385705095816285 4.632386721324108 -85.02248224760444
6.304430074653861 -1.7716892779080524 14.44406696620682
-3.5166411446310937 -4.667459474345104 2.8490014675206856
-6.086900914212426 0.21126461711631883 93.66502790514593
6.439160702648936 -1.11454349327775 -77.80083721120346
-6.494080161426048 1.6414599168743345 -78.7515023294528
-1.5922914312065581 6.264636140511048 49.76951617785848
-5.1175488614870845 3.710787729377154 29.399610785004352
4.863912075111131 2.102087498411791 54.570937854965855
6.563368185271882 0.42046970023558305 8.644563564192804
-6.064221361312515 -1.9972111532696621 -25.603863614087185
4.270535847388166 4.8491063120288835 11.296931511971067
-6.346083166176635 0.9659770286319718 23.890484425699192
5.334636505304636 -4.100849082312746 86.57091185704816
-1.6286927786091079 -3.1274502133157736 46.21458317967309
4.763665605699343 4.484418407118795 26.50225455436239
-3.110472219844571 -5.672547282648227 -66.80923538177302
-4.022995115334882 5.002660079112881 47.78138094215879
0.9327857212570053 6.535469463971303 -30.1104525387432
-2.0612850306148953 -6.103859727285473 73.99007103935617
-6.36173605015497 1.7270042412891637 -51.608168464648436
6.401157229653168 -1.1242981660109002 -37.26794912364805
-3.1918071471843943 5.8914269516979845 54.44236782580391
-1.4025284334996968 6.631155631727104 -78.63208274635302
-3.868625655667153 -5.226951545961349 -79.08505882672193
3.1577508520333355 4.870468798116077 -65.40393700659087
-6.264645087746524 -2.4463744963877874 51.342857330568656
6.665702571066814 -0.057853276334552145 11.776567297775555
-5.813716174139311 2.3616597867837585 -64.50851528290654
-0.41348283597717894 5.624535171133739 -56.92335764351932
-4.075601662795797 5.500622643964056 -94.65220461629733
3.505398971118761 5.092857314138356 91.11182240143413
-6.331171482288533 2.2773551594205372 11.3155887777098
1.9890296444742812 5.45461013648812 34.65755636033373
-5.306829246370213 3.9169925500987506 -0.034644499694808296
-2.496401184320548 2.4634284058455798 -98.62233350153475
6.625169289067113 0.13981578230257408 -2.852122969279229
4.602993903029918 -1.4907790829190937 -65.62432939157857
2.402342162568928 -6.040081106043088 3.079969290104053
3.3170512910867513 -0.6404468476234242 9.35958379490801
-5.563116161523833 3.660702341295836 24.05123029210852
-5.816867238168742 -3.2882237855183605 -58.62850584861133
-5.467662011131432 -3.647397980112252 84.01842395651114
-2.827890017875012 5.981098241581299 38.618728302916814
0.47704001418660313 3.1292066857104452 40.213451981359015
5.951751972209802 -1.5483856992454788 62.64566677668719
0.1427754603342623 6.731178560237344 -0.496346862740324
-5.7310669203412985 -1.164641520129754 34.0983045055469
-3.3745258204029 0.9296521828338818 24.08613273977258
2.689639846079705 -1.323276629267741 50.76762700217278
-2.6371818287557836 -6.037079284248638 80.16936706463096
3.0281480575473596 1.729836552309128 -26.304265552201077
-2.2108525616058508 0.7211212642180069 -54.37793493056531
5.617315342882536 -3.841174600716632 -7.683703766456403
-3.7116703719022106 -5.170439687953334 -63.52853457360151
-2.772603648319363 -6.262932556039187 -97.89922934663832
-1.1593091426242959 -6.382821812218374 -95.4361849502221
2.9246423162941872 -2.2983922284464122 41.89926351983861
-1.718860128769704 -2.1907433707280934 -19.10700445833593
-4.397123569227759 -4.7158420121316675 -9.316467318024639
-3.2654432827142497 3.972867443048086 -28.611975110183273
2.9436926910532075 -2.161810933975974 57.933796546642604
4.044839188704789 5.140863675175492 -43.11540630868988
-6.028200044331729 -0.9008583871796506 60.79081474164836
-0.4124188537501925 -6.480746971550862 -75.77873383637186
-5.278984261241051 4.186227036726554 84.28026200109085
-1.7599681434282586 6.117793267357077 81.80830326057928
-6.505396357398327 2.0358528424528903 90.045046383871
-6.597805638868993 -0.944784565801305 71.39407903194113
-3.3944870692065336 -1.6902205643022727 -34.231108151412506
4.138596520998881 4.261291794742269 -60.64356895943834
0.6253876319074487 5.861546506063379 59.96006846119487
3.0867586863900742 5.684558072012743 -27.498712772252993
-4.11098513628492 -5.0616266715501 54.58253412950353
0.3714058109777672 -6.884307697001976 -67.60026940783337
6.277734668848257 2.5196939926104873 43.36908910913442
-1.1607415522468814 6.429625262708163 -75.38251847611589
0.45061589291631793 6.654625470948625 31.115037538237598
-6.840481605064738 -0.28251200654615993 67.30087116457138
1.7871378125990176 6.296540588483943 74.92798151105292
-0.27778198180995317 6.3206269379395055 45.62565083295074
-6.162140479849371 1.6803205994449646 -88.0001651591425
6.266512697391634 2.7769601228164063 -77.8267327739734
0.34605021798267455 2.2803487829507096 -83.80895922755596
3.2668043188192915 -5.738535443558928 -87.1579691595768
-6.287328926555462 2.3917608028218558 19.637517926632146
-0.11812726773905785 -0.6898419939581203 58.51281232758261
2.9567157118817184 4.991449370665712 7.115828806336231
-6.61791035457959 -1.9521222537688274 -86.05876934415595
-5.10046374993954 3.9952914067784797 -79.34401746594062
-5.758410883373831 -2.5826803840851973 65.0590950622123
-3.3216075139319416 -0.20417904838095824 59.89756294019435
1.1617739224116146 -1.2549205702821462 19.765098474200645
-0.808167945690228 -6.19826963882057 69.34202915522168
3.395406570891431 2.2780927497523553 -62.948535942401314
3.418353343141451 4.913653308830063 57.6076246286891
-5.6033664195024 -3.3549482540262505 -4.382686307918481
-5.9037172346228335 3.259401729189361 45.074826573363715
2.010882199515126 0.5285350156919689 24.320884335669124
-1.1880483758676759 3.3633962361639362 -91.69163245101419
-4.646036034309189 -3.9418665824235184 -83.31600004635406
-1.6167320914676462 -5.802717134423092 83.12243837480845
5.990012320137301 1.7303505557535221 95.75259777673973
1.8779637508911544 5.613739534878541 10.051641779346602
2.4371808094125806 2.0557506731356865 82.21142195438257
6.452157922585338 -0.31114691017952123 57.18219442568291
6.233099813712498 -1.193958576098654 88.45626366166248
4.725720279509212 -4.71780499166875 4.7726863452713815
0.6471362426927186 -3.426105025119452 48.681055689482044
0.6965071618405432 -4.136203117917657 -27.213348051620425
1.321891773041246 6.554988763633256 -45.7883086554638
-3.830503652899016 -4.501119740389479 -20.47012840212734
4.467107563360949 4.906429929893013 94.07790299878793
2.6728944592329342 -6.007035012092517 -39.80115558342041
-5.441725532571052 -2.1450569538410367 2.9306326215569394
1.795769551615328 6.32131729441375 -41.41235834867327
1.3429925324113894 6.65876343897485 64.46578469694413
-0.04536461420151064 -6.5357772523726245 61.90872079340862
-6.131462907152107 0.49143568312350694 -66.78578209470082
2.9735726844108554 -0.2824530817349375 88.9551960691706
-6.671494490483452 -0.1591903418550774 -31.161297653713113
-6.725009816592168 -1.0927914409886466 -81.25643293017272
-0.6246427509978624 -3.6892493132213002 56.19344888312278
-0.3775817957291103 -6.540894191948139 -90.67110229037134
-5.130748859952395 4.185400661606633 32.8424335144095
-1.7368727878158166 -4.413409849038047 51.98355819347552
5.860292709979953 -0.34815131118176723 66.07815647481674
2.085406521675286 5.721496610548994 -76.5093596552734
-3.943412521577285 -2.0702733295820814 87.44099768142017
5.516262950875447 3.547314532147399 -16.66049877442702
0.9113183793764409 -6.693584904731661 -60.98909411052865
-1.6032341444848692 6.516774134147628 -28.3737323794553
-3.162744200039252 5.632191963134827 -2.4768638814624477
-3.6048737339247885 5.288904969527253 -21.640581071533425
5.590407757323061 4.020727633405003 88.94294587848263
3.4260687794806697 -5.380268052937636 14.237948507607262
-6.593261944882288 -0.7195501603995421 -43.81461793980148
-1.2646044945396524 4.837063571342385 -81.28837357090931
5.112321706355852 -4.2570636757651945 -0.00039257246405094426
3.5961521653322377 -5.318062816031191 84.13170949108245
-6.406774430512446 1.064793375343113 64.15278218533203
0.4766870658868883 -6.7967369681040655 87.7265412894781
6.745762635564502 0.3277388735847514 -19.81183272966497
-2.551516471427975 -5.7386943920410305 -49.91808085355342
-5.090939734292305 -4.523133321968758 -86.45210342272922
1.701892310187259 1.015732884686189 64.83806524414406
2.633799619567879 2.2768990224780996 95.19949753497443
-5.8216020905954275 1.5440457441858133 -13.223926090087389
-3.2271971366591536 -4.57328175572059 -89.39314641690194
-3.8917648249573142 -5.085596042100894 -74.93290065221169
-4.812981310617431 -4.454096211384168 57.864209303369094
6.895972451554257 -0.23543263455823488 -23.858664648079063
-6.263532864272057 3.102592005643468 96.29353476428149
1.3185235699962 -6.3245782085931035 -71.23045566343541
-5.253159341074214 -3.8781729224938015 80.32563037268822
-3.2030837314999734 5.126355675534623 3.4119354646379123
6.279934817824094 -2.2117500387918807 -95.56894472193088
0.5166472561549862 6.316337500172171 52.487671530006196
0.16485295110071221 0.09283955676130792 8.946959812469995
2.8487208556970995 5.3624811050465215 68.43315449510352
-1.3548943577670427 -0.5105739525486291 88.45341901886859
6.4369014350969085 -0.9877945888839876 93.15581043861572
6.437650577650762 -2.1546945133018016 -42.519567398718095
-3.3044984051124295 -5.751958445066909 70.81873992543345
5.355139692632688 3.9904380136619184 -99.9095559711926
2.6582316549223823 -3.328323104602334 53.13487799953664
-5.228302668794777 4.177883795509768 -10.997558018427648
-5.7360788157542775 1.8782701944903955 -33.18329685739364
4.916901312621829 0.5712754282638659 -47.94024475520784
-0.7385021689201916 6.444038886386236 98.87555601818879
5.304267522106895 -4.217343325329599 91.47631944364956
-3.3336013871782932 -6.081702207892175 -3.721164666025979
1.536765126645028 -6.228404902526362 32.73175887161338
-2.2010758246564013 1.773116222314064 5.92367022934164
-0.950285190773019 -3.3249207773814695 22.655511086854332
-4.096082858962053 -2.6062401122831527 69.31590346824639
5.601932378374765 -2.0998779741464366 97.96121165660968
-3.836001309231874 -5.470641401405601 10.392488041614692
5.669627650756947 1.728208958625622 75.35700130354992
6.381102412723802 1.9057028465191914 -42.19653926292175
-3.44784762604466 -1.4618269759404734 -28.43696826623168
-3.8658605775729695 -1.3160113324063052 17.249926992288124
-5.765176558038574 -3.4460981750606083 -28.345851895218477
4.8581912712683275 -3.9606887371909902 -80.07393273156026
-0.13342403318466756 0.6812392701465663 -90.37032369217847
-0.8958141179614416 6.439715611072484 8.607400529664057
-0.4091035109799646 3.3756516173672626 68.51571615761581
5.525279030721796 -2.3998336006042793 32.613746938555
-6.068576396973189 2.1562633476272683 74.13544132840813
-3.589705107277791 -5.074008113659527 66.94617927752897
2.1439774039704957 -6.404978436052063 -94.3657395414781
5.041667560745161 -2.6180316740458545 -45.97568666614845
6.252869020401714 -2.5236889088247976 -10.659349579580011
3.5678495697774535 5.736238397264965 -12.14671785525319
-1.4952256134447173 -6.1140489925087875 -8.620390701457431
4.965310032856364 -1.158399451842266 74.09471093864876
0.9074691147353592 -6.140013469734028 -18.049056177764395
1.5460862332155147 6.329719829873267 -59.02052535243699
1.839949478337845 -6.52471505335555 28.60951988331244
6.44012324704098 -1.5398172128494274 -84.77827535590704
-6.0370533378228455 -1.7618470057589855 75.50979300809712
-0.3576870897834272 -6.554323430139655 96.30053195849578
1.683428524357619 2.5817365200922535 -56.753941220484656
-3.3733191743672735 5.799379757702668 -76.96601933015714
0.7682779032856349 -2.851825256656958 -30.26145490905325
2.0310639343343087 1.6232275103441518 69.89951101264914
2.9248812054074653 -5.788819434434481 -90.6485930808219
-0.3695560902794091 -3.147563800374305 -58.17782386184769
5.415703078143319 -3.5805785421069087 65.89363337930982
6.2487647445321155 -2.152249433636016 -53.74887580547402
3.822807102662794 -5.31706596601453 76.18887158505332
-2.3867150910614194 0.2843561825755456 -59.83160758272596
-5.481555515121328 -3.6576622330932 40.802822543377815
-2.708174253377273 -5.500739855598818 -53.67448190864597
-4.073667226794409 1.921618240243335 -48.262761342688286
-1.7276590579973596 -6.51988428785058 31.236803088382644
0.264575205350128 -6.816127842871602 42.643974344467864
-2.3348110218292573 -1.7740418203490549 19.715874305671967
5.998772014844368 -2.888615430744967 -92.13169646241339
3.2773303655033468 6.065499716533846 -0.888618535938209
3.145759718939138 -6.00402787791747 79.66355700820776
1.4656723837191652 -6.276390412790274 66.5845637034006
6.662907083666987 0.6197003721777218 -68.47678735305648
3.225295849240313 -2.2791232646985806 47.057884101819525
1.0500501787680665 -6.522079447949169 6.7888430428665
5.318902674235992 -3.6616937041728397 11.654948505796192
6.208265208230608 -1.4257851741746546 0.17895272480346125
1.1555516675008126 6.742733690470743 -63.77249019031956
-2.6956975898999853 5.98874322030066 14.883407738976429
-1.802252285491342 6.078420988953964 74.43027894036581
-0.2811756397877406 6.497744444506393 67.56467623671719
4.308827783436044 -4.790747933782945 99.08688871995666
3.5563199718609724 3.448385654046999 -30.31956976712053
2.132445459201998 -1.757514084653804 -51.37901719823267
3.4194567412204124 2.440693096388212 -19.092239897936082
-0.4280975492470205 -3.629284047546223 -34.304528284267064
2.7592841534674886 -5.86806125245269 -20.408758432077956
-5.420955128348303 -3.5213008020825973 18.589745458006597
3.385556392594262 -5.895176116324935 -2.260151312969219
-1.5145673087178837 6.2734587510521385 70.73938403049334
-3.003407963005374 -4.284383274334624 97.21106093545127
-1.0774168686361916 -3.6655292436007576 89.90430852125067
2.4863048980026 -0.4052738651015458 -55.30876555112786
-4.756374586695074 4.271086491511623 -51.792808797268634
6.786306385805228 -0.021099446251802986 84.71878741700587
-2.5596635227310838 2.6123047262889 50.747397909402245
-4.150916794262356 1.1190241682443425 97.9754769347439
-4.660827678262812 4.704462892603945 -66.1940554718834
5.729266468371143 -2.789468888340334 -4.657873125815325
-1.3492931126394458 -0.45112775724825793 48.06452969565242
-5.714348796899424 1.7975578147856348 -17.931526488293976
2.8891685861936507 -5.713837145779304 11.05206986299637
6.5032932068314055 0.006027596024371321 -89.40845083058996
-6.07632224562757 0.18289357634916312 -58.871893347306184
6.658046736730797 1.2934349951655255 90.2199837295095
4.716894010128148 4.658153611112104 -24.989331020024938
-6.097848732856132 2.209426957576575 50.90974962718714
5.588914896489681 -3.5353973979262117 53.48380582436379
-6.477332176656843 0.12757329968324307 30.861708536747454
5.016530299927382 -3.4603916632683736 -70.47798228137269
1.3593232737288699 6.70897035705603 -70.53578944854655
0.6606842492957763 -6.718236827819439 -14.916025691541247
0.4338048422923045 6.5686925900027315 -93.1226327150292
2.4268069948359603 3.0079409547673297 -73.70783704884377
-6.420105717915863 -0.3939755970741486 -36.30249255327352
3.818000431903151 -4.834752142475816 62.14030315975159
-3.330191883668422 4.732813125167893 -34.3068138742623
-3.1865792852051102 5.536968147839797 60.4169196784271
-5.25429689849236 -3.8829346052021454 -14.608478194561231
-5.79701841008217 -3.752794582300694 9.210386018900605
-5.92284910237002 -2.7303612988895414 -38.40136160866737
-5.083541025528608 -3.6102208512556686 13.591602317226474
-4.195742164426015 4.0051477384539425 21.04178195344265
4.278202506534173 5.197182812421603 4.3246392582279105
-5.811796018559714 -2.027240610367668 -89.11454885448265
6.782088684778008 -0.9059190321193581 -81.7625628317855
5.561914994068292 -3.513801075311751 21.432571197638804
1.0568014406038388 -6.10209211791635 -98.55307377508576
-6.557444761965554 -0.20996473096938406 97.05537019341186
-3.152673476095488 -0.6163656341199427 -9.211703320112754
0.19197597649976283 6.374729645628584 -11.076019548203607
-6.257888678829363 2.118915489587378 -98.93367832023122
6.265640003931313 2.7241533201789077 81.74636457141091
-6.855255640345143 0.12238615038343131 -40.78254954671748
1.0640668668613458 -0.6420555762459772 -35.83987254307841
-6.700408820713975 0.7395504157567476 -85.12869741803429
-3.3634335773004347 5.614378060829405 6.77043030700831
6.6527902034079744 0.2687878250529948 28.619936221186723
-5.7927875364993 2.827536404916277 5.310321399142731
-3.486427008130876 5.633785944370521 88.70670127618446
0.20521246718200944 6.37765682928009 17.56548773957566
-3.315458794641608 -5.98100401831859 28.643554825065713
-0.6120298489843479 -6.605910588364425 -5.377997932015038
-3.244278751185182 -4.35830722572832 33.61179011165327
-3.4713247771376308 -5.790841674606285 -27.31409025753405
-4.9468928015802245 2.809148626472975 -57.312876588664956
-6.348398246370041 -1.6527972681522973 -46.871287982978835
3.8541587103104313 0.44660344016740217 -32.68104405709517
-2.0711163962153663 -6.0510150317855285 46.4912253018682
5.781145568637442 -3.188322588433114 44.74818613375123
0.4794706610602172 2.609903022447333 -51.642166920974724
-6.779030881541171 0.40799966788961833 27.009708012392984
-1.3345299957400452 -1.5136170908852433 52.28028417102997
-2.3357881455500293 -6.354164043828715 5.345528562310778
1.5467348447496587 -6.575539651764627 -23.1832649790158
4.528602001965912 4.755189487665477 83.95982187959963
-0.8617871894731806 6.732073703565687 62.52891310656375
-6.590042152990844 0.005125356720451231 78.8533212606505
-6.059188672706206 1.6132263054249008 81.54131914920272
-4.235139358791885 4.691026102340627 79.16357895810657
3.7464059883880867 -5.4381734955873835 -58.958633127482315
6.661397455969806 1.3404504405570865 -35.14157158112612
0.9328467610889689 6.535145244111447 -51.577248807069864
-6.407408294696668 -1.4279370260955309 89.63051145331602
-0.06027908021337497 -3.8081618729906213 78.52246669682516
-4.478499100645603 -4.76704538139971 89.61682292028603
-4.077079929671973 5.331547481732315 -31.17698989742275
-0.7605028776318797 -6.264289614875644 9.939510649498215
3.132056764472496 -2.887960075407818 2.391512451313993
2.1272664355049113 6.486803244929557 85.75921963732854
4.636999165112356 5.00115752793969 -91.63002841015616
-5.181007610368692 -3.992922981589731 -69.24904385735195
0.6095036358126217 -6.309843785146375 -84.00585045897267
0.4202306099407551 -5.235877227808295 81.26303159111318
-2.704906742882782 -5.373006289385253 92.16842118541305
-1.4274727658652195 0.8345428533746946 -77.24281649441517
5.434385660949895 -0.7372424103917082 -29.942863558149114
3.4691820061459633 2.6841614567317005 -45.60991372816341
-6.373833798743264 -1.0317794305300498 -97.93621397714513
2.1855907931362757 -6.21377502383316 -65.11545358248966
-3.9664686454884137 -4.63885223835716 -34.78582835756731
4.820917468459509 3.903296010415358 -33.51154430765687
-6.3535445550752465 1.79579036287859 57.783073926112074
-6.537966001590458 0.5892485605690213 -0.3101735618033989
5.948797447451952 2.7785118253447267 -26.96592656577594
0.5570906515321377 5.452826964864461 -25.10597736413044
-5.457584264364204 -3.928143425605623 -99.27662340063306
1.7417952911241983 -2.865221635244212 -6.820386159284024
0.27591008949406426 -3.83934481343498 38.57506144884294
-0.6521135766848626 6.628664836593995 -47.84783615766167
-6.188157768644384 2.283411422067882 70.780374917091
-3.6834836635238366 -5.45947235514583 48.716348246981056
-0.5556982495939843 6.472094713791633 56.896534647845414
1.9030896359396936 5.932196175479596 -85.86266339574652
-2.52147313361324 -1.2597615782649227 -97.1260966320211
-4.463683893271219 4.699928958126873 -88.23866298658595
-1.5323423893124504 3.058679009933136 -58.48423296253694
6.262190175957047 2.4689867327905484 23.146128164807624
6.093838295823466 1.6593543394963806 -96.6855092595031
0.4572859113207086 -0.3684730488597364 96.92066373716786
-5.688922550698948 -2.53512557001912 -71.80913213704675
5.415255093625752 -0.37761722359418093 4.5853385905513955
3.0871572126508995 -5.740207154339275 44.51594106650283
5.123775584543385 4.15331107962667 -49.26959956125001
-4.11916000884533 -5.132838736710427 77.34515451010532
-1.5507268884388568 -1.4323036031158674 4.4418269693684485
4.2686070929149995 -5.138836006733987 -32.4211041850455
6.358935658795234 1.7804480784268755 -38.998582324967714
2.9927271896026575 5.8471313083043395 -15.665536574450357
6.20918475111953 2.1913754417471223 -55.985235398700134
-5.8039787942379775 -1.425698064710419 21.377006056555437
-2.366684291322766 5.737230927294167 31.128844241021177
2.105970065221312 6.148002763092723 28.2309414876547
-1.464883549243014 -1.3821154393107427 -0.7478788303568451
-2.2403970014613357 5.975380002342372 -64.2342691546824
6.109273361851774 -1.9942217969027805 69.03102287816341
-6.612993287378285 0.5834917650207558 -3.7797581831246814
1.268381772509459 -4.207495876683919 -49.814323152530804
-6.63163407576729 0.2040557592075204 14.594399825843295
-3.9880509510801394 -5.432507598623122 -42.47379829166231
-2.317877723568034 1.1166588530938393 38.065064645710656
-0.27461869378716164 -6.566131966820882 53.509318547944964
-6.100146014065355 -2.393869937486775 24.548023919155053
3.9486165061774394 5.081895583539873 65.03397949486741
3.8606049590358777 -4.709488488205453 -83.9122327488675
-0.6241231106224068 -3.60317015041091 7.914940169408919
3.3725680118972083 -4.692213563370092 37.32311595858169
0.6444919457361241 -6.8135629932266255 49.679817832954605
-6.071907321691582 -2.5930597060988063 -50.09228487785418
6.27233437828555 1.0222731290333413 15.270801582651576
-6.730766057691768 -1.5759995878264172 47.727529874689736
