-4.327998910235225 0.686798345449994 -33.89954226407506
2.5323616670756954 2.1090314900532356 -85.45165999875377
-4.900727402334877 -4.077775905513845 97.72347082348678
-0.30340304601604334 5.8611235036343405 -4.891911573931147
5.859672699473537 -3.154778975038941 26.479526008224905
4.789961964301949 -0.07110757507641777 54.14642539966935
3.7218126042472397 -5.288762946432784 51.2805583179117
1.2247361664788894 -3.4044974893260207 -93.95901356340734
6.796493824242642 -1.0856283497816015 45.86399017672117
3.3430811343402196 2.7555399246723304 88.49403357734057
-5.804609766450167 0.9254955453111884 -9.596397464894796
-3.370693515713474 1.6778334797865702 -37.50148251088525
3.9493845164988217 -4.646236110251562 -29.139553132062463
2.365521162959613 -1.6793496979224487 80.88800197656695
3.411917082417608 5.8744779443072 71.86086889361644
-2.884862726635093 5.157528438656195 92.41379404876882
6.463283239147459 1.7343317873722388 41.00811922598563
-4.883470926380684 4.415345291849807 14.088379005094277
-2.9712759353410747 -6.14231925059935 71.11397879899911
5.573863567007233 -2.2383251073536137 -71.4734013867509
-4.267358887984116 4.49726159959555 73.7305500256729
-4.968836506841713 2.5143546526598364 -94.62150397964504
6.406856951126649 -0.9454394190502883 78.9364163644268
6.5364741718372095 0.11513198749799414 -99.70374584449084
1.2912761100643904 -6.332650527849456 22.690259367838827
-1.1539227518701194 -4.23126123036956 -71.75153353709453
-0.7932482721364515 6.722213172375175 79.3247618378029
-2.515220176052754 2.0563519504454093 2.692997594192376
5.8212723066050716 3.2211149038173947 7.758685628349213
4.417764870060217 4.962807000273027 0.9216772720106132
-1.0608062024241935 3.981591032772074 -55.37998218680452
-1.9786751383999435 -1.5105646252698133 -97.80147587775647
-2.841041383937782 5.739276742789501 -91.10935539431607
2.3207193726456166 1.0095540416883304 -90.15774138737387
0.9155107572057252 6.539012447841114 29.109082323766984
-3.7460982636652487 4.625052434163545 44.73672309564013
4.221825368981218 5.358657500354914 -55.26538107759492
-0.8928192376739893 -1.0104466608083018 -30.815341032543113
-5.9333844018787625 -1.9260873104570064 -23.336432187592273
4.795487013656087 -4.908721594445891 -25.422141875531047
2.478520149980908 6.373512338823167 -38.54404453037792
-4.181453922459254 4.988549928874735 -52.026005766952295
1.079233049800685 -0.9888685598444903 38.43019507509341
-5.143494152100371 -4.326139526465645 -32.13754576538396
0.18024660945011917 -3.7528444220607042 74.38352393818512
-5.918514522991005 -3.2867348834451784 28.588233677134646
5.72032157562836 3.659314085127793 -51.71156733981163
-6.368195530831435 1.2690277968286123 -54.72857771665683
6.5081349114855644 0.056090653213710165 -61.86382967497175
-2.683384335851551 2.27837475293168 32.89050995747153
5.48195630319291 -2.704603194642719 -74.38767063640991
-2.637536942545446 5.545036415753387 -45.1449833632839
-5.8290003210434085 -3.4137248714197246 -14.345816052566914
-2.866492273704218 5.95413106888109 -70.33149899589526
-2.104759743080755 6.1914082423123755 85.04691046492107
-6.075994140043683 2.664071813335542 65.49606635344392
2.0084926723428986 1.1006353009047034 -39.55127604721299
-4.176084415903232 -4.6614704251370025 -87.50548389164045
2.049566040653976 -2.089252736613231 61.71041375917418
1.1162385169857512 5.930583301726676 76.68068682134722
5.956235364775574 -0.22985987664440244 -95.38624417160834
-0.3475903951979339 -5.807246912571346 -42.390285374703694
-0.4212677312519384 -4.3329775894066485 -19.17581725523619
6.570633086299808 0.7001305277628267 -33.76196409485609
-2.5330306969085337 2.164061663301071 -12.309454840337118
5.834095508200562 -2.824610506395238 -58.87110829762778
1.4730526455502342 6.58407625640618 -65.66777418743568
1.6717275788808037 3.0725540639136506 -93.70711773355187
1.1603312592667976 6.649907721296565 -84.13738103433028
-4.742264724338413 -3.854936432309813 7.630138300806096
-5.897026686863318 -1.9588121035630854 56.277049816206734
1.9020789732932022 -5.908386002300838 -36.692202051140086
0.4969959388791123 2.132427842695524 17.283753638352213
-2.6414043060011725 -5.5246547438598625 -33.56607739234822
-6.182504477269062 2.1966630988176545 41.39664976946642
-0.07197253268628145 -2.8385296689941724 -62.12850341127701
-5.781376499276956 3.3873515152606744 54.29950241958936
-1.7935633269537898 6.2997831344851205 23.31415103317502
-1.3338427822108851 -4.8484252620176305 -1.717762769258506
4.6533123707798865 0.11070734281283112 43.47116195405279
-1.1908047367194317 -4.33070979579437 11.82945589392811
5.28634115167912 -3.6068636389213595 -12.97422746425806
0.17937676968369032 4.31750830069286 88.91292261897883
-3.5039520513337106 5.204090759992881 64.4369838072971
-5.576108649677474 -0.8412665500473298 -77.55286775417618
5.739131425562631 3.2977153636474648 77.93432565642972
4.878986015749804 3.97554971538619 46.00846045311958
-0.0035064979560419374 -5.263574666695463 14.547817812066366
3.372574020050979 -5.555567931525462 -96.71522053157842
6.348711833600372 1.5876222566769709 66.4944719316894
3.890976623090469 -5.391272694813181 57.96441448494473
-0.003407596435214988 3.0037712195105652 -79.49757326944786
-6.42448301104366 -2.212981610342576 13.984395738422725
5.521493685001453 -2.97581012269422 -66.62235183420081
-5.156330059898472 0.7831382508458202 53.13737756776552
-4.838646899612072 -4.570779011041316 -22.150358154515306
-3.221729556723474 -1.6378254264251444 -83.20514365441908
-2.330465056862939 5.854613711017162 -15.565248901115398
-2.137331452195266 -5.674412771298395 39.916826377669494
5.919441863148251 1.848280847068404 0.6469610429020102
-1.6081284207634057 3.8303200624789984 80.39426298408486
5.814333522972578 3.212071868176533 4.255754712250133
-3.3482020849605396 -0.9331846298509663 -61.502272335927145
-1.8649513855344486 -5.907827945381727 16.89875913255803
-6.687621547102626 -1.1157055465680563 37.83742484517225
6.133847191725496 -1.4421667135374712 39.683076037659696
-2.5353697169231753 4.622284147679988 20.235496374271847
-4.769734782010991 -5.066251884889681 -93.56315171080759
0.32364079245485483 -1.5007633352710013 -70.04682668129121
2.739763129342566 -5.548493217856701 54.63734082684459
3.5567012753435394 1.9383933291238848 -2.088551212030465
0.6647108142913785 4.11278746225564 9.081936235996999
1.3176908358467314 0.31675701304454096 72.2461929033255
-0.31171682460021316 6.75936956925986 94.2328647139647
1.7044425174054612 -6.433908901862764 -51.39882118388394
5.911629114739795 3.258867095361849 92.9188017749383
4.24617167171579 -4.8344850626584615 -62.17078378840409
-4.3942760049227365 -4.427169451132908 43.88786982802241
-4.191132153809975 5.092615422627827 -37.64043321148612
-4.56994792872605 4.906649594208545 -84.485673091976
3.828824045036153 -2.025236519804519 14.189144983906749
-4.063471442873252 -0.7127348802248052 0.5910820441869202
-6.196159452598217 2.3208258051534436 92.4547665674988
6.641052586689003 0.07230731566389503 -74.92021334989472
-6.121273521476668 1.8500821495295692 -77.79962818735973
-1.7894989313362646 6.113438065286239 50.09254950456478
-5.317828794256845 3.8496870765219255 31.460869824398934
6.005197876132112 -2.9964795219534754 52.75224097771238
6.023728217448039 -0.766023162323886 7.228859840878503
-6.5997623202096785 -0.13519111362899533 -26.69950183407001
4.992907833053682 4.492964940184993 12.06707418477361
-5.933117774872981 -0.46533925275030225 23.22082070049274
5.365073629379446 -3.8787918034538444 87.03539629570419
-1.4037928986765151 -2.928386043149901 47.15471845490537
4.147263041880502 3.127778376756921 27.399115041466573
-2.3200041239353855 -6.344985575309636 -66.04886580275317
-4.241208902356357 5.457545208495066 47.89843199716793
1.1625722262376006 6.684995537200098 -32.04039114992457
-1.301693169175218 -6.661749117896655 73.6467444953874
-6.1604633380909215 1.136263725574402 -51.52713481666779
6.0295254531764675 -2.2686478014488225 -34.99350155942959
-4.666833008698171 4.8888366337147104 57.01603294506362
-1.59502091722369 6.621564262733866 -80.0440489242584
-4.608183388708962 -4.378413573918261 -78.29946287516917
4.496736576856921 3.5958517746332053 -64.39042377980168
-4.9697954873287955 -3.630025030947521 51.4106504509463
4.381024192413259 4.837566233617966 18.603653555307964
-5.969867033299457 -2.0750976968355963 -62.85312144496304
-0.04973684499851258 3.666883317658358 -58.417813007362845
-3.4588414520357382 5.40836816148038 -94.3539097743807
3.632945923058917 4.746952422343178 90.79396138243666
-5.008509016875262 1.6257304604572478 13.454689378839467
3.21515072536268 4.600656632631107 39.49661247199567
-3.601409261804953 5.744386865890725 -3.678168494869824
1.6847738825527763 6.053605935999994 -99.36340465969988
5.61133598247602 2.34460578322581 -4.263402582028357
1.9338746370100286 0.6957524247796995 -62.60213009829395
1.0662415206896392 -6.443284232760135 3.2263778244416517
4.363013305330864 0.8880246183644617 11.905297036630209
-4.174847592696193 3.374825589184081 22.972474487357665
-5.489222361667199 -4.22887397371972 -57.85299977988874
-6.648797264376246 -0.8662923717449845 82.37230272707342
-4.979138965972121 4.499769243698918 39.38749067040551
1.759413564341297 6.338714225958633 42.535354377260596
6.612446130932471 -0.33866543642254004 63.581284075507966
0.11114765291539071 6.706503108603994 1.0732451412718076
-6.129745580951166 -1.1448293281677429 34.43555236819687
-2.8859599590215006 -2.1945704059578865 26.881808841614923
-0.871198862429627 0.6300455642914238 49.291979983552636
-2.4269863269241885 -5.699802892170014 79.86803663638591
4.390548572017357 -1.2366880997864358 -25.535980646438226
1.8176321306718835 1.2295567857933072 -51.35650039055399
4.78909779185786 -3.420608502175875 -9.092338229332427
-4.350026064802337 -4.780547024961156 -63.62371201453968
-1.9067790068621617 -5.541990136815276 -94.56280205976213
0.7918273010473509 -6.774511986586823 -96.20937775263042
-1.526203938675514 -3.101100927022054 38.22433715685017
-0.6203860948009678 -0.3316318694330216 -17.782408472269054
-4.530974693106715 -4.800203719274552 -7.27446612428573
-5.682827432340864 3.4505852400173485 -27.81106900207378
6.059360624217701 -3.08436068916687 58.16288647824557
2.4833555888601095 4.076689208552496 -41.30274315035839
-6.249385108405016 -0.1452670988797764 59.87707973578087
3.889049256300737 -5.367099136807858 -79.74938660737274
-4.529605570300005 4.476151668041782 83.3384349340968
-0.6338245677499065 6.604882935236505 82.40791978962504
-3.4020172460474196 2.643408116658057 90.18262902672356
-5.747075956996495 -3.6515363885749297 69.93739753028702
-6.478499760539925 -1.394167327089924 -33.18281202023093
4.431345968913193 4.652945732238872 -59.461302616683646
2.385608908378174 6.351039902502105 60.63818583855586
2.8968827303333184 6.04151715493157 -26.23098804502117
-2.3396183427469572 -6.392944679200056 55.21430954026616
1.2513208378807783 -6.569204537736036 -67.23188733107224
4.96790421555621 4.1975765460824235 42.86049282514838
-6.615461414854181 -1.2512840612893523 -70.86237491160243
1.485843943235316 6.540014740122161 34.82237118674695
-6.206976144959712 -1.8391903768056117 67.16540172787937
4.008457101257112 5.543392241280429 75.37963926497272
1.0042308945658132 6.096393362363416 46.307142138505654
-6.2238332473431885 0.3610679202701591 -88.05543474074928
-0.4820195834296595 6.2236854091667855 -75.21157663846661
0.1907797206366783 -4.842186394261507 -82.89855608811695
0.872181563332296 -3.9357196477946004 -90.17104389923084
-6.49103897930491 1.9666045266738217 18.63208514034159
2.6558285146429252 -2.798891183391865 57.779506209154434
2.149783083459388 6.246042655950064 6.29991870441204
-6.341548416152212 -1.6300270900801996 -84.75122434908359
-4.313979489731789 4.750221946664543 -79.53133274114859
-0.36152894492500315 -0.6859115468466456 64.30876937629019
-1.5291073707868057 2.6226116636954733 55.42006187132109
6.639266314699637 0.729548520408166 15.950093924779196
-1.740407451158449 -6.6097067021821925 68.16813032160717
2.4929139879503297 2.045543281288031 -59.96670098814504
-1.8946600667480915 -1.1811468750166845 51.53178293307867
-4.593166764580014 -2.403960091268611 -2.849976777348165
-5.820964214278824 2.7628896172586765 46.03295161176582
-0.34283545949818905 3.9302150226685297 26.40610248491912
0.20970249092031046 -0.25095204792193226 -92.87584848591024
-4.5795117369333775 -3.963556722662329 -81.24189604047473
-3.1577454199018207 -5.178597474038073 85.87908283911045
6.252004779789126 2.3058508308366537 95.62596165690076
3.2640398526740273 5.702720803794191 9.80582432931118
1.9538270146701482 6.056225930332039 80.60999331816544
6.361440218499113 0.2934030413646107 58.491148789582034
6.32318189784844 -1.2759556723732077 88.3699667064833
3.6923501911623946 -5.370142092492036 5.033983527484639
-1.03187712660183 -4.6274227958007685 51.41317175909438
1.8080986728198143 -1.1084931916027303 -29.116651906510132
2.2605853498821116 5.361497193831869 -44.059686019772926
-5.49853548829845 -3.56266068301355 -18.6358496122272
3.3243557092465714 4.4995024466040645 94.98083239255908
0.7564531975890584 -6.738158604557547 -39.48938217333234
-2.295196967720618 2.4774327936096094 9.13457416398625
-1.372591140004213 6.231369340897383 -41.617053947284155
0.7674000439979713 6.729196924496658 66.76348377165972
-2.564232207854577 -6.323081140459683 62.10431403325864
-6.147473136797198 -1.831790568623858 -66.36257034048485
3.571894581904213 1.284509294728781 93.48922638918376
-6.681870886806368 -0.8142307628133011 -29.973185347130126
-6.44758081420829 -1.5394687278901888 -81.43951593450728
-1.9776573763078231 -6.186689135179019 58.19550166762764
-1.3066520169985847 -6.363080710156125 -91.23009724478928
-5.354295894955382 3.9567376437169357 34.55800939443601
-2.776200747271724 -3.459016234205845 53.73830019224638
5.291972737335901 -1.0938912105586105 68.20274961562471
2.4327610816591836 -0.6676278896394685 -74.57863378790093
-0.8921491816727855 -1.5558053466504633 87.1333812993325
5.420399531197195 3.885086207280853 -17.049480638921267
-0.5250215673218109 -6.771224002856922 -63.959495740257765
-2.973266284044104 2.4823819016102737 -29.73804775594287
-1.9473735531157197 6.269005483729624 -8.736183280354698
-3.7370149944201296 4.6205777046465 -22.12065876527654
5.96208050836017 3.6972425179609774 88.91378426301142
2.1783611912296927 -6.18944730349133 12.696056472140205
-5.890119661361226 -3.6697757190530718 -43.67488683200757
3.082970251664209 5.103261628645491 -78.53556716977872
4.751399440395581 -4.757402376042047 1.7311825428620322
3.2799524594180016 -5.619049828831376 85.3935216851303
-6.4239257303690716 -0.380518885180596 63.87845637694076
0.6717211341786368 -6.507190161310532 87.99770094943213
5.657260229288798 -3.7523795501278028 -18.257875204019907
-2.163460039912591 -4.750905956112342 -48.91062499630879
-3.925786764727966 -5.481562934165582 -84.56869697497606
3.6319637552765913 -0.010021036482106255 65.14224077613518
3.714249400247073 1.0753257403478935 99.9315550798242
-6.321789827472535 -1.9732967925870746 -11.630944167381976
-0.10733026931468914 -0.7047465227850966 -89.03911979961889
-4.829582445756204 -5.05887542859887 -73.40607266656313
-5.3717737871082 -3.535285684933246 63.93616744547227
6.638378833464292 0.8146278061483228 -23.052734084554427
-6.716107493887937 0.562136309454748 97.02035901974168
0.039153392386122254 -6.540851313514087 -70.79186558161598
-5.299523790935893 -3.0550228235278545 80.6972553887898
-2.259041892671022 6.339262215714073 3.515010019493474
5.596988989730727 -3.2089281762081665 -95.45792648933323
-2.6156483046820926 4.6144716326288115 54.04411331693338
2.724224794134981 -1.9350566570793075 8.378348642580905
-0.7574911912685038 2.4593856881898843 66.1024901484551
-2.4515191842212363 0.8648948338372957 87.39337147553498
1.6150234406247332 -3.876681838901287 92.6646918691334
6.36523031755779 0.4238866452018728 -45.61165730398583
6.132715151898356 -2.7134515338185725 73.73299205925794
5.289197102752749 3.829280581760351 99.66522033913252
3.2215418677197993 -2.435503438561812 54.78538060535859
-6.183960694527992 0.710865951868892 -13.3412577168427
-4.464227727385649 3.491736813580394 -34.69589637478313
2.6321218276176745 -1.7854135490560603 -38.127795989356244
-3.6913503837198416 4.6674656284459015 96.20825953155938
6.332349439516098 -1.0484075400839015 92.37172518940126
-3.273506987003274 -5.587015408227045 -4.683242694449959
5.221811730600079 -4.305189743019392 31.97512177156829
-1.2283213437999032 3.1194958060396734 5.766395235094708
1.0579078840850027 -3.3005591503797254 21.712080624198993
-3.0192422444461755 -0.1745358988443725 68.64492746731325
4.698494844183569 0.09630400871017697 96.29235419981521
-4.090554275557699 -5.243241326888624 10.760530143084553
6.72327734154971 0.9385249932657849 75.67866464888353
5.671394419110855 3.123493624343265 -42.534589786039334
-1.1030394414952356 -1.511275107923303 -27.56835830291683
-2.0935339542918854 3.510762463570647 13.427712936149158
-5.200916577585688 -4.158583375578152 -28.71035261041014
3.1845024046027306 -6.008287674714454 -83.16927928943119
-2.233732548741962 -1.3922020351453765 -86.44294510044512
-1.1247857459730286 6.580478183514884 8.460076597301883
2.88359003951742 2.3983736693375692 70.11393123370627
5.200012919768087 -2.0207588121435345 35.78155465805778
-6.514105716249559 0.9486118154814309 75.30856856307257
-3.4866523792505557 -5.657623336750441 65.62994788902176
3.0817853087977727 -5.798048722675105 -93.77467808915203
4.220726904405348 -4.190325140636998 -43.40828307342469
-0.2837099017755931 -2.818170773143274 -13.388861257183502
2.777008131883642 5.875086757165521 -8.264121222118211
-0.9892144639593288 -6.245838954918626 -9.046692839376842
4.309369125657091 -0.9500379299006554 75.69423583274747
2.986893021098279 -5.800986943410241 -16.8659631941548
1.6749727480741101 6.496470494737876 -57.92326719496658
3.235211538184966 -6.0319245570716875 30.19904487045049
1.7089540713851483 2.1155892263898646 -82.31568350266633
-5.80694350493925 -2.855036079040734 75.30257688310391
-1.5006177269717473 -6.639396880973738 96.17556182732436
3.8542556095749934 2.0351689353860074 -57.18942857278679
-3.04443080678806 4.861866286770752 -76.07204087682273
1.2166346728462307 2.2798093265522064 -28.150672512743633
4.39140395914002 3.204000659431399 73.55354497414638
4.327719626959637 -4.5396848563226175 -88.94665408525849
-2.0473177318708293 -5.603406545441825 -58.07417164239928
3.3264822259869007 -5.485192580592881 64.07165140369307
4.17067005451109 -5.133800086402458 -55.854810137505474
-0.7683551707995586 -2.0808314428850525 71.99218909571493
-3.9305762866150697 -5.3692539150087315 -60.77144832684236
-4.543433641191099 -4.637530850606227 38.31727688255634
-1.9005503667671728 -6.301643613367909 -54.82413634840927
-6.110078190431285 2.0325713424299168 -46.63919988734179
-1.0248899824147055 -6.6452048621776285 34.4392501789122
4.469759795668924 -4.9513001145662745 48.24896074132415
-0.7905578100601358 1.7187079839163646 20.260265763691624
5.4901349883373305 -3.3789457895102784 -91.38990615992836
2.0006107965134516 5.633812861725749 -1.176910750714383
3.457928960445254 -5.044814116321872 81.73079465914955
0.21399988590941108 -6.415990948379556 64.92914138902847
6.580877359668318 -0.44326973642498674 -69.18153703895887
2.2370649363336335 -2.60935668227795 45.99537764578552
0.4749944438081037 -6.38945549909374 6.069698114607539
6.4565363511034715 -2.142184315363676 10.105206547297868
5.895419447915236 -1.1594325108556411 0.7043782534014049
-0.12709738109465374 6.1923974171205485 -62.6547201589007
-5.757751757745179 2.3461593695879754 10.368918235582566
-2.089004346435858 5.911507910049698 76.27530111114183
-0.6052479363187633 6.350228762685461 69.63939283035137
2.849762066274068 -5.968458279256095 -99.58469897453158
5.60345426798816 3.4763466820676268 -27.668039669624815
4.3662679927490124 -1.4545056385256752 -52.02608838975013
2.9300528850361136 1.063194282654633 -23.93154999672739
-1.9871756910329879 -1.0486695653028189 -34.657697060672405
2.678698462851378 -6.243261367832365 -19.649646378617433
-5.178130359158264 -4.0527581356052 17.91235586929277
1.209057162802815 -5.937372345166815 0.2752694255646678
-0.5778122757971171 5.995866398415471 72.6635510979724
2.8276422208655543 -2.8655076002688356 -96.82416289723017
-2.485287240553929 -4.611856891041718 88.85943355682807
0.374570805933385 -1.9865648377431238 -50.49388180406383
-0.46323513607324807 1.3180306080529456 -56.146139805846886
6.364570690785418 1.5247001180270747 85.49848406216894
-4.612513844618947 3.9740317922349315 51.52545165753064
-3.3148131706352384 0.1089031400814594 99.49728391321844
-3.328614390193909 5.764551426532607 -66.95165483525558
4.703510703501155 -0.6238477917469907 -2.964071076858052
-1.2831979430371814 2.974382792669604 47.06462486650532
0.2852605710724296 0.2525146188494538 -21.123666970102143
3.984901857122233 -4.6020738565311925 8.166665752925686
3.3338147870851866 -1.169676029368461 -93.1765375078771
-6.335281072725155 1.4776910619766515 -58.326530012319886
6.475360810713945 1.1699647495155936 90.41705156680163
5.127354098124182 3.6633512897105946 -24.823706366447315
-6.678373562660879 0.9147368896759271 50.45582426479385
6.459281699999677 -0.2692180508244896 50.04511526951108
-6.624212581505419 0.8999752613764382 30.370910493153474
4.3130754548450865 -4.868146388474884 -70.62818989231104
0.33704808972571776 6.112852136359309 -70.66200968438717
1.7506617181430606 -4.795910197882145 -11.851412735061501
0.03255246601583736 6.710762493949026 -94.28954262075338
-2.2894208054375644 2.7290096840459457 -66.54377114171625
-6.527043205755844 -0.5215422763751305 -36.512589817410046
5.094619549111338 -3.7596365229249096 61.88841657922082
-0.8311086161686212 3.0238167374211864 -35.03827335314184
-5.949067931005609 2.6487535742202475 60.14554153510921
-0.8682976965326108 -6.303267097654304 -17.051864431120983
-6.2365825806104676 -2.5923724988780545 9.894488121601189
-4.161391493635325 -1.276146328826183 -38.488550082396934
-3.2342875887087548 -4.107608607799375 14.758838713031002
-5.071893894594318 4.2488203067055705 18.889364827235447
1.248281019188315 4.220057108111334 3.5428694130635883
-6.216003328500847 -1.9051729010438772 -90.04052713550047
6.399190475955115 -0.40911120169294746 -80.51552040231032
6.079229467774406 1.295126730555126 22.83261471917505
-0.9922340692730386 -6.38611925239147 99.80684819893723
-6.409044919914174 -1.6913211337480196 99.32756868882218
-2.8973988438904565 -1.6250927575377738 -8.955218407243526
-1.3410426320405895 6.44712393591011 -12.260900727986625
-6.477368974682325 1.9092778026735453 -98.17012526808396
4.941068465914147 4.283376222634217 80.39622832862094
-6.3858373699642685 1.3560001386897798 -39.544025201674486
0.12347087765124354 0.06919027215616934 -37.38522231523171
-6.025784832141373 2.1251474117883613 -85.27409216790383
-3.927657053045891 5.405845861940385 8.609201200073345
6.497879751538305 -0.2720846733287067 26.384636042910355
-5.272815798637901 2.5482738886070524 0.7090008761411302
-4.203673763763535 4.6997615104424435 86.5932318035301
-0.2853577603903946 6.765909216115725 11.643596229405974
-2.9508770897996017 -5.942401871437024 27.328427945186405
0.8109889948867349 -6.69346633687525 -3.962401151119992
-3.906620201776332 -4.678328175001269 30.86024127114837
-1.096438070768685 -5.012691205854055 -31.310284108267005
-3.923966618163666 -1.2273867616496614 -55.76788048924299
-5.874037766778646 -2.76659307553207 -46.577866786494845
3.142633034150735 1.2421003527415495 -35.8775121197278
-1.675876849984759 -5.807257234433938 46.305711827778154
5.2446114520217 -3.264027624578563 44.29838244656763
-2.79480931195597 -2.3484830664734146 -51.203465846179554
-5.897854273150888 2.5129386482879985 27.376612358727602
0.32613539545686343 -0.8386116423542973 54.45204917274792
-1.7412980029125837 -6.399696059894605 3.442115541865493
-2.055696891643939 -6.305835232833407 -21.208377220658566
3.710618700808668 5.572534334628796 84.07134089453858
-0.8702760325956375 6.388933015176455 60.77541992880523
-5.968350600484802 2.8102647624695587 78.25776158882519
-5.586686168027362 1.6845377208142722 85.81852075759626
-4.429692596585971 4.945586255802978 80.40740092204068
-0.8870403647222421 -6.24347536307711 -60.75366551970994
5.7053357630714565 -0.6891639454682361 -37.496495060435684
0.33655897080049135 6.513565184910705 -53.17022536563665
-6.597244412522533 -0.21583115812426368 90.17899792423069
0.23729159310878994 -4.785191960498871 77.7021497902192
-3.628184896655572 -4.7882033669039235 91.9116796030077
-4.415070768255329 4.625889101066185 -32.05902577891683
-2.1603245434014458 -6.103810408471405 8.684835023221932
2.9824090869355295 -2.2596186547069115 2.5813103123266545
1.6694972054968475 6.2046732013722075 86.66807274050348
2.793991609982157 6.037085605698394 -89.1941533354964
-3.698152150132252 -3.0017714219777805 -70.59180793136821
0.18698934132533496 -0.08295020905120859 -85.47280696483253
-1.0902151060777552 -3.1446496734631166 83.64656931500889
-0.010563800390889123 -6.070064148083859 92.37325442475066
-4.91090406582603 0.8434173037190673 -82.4535452210609
6.331002003623223 -1.9597718042565022 -28.753491375233743
2.922222251221101 0.9915216861864647 -47.401210442674596
-6.225047905156186 -1.4501146875870257 -97.54393078507692
3.1347811343034877 -5.90228150709017 -64.66247576559938
-5.298677637793906 -4.18832717691469 -35.587396677929185
4.512569075043251 2.710930691402787 -31.901848869476463
-4.929332357751225 1.3745330338418258 56.987898399491
-5.69992670218592 2.2322080232593917 -1.9874159807345275
6.643242729366589 1.3764940771017855 -19.405253414988206
-0.16603295163563897 6.542435287181076 -25.512429944932958
-4.1918314505440435 -4.952133710479362 -98.48541020176613
-0.6456700554705428 1.0104086969588928 -1.8767627767020558
1.4984836433342674 1.816067184266291 41.81171386842499
-0.1415726169250407 6.098462701956113 -48.66487052485282
-6.351141366633248 1.7654380506679168 69.95591351875248
-3.3669303040216203 -5.835233885663545 49.29404605040556
-2.6000662942021364 6.269594027303659 58.157179591652955
2.7302013684945123 5.635173250729381 -86.48753634800416
-2.896683065838853 -2.003429577776567 -92.53737127764305
-5.445784333741344 3.958240621070242 -89.42933529879916
-1.6365106664053624 6.270397485367406 -57.101349789850005
4.111888556373877 4.697730245069485 21.98865528711207
4.502905989631347 2.720990668470307 -95.5108548745638
0.2582821106938669 0.017456562037073076 90.83715647456738
-3.6547330936622964 -2.276839586537455 -74.16276397176922
5.844149678212641 -3.1540297126563765 5.281527635737767
3.0821640323952657 -5.987349127216428 45.50074403530619
4.6196641554797235 4.732892406284216 -48.6944911900752
-3.96446069055952 -5.316667662751077 75.77972459922323
1.0630293181134853 -3.3685516379142735 4.837963639013336
4.2205364787642035 -4.500458197345311 -34.27210745582914
4.92449131762298 4.084836947430302 -39.917772451146185
4.281424824305305 2.791308444337634 -20.583243114334334
6.584086059345931 -0.25176981321403746 -56.19091055585293
-6.286071250916279 -2.0201563918042713 20.84609959281254
-1.5566404615110996 5.333449065660019 33.39504021571579
0.9604675304157078 -0.18170688988542713 26.5295409838676
3.1364842449755503 -1.1986918614647668 5.4952189562173315
-2.5950360003992055 6.253036356173239 -60.652739706379215
4.58097721444909 -4.583366952220238 68.82201360742977
-6.727466436672167 1.3500174588401295 -5.543972549294102
2.4808560059330276 -5.424220285314036 -48.685975297966856
-6.6592368487388764 0.7911095074387111 15.876873658855043
-2.869011901805202 -5.507126166923568 -44.5517712552133
-1.2240988742692833 3.1071339035691445 41.024287451083936
0.3675572885532959 -6.787488602365668 52.85019433709086
-5.3508496046429785 -3.562027956478474 24.62227625714831
5.132589865854 4.402899990501152 67.9882859478002
-0.23721134897869942 -4.431654062414158 -86.18971568005247
-1.509454979641215 -3.0617582295560384 7.244697639677993
0.7254210798027074 -3.8994228813985297 40.41710441843815
0.1863420646004319 -6.776886663023647 49.67884952273141
-6.172898139188657 -1.9543441413569336 -51.36401313967016
5.634644370184555 3.7185691501015627 15.26785205424839
-6.626801357764864 -0.4891439607752271 43.636940022867385
