-3.763966943796248 0.25063462094720723 -27.65364539011057
0.9107399414363488 2.392427902688411 -86.95567258151081
-4.487111404108963 -3.921169393105466 98.03036936840759
0.2545303787306339 5.02030542889745 -4.042813344596512
1.7570981799890193 -4.803388717649203 25.608862666000356
6.257081237196665 1.5517803054192085 48.89691284793508
4.059225373485817 -6.474509388034324 50.483270246510855
0.8828490468282104 -4.416656913298433 -93.70672219494939
6.751905082864679 -0.3171380593577043 44.470924794795756
6.721878809118216 3.4399150575450204 84.85318436485095
-4.17558534648226 4.677622767538596 -11.753932455991848
-2.5363674954972337 3.151740530738347 -37.97942174944808
2.7272360915632117 -3.5718579284764473 -28.473589209099252
0.829408337402955 0.261841402237106 78.77028427363423
5.014339404661916 5.141188548246232 70.40493370971899
-3.5295740332422936 6.9377443710371445 92.30120374201488
7.078617009996414 0.2946936556662748 41.436642532315844
-5.239426871290932 3.9544144349121537 13.693744734737145
-4.621321291618543 -7.738775143004611 72.04532793294007
6.513554963652904 -1.4227610874576178 -70.53205865732185
-4.153990853337355 4.879852768956474 73.74583715620582
-7.869532431371075 2.442615234744788 -94.67866893638599
4.139037947829716 -1.7464196988523686 77.97166625399392
7.645054925129746 0.8967298578429929 -99.42651200610062
-3.8426287912999495 -6.721145612352686 19.67006727873303
-0.33941542483879494 0.5577362226968674 -72.09923388156169
-1.5436392836556716 6.569355307697464 79.66864566189946
-3.574261084942444 0.2986946732072806 3.661491726551367
4.286671219819721 2.354701716763357 10.108366942073507
2.14567778189791 7.397181518827967 0.9200696686343344
-1.1295042225796093 3.729775538137334 -53.9673069791446
0.6169186456760527 0.7772674805549389 -99.11044022158066
-2.1265330992334848 5.325159343830087 -91.98437701451759
3.043757775912003 1.762664621988085 -89.05733466356976
0.24695676542890582 0.3797454017899866 34.12660135220101
-2.8063527461420117 5.440758433885194 45.946834601497926
2.362372973323694 5.480370387413471 -55.603004222002205
-1.1162140241191207 0.8844179961721029 -32.669865352205704
-5.245181145682088 -1.1478105660750266 -24.158343225028062
2.0862335143608646 -5.070465541813575 -24.30546660522159
0.30885773917443105 6.702748590940215 -35.839364362312295
-4.24043035640853 4.2879015477053635 -51.420189016863674
-4.923808027994131 -1.3691546114620332 39.24967968494353
-7.486684724587939 -3.4385705422037165 -31.657552470762354
2.469853067656425 -2.1578244922350884 75.46684573835464
-5.4342777992663045 -3.5097047996871202 29.39983435491803
6.054002551312592 2.0937374741740613 -54.18989623126838
-6.418248751638324 1.167898284774525 -55.67984671135323
6.898646271460913 2.367778382940889 -61.04512250857024
-3.457682419721467 5.227309039028276 26.903233764494487
5.144459885731369 -4.273739022958582 -74.86386890928924
-3.9569414358104438 5.434609967012693 -45.73051588726502
-5.2756211726912605 -2.243165007080266 -16.020393610172814
-2.8033039901199897 5.857301867260274 -69.75784619745619
-0.6506823636289555 7.523926652999583 85.31552427021548
-5.821744059324972 2.745869211898534 65.84084225733116
2.1966255024634855 2.503612978482647 -41.06020675823297
-2.868289479814109 -6.168837033976638 -88.23002077821404
1.3580180993399062 -4.06796052416266 63.753578375858375
3.5079001679982165 6.22173482562047 78.22137758177786
6.339276313046587 -0.13745706382776868 -96.37789926068884
1.7856673591015233 -6.226483172858284 -40.916619027984645
0.28326518861690153 -3.0790926792412683 -19.48430629497584
5.970215215635896 1.7594077586717511 -30.37247508835213
-4.305026756821727 4.488111152421887 -5.134868311625055
6.149682751801686 -1.5287667531594706 -59.911334653329824
1.030926783819326 5.538903035176167 -65.24829979459464
1.9092294374251528 4.719760178703765 -92.98223366150044
-0.7572530504294548 6.233603973086582 -85.89126267772888
-5.086812772650775 -3.9793328906823064 5.2113624721914045
-4.050504722402593 -4.1357365197814335 57.023981402085035
1.2428565265004263 -6.4033947028635145 -36.428243678218465
-2.8422109151192583 3.5013751728194094 18.927354525051832
-2.9424786949612933 -5.981102233629118 -33.442976160406594
-6.51176062067574 1.6483415923400715 41.856542863050734
-1.0156163271917245 -2.094908945613751 -61.91283890013231
-5.94455003081222 3.0906327021129374 53.65318983294177
-2.5207977600755287 6.358764217635707 24.61473323401293
-2.95662567286691 -2.9130913981078295 -2.6751198589387406
4.463684498265881 -0.01829849190721 42.56721975692692
1.8714533176413861 -4.629278705680336 8.276939693144955
2.559189602732695 -5.835751402004053 -15.157856954442009
-0.3848226584718455 6.974707772035608 91.03259849544236
-3.4781929679054713 5.21653490039567 61.63710041294757
-6.488604051001812 -0.22141396236263 -77.36821524520509
5.7304975220571475 2.7158343277384778 76.1071894956295
5.107227014408354 3.438740665970676 45.8438696505299
2.03008936479106 -5.166787116302118 16.757249028517183
2.749527791135032 -5.924703819028165 -96.43376990595203
6.253014460509089 2.4940503057886216 66.88324533503508
2.554217560700441 -5.4453606244840085 57.817189652974676
0.3291552256183952 2.962133095585876 -78.77153694537641
-6.5917486364744615 -2.465169451951902 14.882926593871524
6.261637311937787 -3.273605020761503 -65.21134192743959
-6.202185456082884 1.2061711487619997 50.63430415505628
-3.2155977905340825 -4.876205842787211 -22.547369855652363
-1.9352206615876963 -4.543193281633599 -83.63147892635347
0.4341365474497191 5.755154078085659 -18.807259681374255
4.594268667291265 -6.552363454729819 38.12581648487294
5.785952695245968 2.603093359896331 2.4248007266462777
-3.145233310896841 3.9559574375974598 83.42475458606935
6.700008189514342 4.2831532839864295 3.7525919957278666
-0.6766535273160097 3.423076517298609 -62.88317834542964
-2.6105841963275367 -5.113313251689334 17.869327569141863
-6.554185125355766 -2.5701478004109446 37.75476751846903
6.53702716545757 -1.7944143299824857 40.51140475565364
-0.5114223205075507 6.3351662063446605 17.995273479282243
-4.694370540485056 -5.528314544492433 -95.29592516188673
1.1245735472146183 -1.8843267791454088 -64.98173315157867
1.7851005687111634 -6.115562525910631 53.53206190276592
-0.35149154449994663 1.0395008283491598 -4.17601752377938
1.615755940701506 3.8076244894783633 10.267257856788687
-0.11671418397985439 3.6158269455700616 72.72390020343968
-1.2827764458340971 5.864349505821274 93.55216929859233
0.8646338757523944 -5.8487967182492895 -53.442445302198145
5.900286216675145 3.155396575994289 92.71127819362799
5.846123712371894 -4.283402848505214 -63.33914574787135
-4.125597421285934 -4.837788055180198 43.223220751615365
-3.336542166325476 6.3239119412299125 -37.58408727851332
-0.6873657157195132 3.4814890918317714 -83.86820058614096
3.4350913041561584 -2.4648929946837095 15.166451780099099
-5.89649884327106 -1.3238961019068634 -5.986150163286981
-5.6750816406043505 3.4346671182616 91.90310549325156
2.587503763866933 -0.6095825322336915 -73.3421665709228
-5.682804635790447 3.718992203975537 -76.9324989173913
-0.8398609303524509 6.449356523152822 51.81096453933605
-5.108349254672555 3.9486875616723958 30.72540555739684
5.985974228938461 -2.830978381543416 52.62545639018346
7.2562080210408935 1.667897944130747 6.599926068739503
-6.455225847934118 0.2354721928858134 -26.59392633206183
4.013295237831085 5.019578835450929 13.557895878972461
-6.269592963425061 2.9510706488307346 25.93061143035573
3.504490381517433 -5.446964700117482 87.13425080165693
-4.650492191676522 -2.503008765274017 44.87807536861023
0.09690184250454231 -0.7147095239402507 28.26681654418463
-2.106354992371329 -5.349917270882193 -65.76312814260221
-6.053599840611115 5.848731661065652 48.2708433287431
1.131875274396437 4.97191989157764 -30.596869096548243
-1.3410495044407096 -6.144397568017539 74.27945534687665
-5.260857072690522 1.7700884370563086 -50.71087697965706
5.172752177567681 -2.9224835050993963 -33.090790086766454
-3.38148235678357 3.713673436354141 56.55246067471651
-2.759259140283324 5.991757127517648 -77.64783069000093
-4.554341966065373 -2.8865790350870726 -76.53780200982216
4.349671483142124 4.704724796165325 -63.96908724696397
-4.552085528200828 -1.1799496471761057 49.32867798069771
6.087215017922216 3.63539595387196 18.673517843823625
-6.813582172420197 -1.0934929412654326 -60.07404017255255
-1.332074232712177 1.888879870803017 -59.977002958181956
-4.840338469874077 5.715635336935673 -94.02665521018703
4.52482448805172 5.056150779088771 90.38196739617803
-4.088413019483744 -0.9742754228243702 14.54052501653908
2.29819569270816 6.2665244575829195 38.168225408146924
-3.158643427792019 6.218546140475169 -3.5012462473010397
-0.748418665874242 6.257230399991238 99.62229301332908
5.265623224226552 3.829750268971229 -4.290749110643049
1.4169175876778901 0.527761498079884 -62.795341318763526
1.0422643112296381 -8.295396404508942 4.130521365402376
3.268963008130123 -1.553306858853846 11.656825468869403
-4.664185394756701 4.470319644530483 25.32748919156389
-7.836959921838164 -2.4512151385503502 -52.755658379338854
-7.496070481640917 0.74260370799839 85.2119123380927
-4.6625306193860245 3.5098095834196386 38.75135033155153
0.6354064468586659 6.330306988501644 43.150305014040136
4.268800880970278 -1.9067713776657638 62.190795900108434
-1.042647359108897 6.1762786661173035 -0.7856897760917961
-6.3873858203872205 -0.9428304398782319 35.23711269135092
-2.3159635367733866 -1.3837607564354841 31.7348500201282
-3.9320461838035627 -0.5910714527332449 53.756960176097444
-3.126591289176586 -3.3697478860589998 78.83864778314472
3.604007573769233 -2.4080061552830885 -24.22101391485248
0.47882166108933477 1.2286284782625772 -54.61604856710768
3.773677127295011 -6.902309730803668 -8.593844345230632
-4.786077845138428 -4.605483380947823 -64.83237990172049
-1.6394683862752055 -6.620588186696686 -95.02973849103034
0.9643813727838514 -7.67979384370683 -95.37397963222355
-2.277124280518986 -2.2705486747295955 37.87286405686311
-4.870149696279406 -2.7226909525806393 -21.191590982223055
-5.617971180279556 -4.458714754724216 -4.333378889953495
-5.674482219312607 2.9529103582106035 -30.152576049423285
6.607937583052062 -2.26531562655244 57.78899471411142
-0.7281555854784265 6.855059043093463 -38.98243695687589
-6.450617261171744 -2.734510687022961 59.34729993374193
3.85469065205451 -4.351811139274128 -80.22534142485466
-5.213492961088384 5.459629430145307 81.70276303758725
-1.1383179921103301 6.085182066824394 83.09924113330423
-3.4033616920572034 2.589106238057765 90.46221749734002
-6.347565721952969 -3.1895015684830867 70.0002841914332
-7.054368895119908 -1.3605765363100293 -32.063798908892124
4.080720239422419 7.3451396340265465 -65.52251708619461
3.172556077925192 3.8082903708718168 62.37918607037646
2.190618142509969 6.13531142444885 -27.671523677312777
-1.8221022943476588 -6.559984299933885 54.9110391371367
0.9145474767598103 -6.507894018763851 -67.09388047736208
3.2306232387490423 2.8165079986281203 41.22959145943072
-4.311519701254249 -0.061937727774259876 -71.62640597939257
-0.21765069891604516 5.268291660181756 35.90524457254303
-7.145674440946111 -2.662204293919994 66.84527991047402
3.8653045104036 6.5763758676031445 74.7637719451473
2.5822352763184186 5.809711120236142 46.47276585160253
-2.4999480768050586 -1.5738062156271282 -87.05948843734356
0.24754641793809762 6.585657294061897 -76.96914299743021
0.7924421417165018 -3.2984084144417882 -83.1632153682853
1.4121312030819282 -6.228625355124519 -90.23767700990807
-6.66852634434669 1.1177601848594239 18.264249136082658
1.9571358909327194 -2.0468986537438445 59.62616939708434
3.128277758240376 6.289910337214666 6.747414271987282
-6.259941995872062 -2.494650209592608 -85.11068124146578
-5.51730517993342 6.440980009195421 -82.12299511380151
-0.4293381734812267 -4.113801655329138 66.37841871509535
2.0405888313268044 3.2787473562582594 53.47025903041193
6.388241216978669 0.5574011947756318 20.503154243811526
-1.1295407302013336 -6.504562574229628 67.7792373146608
0.5855166155875959 3.684435770288716 -58.70061091703175
0.24004196255901866 -3.1394533641104347 48.19663403168147
-6.851016008019038 -2.8502225030177444 -2.398581873522049
-6.702577346049022 0.2616930587506101 47.143689000588786
-2.906406913262769 3.693162812598207 23.988873285658116
-3.349620610781616 -0.28793172474195683 -96.810997255751
-4.19347907491274 -1.0711478779329535 -82.2011736335249
-3.481191682368309 -6.450010784818724 86.8245246139559
4.612478935284035 4.740708654702833 96.89622887238686
2.4125446073589893 6.998769625016673 8.604735355438335
1.4466140160937655 5.869068811016384 80.7088459716701
8.180463745091066 -0.20759488372290935 54.855007155917825
6.175585543317629 -1.8668042015159991 88.57657927185797
5.535356304658741 -2.793142949992512 5.163875516848174
3.3657056537292553 -8.173592379905152 50.038468465304234
-1.025388918694825 -3.832966758920122 -29.0796604896209
1.8972184762213709 4.661625292398546 -43.37941852201439
-4.491450213752835 -4.297252500287724 -18.268707593174714
4.352818568835713 5.12069468523069 94.09112931365586
-1.6140565154301216 -6.539692650954414 -38.96730265592905
-2.2509260203087993 1.6707799722414736 9.518833635562835
-3.219023267972181 5.425445418755827 -42.5553848322478
0.7591633630848789 6.587800768224848 61.57856151656195
-3.484415070227117 -5.294648517870546 60.164485595258135
-2.204439973890868 0.4750525447918443 -63.188179545588156
0.8085872245262075 -0.4136065980490417 95.15618765243258
-8.028655197240159 0.5555364450736706 -31.202652161703483
-7.542738150213304 0.47188763006359363 -82.12443429840384
0.8936385964492046 -4.579910762180782 60.081903194032996
-1.2271749809943844 -5.9161314290508455 -92.2567428741457
-2.2259186957835864 3.0521906761684034 34.180559083111454
-2.2008638356784207 -4.620112710472498 52.299911402093684
6.703971139776893 -1.479114263491567 66.96633981938626
0.6715445346805947 -4.41139407040491 -69.01520028927912
-0.5044034064271177 3.7116050710019275 85.01205557841072
6.664680868963224 2.112546476130002 -16.01072821583519
0.1899178941306 -6.680033170197374 -63.71754212449418
0.7008106389000197 -1.124700710569686 -29.52361216688666
-1.556455533577121 6.464535222189248 -9.097562106012601
-0.43012659599868197 1.3898951842381733 -18.974994444306102
7.410220669138239 5.0506046986621405 86.5274808626585
2.5540716455828893 -5.95632250458478 13.280050016005887
-3.5494552176164627 -2.9171248781531656 -44.75699450769884
2.125605699247215 5.752541068614984 -79.61685712654455
4.576953205056538 -3.9230277848263366 2.7295480699101184
3.466185361149764 -5.420121717101393 83.9005734359431
-6.068280692987623 -0.9217807249260273 65.03290085584676
1.3861930956725985 -6.1188463627246765 89.75949090810717
6.4834533588141445 -3.4767800065029295 -18.05296871554284
-2.2748237061516576 -5.879378849956153 -50.42948048492547
-5.241491484587044 -4.697837327210187 -84.94471390274578
-0.3939542876719206 2.2423328122290513 63.285830277015386
6.230706612354493 3.59608286056287 99.95888290321636
-7.163519933291538 -2.9307459711022297 -5.335409557012254
-4.042628037159948 1.0251363583451427 -91.0210373338167
1.47579847337482 4.1467507197161915 -70.39822142610875
-6.255233347996452 -3.5486877121307203 64.84224596754264
8.391854033838628 0.34793601197029733 -24.724163143158194
-6.601968320295119 -1.8290477128963425 96.62336105226899
-2.9345111563977966 -6.0976523019066375 -70.19868180385558
-6.272977559690125 -2.535489122766061 82.54472559522625
-2.0169664341863296 6.314903649760653 2.83546045149151
5.515167982955942 -3.235961826435254 -94.6033136423352
-3.03958012155729 5.726579520894724 54.39114827087717
2.3679911499704875 -1.2005828877636788 8.38335174731804
-2.8819385365822923 1.3583385680347275 65.47379651743461
-1.8863935089290915 1.7359706824213836 88.28715332967028
3.475079750745726 -5.688422560621841 93.9882567895468
1.298048539609557 -6.2961800113314785 -44.76423195929461
5.050537532870036 -3.571757076565601 74.49503032431048
4.170263531191003 5.282669800605927 99.8349795815903
4.061942033387902 -1.3724227350088714 56.7102592437505
-7.135881029295457 1.2183538713532036 -10.937671278698604
-6.2837752754326965 2.608851431523626 -35.94093040799344
1.3826746325055277 -1.5804284525052776 -36.86225852184617
-3.4816243553625617 4.028547919100666 94.92432722644178
6.256280729356868 -1.5468091520507585 92.38412681687923
-4.479429001726906 -5.022978499172061 -0.702343409567423
5.071624119590407 -3.989036883885939 28.905136352631093
0.22281383536731833 0.7219806363224675 7.877184174048692
1.8639328746475294 -0.3729835893648644 22.71574708451304
-6.999835586858854 -1.243365987187485 69.31239454102433
6.969066191265492 -0.9859750972427659 97.30332332337727
-5.632400511435192 -3.5621881657855687 9.759530384089521
6.7946178975146445 -1.849804540616084 74.72382039257616
6.162660331745404 -1.8357947108382986 -40.640141746847725
0.6328101895053544 -1.6248430810370247 -26.39116220182077
2.2025344388952255 6.01275794103144 15.851930502714586
-4.03196180395812 -6.566373400785949 -26.34634954923581
0.3929584678476716 -6.825218654609401 -82.97198202109044
-3.0139351311182248 -2.8994506031753273 -91.08238960308313
0.7194396770018103 7.234508196510578 9.45203584091032
-1.8277532049590939 -0.024691955386605763 71.4503244525955
2.725540784573207 -3.3713560273638907 37.55187092490688
-5.573556036399428 -1.6654532720672222 79.08900338201724
-3.8386365519678045 -5.275841512599196 65.74221461065754
2.1794555692230095 -7.300026465305142 -93.60260795605905
4.135662080907856 -5.76186462671138 -42.76811153782875
-1.8154085064768797 1.7469948851776949 -14.741387148350341
2.7654668499759976 5.4573155389325025 -11.99717573662081
2.741162475791799 -6.946499224974957 -10.816312531728553
-1.5650076895759464 -2.8472180374861833 81.24850412670583
2.349897838931217 -3.842289254328206 -16.84863420939242
1.1915489350906106 7.248196417479306 -58.51000090416473
1.2390991086841492 -7.228750826809085 29.661172054452777
0.9696623212106237 1.3649101205309546 -82.40632053574366
-6.738546905097588 -2.1446230002283246 72.1826609638793
1.4385364192865477 -6.354370172709567 97.03448691784635
2.9357843574226186 -0.5373399847269703 -58.13247944692778
-3.3628030915083515 5.90748445881222 -74.75502958843454
3.525976459326934 -0.44775933363265996 -28.085130822866397
5.515418319143316 4.062997759702754 73.25115650804894
4.240600000138743 -5.880672324753634 -88.59173792649386
-0.887702712609549 -3.4940524282239944 -58.77438054694043
6.171202603781299 -3.872443759819049 64.37575536471233
6.2035729277937 -2.4002156659695473 -53.443306921668544
-3.2583864759845915 -3.979976202403616 70.02195220327248
-4.267149003576531 -5.050371326743221 -60.46520717432115
-4.301389641957643 -5.170526763823962 37.58119997670791
-2.107624967198113 -6.9506031400195 -55.219056936090865
-3.4121782163555543 2.1511493474911916 -48.32264780582967
3.397931290470054 -5.597995893134303 35.08988461775679
3.4275708698684197 -5.56627436590503 48.49907503417074
-2.9644337198808115 -0.3800935121043848 17.099136704496605
3.645355111277694 -2.8748567401818157 -88.80660155148188
3.9921800768327818 4.601228358080821 0.14899166105556064
4.708558381282249 -4.4243791083196395 78.90595967668823
1.5440612048357063 -6.639327884604692 66.1214787039159
7.1087996009588394 1.7394544254472066 -63.67046824888792
2.247224836897442 -3.7028681155274104 45.65734517326822
0.5921613257799543 -6.654829671475272 6.307762650918121
6.596889421413726 -1.0072778127188073 7.9794210988309136
6.619527051155896 -0.972582804375914 0.32451801113909423
0.9306313717009994 6.6830184214189545 -61.662629478655084
-6.331277162498892 3.7974284724587117 9.257702496353279
-1.4713188412143499 6.536550131538895 76.63459094407736
-0.2517549384568024 7.05623558373704 67.44090474746169
5.049936654813952 -4.3105989360681365 -98.37181298680635
4.791226058396604 4.622346102323977 -30.676158391114743
1.6005240561585703 -1.0053379410107588 -49.05308741095691
0.9139927755715761 2.4092261092194183 -23.40938716587873
-4.069265901015486 0.2536438704766087 -35.305219996858796
2.4807990036903123 -6.48193385585407 -21.655734340047516
-4.6459826322211315 -3.0577024316574324 18.040200209888454
-0.25337852345493356 -6.438220891311916 0.5961390183329398
-0.7591599568974032 6.677963241939611 72.04213981986774
1.5255013910289121 -1.364922973723408 -96.42608624941079
-2.6234083783449815 -3.5618392380758985 88.26272357547734
-0.6693188610148552 -3.0968086608203405 -49.47079693890948
-0.2370994974427617 -0.19122830470296848 -58.58788015817116
5.299517224981019 4.1455317185292735 81.04603197001708
-5.334740865894605 4.168654922065374 50.1517173126934
-6.26307050585305 0.6628711747691516 97.33081306821421
-3.899963540325141 5.454600371381509 -66.99622944580172
2.7907470823077216 -5.61346233230371 -0.6823605493676649
-3.770783891272922 2.4293350701132765 47.45394023693184
0.5758992408526659 3.6662547080749395 -16.391366561979403
4.8801286840057205 -4.531751288138617 8.06424380124383
3.9350294761480002 -0.3458385551620961 -93.92954818273324
-6.084629449973788 2.3240131011744607 -59.503029230119196
6.60116325503391 0.6705448698589914 89.58805135823495
6.127545831876551 2.9083927961810465 -25.66558078021052
-7.931759159777142 -2.2244621608742428 49.65945485862669
3.4116861770440483 -0.9421026007716566 50.99422005574173
-5.943168333249837 -0.9937014132942373 31.821650944844173
2.8957252108983003 -5.825988305402865 -71.3855431520933
-0.3003644230477415 6.632940614115649 -71.16013666490788
3.186345223747556 -2.488197918627421 -8.575349594723146
-4.863778414127241 4.807086849293915 -96.77275626384917
-1.5649124797036693 2.4752668457757907 -66.5475975815028
-6.993423239775976 -0.6975466740518541 -34.36498143667978
4.290676691395335 -5.284326744965817 61.91762008821311
-2.3664823445781464 4.560565202307197 -34.52529992805895
-5.941213869650276 2.266597631721 61.762616179234676
-1.4713205215503151 -6.417726061029872 -17.299853794763617
-7.374800831732374 0.7093928195839699 12.516846901167746
-0.3712353772628065 1.0952118404455946 -39.976954903569336
-3.802643952001222 -5.1976539619871085 13.953819905601888
-5.369076645281025 4.27523233979592 21.431255271779538
3.252843304024223 5.3574333655818505 3.8350763060503477
-4.810450846725679 -4.155205821744052 -89.36145205514492
6.219764280426056 -1.4233634615234307 -80.05075637296136
7.869348245892347 0.5893416026862119 24.897080862033114
-0.7527315569303059 -6.532977988879639 -99.00331055395382
-6.459185040314023 -2.648877052795506 99.89876943970002
-3.330022863787332 1.6293903699282093 -9.566410609971014
-1.0325015572300589 6.3291655120064565 -13.08581908546516
-6.339051322933835 2.243752497344842 98.9641585938235
5.317450380794687 5.697300748650875 80.70248998383808
-4.598688262101929 2.8503425675213725 -40.70073298033999
-0.8011287225325819 -3.6543481615997697 -40.35869771622205
-5.275468443804673 1.0949971035303026 -83.2067796291903
-3.2475648594007125 5.776848419162635 8.931980619430838
5.7232144836918435 0.7709919318998415 27.352407058972155
-7.17348026402181 3.3720478956039543 1.8821532847361955
-5.002531440635969 4.474619556958575 88.02918038311418
-0.09754306477931907 6.420246841069224 12.37037562128106
-0.9764605823884039 -6.411104237353539 23.051614908653267
3.5187024690996345 -4.591899306466496 -6.7837892580581745
-2.7314342574862627 -5.579090667160999 32.14571292084474
0.1482602235395149 -6.7823005142793376 -31.583664390619543
-3.883313127297912 -0.13275521646282185 -53.95672766802012
-6.275684589063177 -0.6737035007027846 -46.99273922597378
4.375162440686768 0.27920901243154606 -33.77636519081516
-2.745704353142993 -6.901916890163402 46.77182441231722
5.4721736306715965 -3.5239315240962923 44.230954319821045
-4.745792368117144 -4.252322906516931 -54.27732017582075
-5.371968713217486 0.6307319868628705 27.720551397298067
3.3806231311828236 -3.2565823526243607 53.04510802682407
-2.4641136929374365 -3.7579045790689696 2.1605546062980805
-1.4897177215773698 -6.23149343856303 -20.73773720675793
3.172030948733854 5.329188296774736 84.25389624618701
-4.586163038663371 6.833280616927514 61.32361552706072
-6.741917951196706 3.3278687264766043 79.67322976824309
-5.5032350309082245 1.9015914684489517 88.27274305235832
-4.263022407076325 5.858361360678461 79.31142114339471
-1.1886586581736058 -6.784451211977371 -57.92695202240031
6.673851611277591 -1.0122779971028175 -37.35281547734777
-0.6730013247661444 6.617586401435089 -51.017978243774834
-5.829296228268052 -2.0938312456490697 92.94657677100496
-1.6381909766047653 -7.799899371240338 77.559736209131
-2.594817526485483 -2.5371682104639395 93.17058797461205
-3.319323001862637 5.220766222691807 -31.082490882898746
-1.5917878183523226 -6.50355200441696 8.476201850246053
0.4602978101953008 -1.9980882772428898 0.6264055956491484
-0.9472035041339091 6.780702173321632 87.6374854809604
3.9241981434424273 4.917701731975914 -88.68026536917466
-4.5873291256524915 -4.832985240995655 -67.95814389400631
3.321711292293552 -1.3758869884027016 -84.25063499866529
-0.6935649325103153 -6.767749514285799 81.73793114567304
-2.961567638981132 -5.855135472431187 92.56524922279449
-1.5194050558476442 -0.0911872597404432 -79.58444656294124
5.840139110886399 -2.5958388455567376 -29.56701309851421
2.129763429668591 1.650172664603111 -50.877939124173345
-6.774158309082205 -0.1815543852377508 -96.36615976701026
2.703660322621922 -4.602336688794177 -65.60993361346299
-3.948386775080256 -5.25546541606766 -37.4546034376552
1.1276882662875307 -1.021072667303081 -33.01216636216381
-4.9538741240013096 0.7665763926662273 57.27365501483219
-3.3843297242306445 2.1033647603178895 -2.5499984483252245
6.364863616382273 -1.0631821349663342 -22.452291540170506
-0.7992905534754 5.626655255743654 -24.251761112410406
-4.995930293168477 -3.1296624623270506 -97.34273069901485
3.544395158578548 0.31919541444642 0.04236633684235924
-0.9110940151042273 0.5981593609469444 41.023953910920284
-1.8947711119790454 6.102400827521017 -48.0099338869937
-6.490235783466122 1.0111130808282498 67.99006137055804
-2.6629409451417057 -5.660723420834092 48.98564484290849
-1.681995076666524 5.457417844458243 58.24251884283216
6.174274858397738 0.9810047535783789 -85.10954835149903
-3.625890984231093 2.534113882027467 -94.00375393065782
-4.961598046128888 3.6633860053437948 -91.32145821464063
-1.4648631954541376 6.4206643450331 -55.0069675747649
4.859463684191714 4.510115437396935 22.69515007643397
4.731664991785315 3.5473522065517678 -95.77877161816498
-4.2020596225127305 0.9457270560550035 93.34200596591957
-4.624770915437218 0.04342200235540826 -75.10637811886697
6.786468954934177 -0.6235381283830161 4.0290264703321945
2.545890061347655 -6.921282157602783 44.447345372220305
4.76418994463159 3.525212206417182 -47.154724933863676
-4.810393587166648 -5.445063895077361 77.71020200301295
-0.7051150304573462 -3.9121726684722513 4.534073891790174
2.9891179596744846 -5.944834077761274 -33.009452726732164
4.477935517769799 5.245260261361322 -38.56312981945752
4.403028979501942 0.8380093155299748 -20.30483322396076
6.497257467698179 -0.19951475945930938 -55.9273696790721
-6.583732909448421 -3.001205649312668 19.350507415957715
-1.4737765034684887 6.125238885591016 30.15663896799899
-0.2839346113527754 4.432925852806906 21.844313400712323
3.4245734961749865 -0.8600703357312705 5.303945258815146
-2.96636879371547 5.235799888160582 -60.69281790788607
5.721996710429466 -2.573792200477647 70.01250361229178
-5.883840361102632 0.9835573106876678 -8.478744472504498
2.8685632971014874 -6.09067795692615 -47.941637431458275
-7.094008888793378 0.8771412063524421 15.157149314719126
-1.7966022348022561 0.8674680375556195 -43.63116333998331
-1.056087027669231 2.7175411432411796 37.67897667660023
-0.4828757326621457 -7.6780167367096945 52.928491062072645
-5.240937551427855 -3.2558912748122864 23.202131958481637
2.609354450692522 -0.05866728621698747 73.52283891061315
-0.8822495105916925 -4.073884047455317 -86.60252798738738
0.12189246104913512 0.3178534865888879 10.970389612910171
0.9317811023212025 -3.856271658691741 42.477688882303234
0.480118284652263 -6.536349732042078 50.285197094041024
-5.324563042016723 -4.506306234649757 -47.98896160516747
5.862801352917563 4.889123887326434 15.60187070904886
-6.162492588110955 -1.3440144642255523 41.88877418474762
