-0.8604321045301939 2.3660828013634028 -36.40083803910003
3.2498074292485546 1.227246727275001 -85.25845799029445
-4.780027978310609 -4.413155956763641 94.70458050868338
0.9364682153256192 6.725213233330124 -4.928980953140334
5.425484372084492 -3.659237699435265 24.515566706447082
2.434525980086316 -5.181426127870486 47.25202635663883
3.941662367333266 -5.36364572318384 51.23593931084337
0.5811830064244874 -2.3373840159922468 -92.47265164594553
6.345803575626952 1.6303607808496952 46.50126446126701
0.8116627209691769 3.751423556361988 88.64066082539699
-6.298401984907173 1.983036729947143 -8.58669153537895
-5.56097965382918 3.4922189922374347 -40.01697097076446
5.6144092336345075 -3.829762690723057 -29.898939678281582
3.9348570355254746 1.3497502498855343 86.66977932622645
2.3750490692164763 6.022255397166182 71.8130257753162
-3.188793953751638 3.0903147068213594 95.1401008243192
6.497037502302794 1.5262545150838291 37.37271031781094
-5.399105587374615 4.024678706969728 16.25229631711162
-5.072656804623102 -3.892083158864334 72.65397936318516
5.744827707646532 -1.9407904437410757 -74.12037951666193
-4.765275821592361 4.973644712188809 72.53552779334792
-1.1227273534981352 0.910836604004444 -94.07607689611041
6.345563990535166 -1.5760752460304517 78.96759313942447
3.978883713804745 0.8927625146961637 98.33539669652917
-0.46161837650239335 -6.7144220099295255 23.875422893086142
-0.9537858925204709 -6.431473656788713 -72.69802477400792
-0.51998492833716 6.088390563817717 79.25853716915141
-1.125817936898272 2.79592264627557 0.6108730100611359
5.81227639916232 3.3676257619726293 9.31986914235989
5.618287139558444 3.855448973464091 -0.9443239736205559
2.572847500522906 6.165129631671282 -55.30649289684372
-0.2061509415632714 -3.920270142014786 94.90708482428259
-3.2506407346509696 5.8634345588802885 -90.84663227933325
0.07015452894177965 2.393608716953419 -89.58002440052631
-0.015267878991164462 6.029459297765838 28.13571476333145
-3.1506728100772747 5.347362864167598 43.372216562261066
3.890250133168128 3.4143422283706464 -53.51193173310386
-0.21198620676420865 0.10070042424005951 -32.74851178715179
-6.626445293670631 0.37245257494345785 -23.118659736075696
5.026772447390449 -4.349172321529107 -24.513952686051393
2.614132953654641 5.98447632161172 -37.96084748256448
-2.5074229436030353 5.7511398162450815 -49.88472306327953
5.908400418695521 -1.271717893574099 35.12168339344197
-4.466898990934799 -4.2770824916069055 -31.76316351331215
-0.6229281232274503 0.2990420098413886 71.16513811443652
-5.361930895910075 -3.3844332952476663 27.6300672706417
6.090706512625834 1.4867844746887977 -51.3466736651188
-6.627597767686557 1.5720062362354954 -54.515985691162214
6.402963699159252 1.5584025622038982 -63.70448475791544
-3.627467372204253 1.1463777777879782 31.21687354930173
6.161979416980504 1.7368610600441827 -73.30525816642108
-4.692953563796176 3.7494343215843116 -44.275526749598185
-1.800993158520689 -6.5097668814999095 -11.637017090214359
-6.096161906604143 2.22868825767582 -69.23499790461673
-1.7447082183768443 6.259675331995362 86.18920894247046
-5.003837936906665 3.5711818379346982 64.83838817521922
3.4287777862130393 -2.807437541880916 -38.02287388264705
-2.8111842952562336 -6.086981024011774 -83.91575077425371
-3.1940597984898944 0.8703967338505866 65.0871265467536
-2.4760662712912693 1.3234609520263136 83.13878180612275
3.0696954147258335 0.4525981517165906 -93.86478939009632
1.0418428723951154 -6.768108790994183 -43.14075669908373
3.652669285190893 -0.8720832387763531 -20.859459850010097
6.4868292783466135 0.7206056184859501 -32.261640885673216
1.7093352994968065 2.0013034852071825 -14.480285523619521
5.620196611815993 -3.4952292343117306 -57.88473873032762
3.6378610893563494 5.418290207007673 -68.72620619035273
1.484451954871201 3.3806818309765103 -92.22346325140332
2.7664710093592992 6.058865861380136 -80.73772696532536
-3.9119631949828055 -4.022830288864084 6.7571712100421575
-6.2128624501739536 -2.0588607248569186 55.18149877963019
4.874148111124781 -4.647986844679785 -35.47768239707152
1.6342194738746108 -3.601225908197363 17.602099298065337
-2.1051191042975224 -6.090052817459642 -33.03948038277479
-5.987522897344092 1.1133013548021122 41.16597999290468
-0.41231494696516086 -3.706223789045037 -65.98847392005855
-6.0318584906596175 3.101353130755367 53.693614737474334
-1.3548044795884289 2.867531019492266 21.13893389674689
-1.1604682043417642 -6.3013684157475796 -1.5870167139169704
5.860354482369014 -0.2342544651005269 42.43575374064005
-4.732897184288853 0.3819486932395425 9.081026055634887
2.837019715832322 -5.413339061977954 -14.180225492268539
-2.2336273989899214 3.113884935266962 85.7565684905785
-3.7071142766478573 5.653041599907117 67.32371930997306
-5.819164947695875 -2.821944886797673 -78.27797586667232
5.081799490195926 4.148132175210061 76.41290369228156
4.001412078386029 4.593746522440113 45.355376830350416
-0.46382940813219503 -6.7431889785403065 13.221652314966187
3.449810101901087 -5.369214915375502 -97.34738966691584
5.8942465884127255 2.438848181102725 65.66668845664135
4.017226803102056 -5.483188661036831 57.427865536922546
6.029692703325589 2.5345114371927884 -83.56189500591442
-6.036762152149046 -1.5235271057014659 11.474708499325
5.153440523187634 -4.12660133489451 -65.87397923194912
-4.927301661802648 0.07683823300657248 52.981322182092626
-5.257969476800377 -4.0630501699314365 -24.24031672996363
-3.756541073634614 -0.7139684786200221 -82.33292849193731
-4.379807705835129 5.110242220316734 -14.522649984607037
-1.9738420013528883 -5.793502432070896 36.143272435003155
6.307191648943959 1.370687712821511 1.4593583875098866
0.9446570301353634 3.1565419333168037 85.52632625368496
6.155578816396743 2.508018802022032 4.406070593356394
-1.696088408100326 0.0924891379775255 -68.28015794385126
-2.0582677015439494 -5.567578391444574 15.504983872736075
-6.094645772423693 -2.892355496998254 36.950502179176034
3.378212940346223 -4.782616256502928 40.75896245414896
-2.3679001943462437 6.196730006454936 21.142597515411154
-5.617467324673795 -3.1571046159160465 -95.21860850815766
1.4209302690475982 -1.6461085409386327 -67.44385603993099
2.4566403855606342 -6.284235753721399 54.92943929439932
1.5705692386788113 2.5960273626264265 -0.1990864926931466
-0.07121703835564835 3.4002028421164976 9.004499785778153
-0.3961400824594432 -3.514039270332005 66.47425265736386
0.9760458463206126 6.6862327653457925 95.90423252541369
3.164822218192489 -5.932976054052833 -52.95979483266428
5.604242759860183 2.3967463933521667 92.72978647334486
4.662649894401142 -4.67782160624914 -62.47216602833627
-2.851965918364465 -6.3166016409273995 43.10810987226629
-4.840177591010355 3.847790829926323 -37.15032221134128
-4.230305772412775 4.139570867602475 -84.95228146666432
6.298198908683308 -2.2556475187505884 14.273914073059462
-3.453203653815648 -4.698395172730183 2.1432397650672192
-6.086900914212426 0.21126461711631883 93.66502790514593
6.451471147966701 -1.126942012234355 -77.59323954678061
-6.397103242588172 1.7280137143646275 -78.8673907962167
-1.8662801009883008 6.351950874654697 49.98606671490713
-5.648240993875101 3.615681334863389 29.433542028306544
4.811443904604015 0.5043673007081937 54.00519437900789
6.5878709474135135 0.3784187089593741 8.676633374536205
-5.057012095252647 -0.04838923450207866 -26.760752914984977
4.370783378755954 4.629239590437898 11.588952114801181
-6.465449977754427 1.1597791811195188 23.822788305661696
5.383920419917857 -4.054936435025694 85.9272426551829
-2.15071474973586 -2.367531900969258 47.26118839177739
5.1454279252622905 3.8178153878457923 26.710061918233098
-3.0278281328670356 -5.809458955600784 -67.22934622059232
-3.9534794871030927 5.012688988721392 47.9434039140978
1.6696598002776595 6.722831722122988 -30.040227540794397
-2.504492173114245 -5.266430669136184 74.38948690757346
-6.449070310014638 1.666346713863945 -51.6043354146715
6.320817426789492 -1.2012468399240175 -37.2578710212323
-3.275065526744822 5.40194555947726 53.9381002870714
-2.2120381659379573 6.208438368497334 -79.63707541200498
-3.868625655667153 -5.226951545961349 -79.08505882672193
2.8759296387974325 4.624269290616668 -64.98696475435493
-5.694821827519082 -2.6948260000909885 51.66456681040892
6.294336625871268 -0.13253001087502042 11.836111797875633
-5.281510442161893 1.4952037743655933 -63.19050077783522
-0.46653785783301094 5.272991164291603 -56.88671624589551
-3.569070614487704 5.079638020363733 -93.8637947651965
3.48695269925447 5.154758419668131 91.09898181380922
-5.727687234066692 1.8961872013643208 11.678006638124758
0.3003874205525747 6.416238959505621 35.14019248319003
-5.087044587050482 3.7501196254511986 -0.276932152829247
-2.151603120008521 4.58365780531833 -99.8028798381724
6.488904062636002 0.18684801786604638 -2.8550295627660733
4.517006298148855 -0.9943488527690477 -66.2721258016319
2.4612025201806436 -5.96221201969018 3.107035977763968
3.4604596345903516 -0.6498288983675814 9.560751654630447
-5.559278460883589 3.657037848181325 24.045735451318183
-5.8127718871107446 -3.208602515299763 -58.33998783573875
-5.31461169830729 -3.813175229669977 84.28934192852756
-2.9296267347801033 5.949047016581964 38.62849094620395
1.2624481057001002 2.6953898482036576 41.55119625431428
6.126409373521278 -1.759403865961818 62.36184462840445
-0.09526799464725569 6.724610300084861 1.6005504315571952
-5.968474000904715 -1.098762481201498 33.75036007223323
-3.0471042305457527 1.59250827560224 24.700012694885366
2.9951076664930034 -1.596385660350436 50.575888452488456
-2.4687453659950362 -6.016671360615474 79.60067319219986
2.1570674900414777 2.900065219839557 -25.314276219924444
-0.4329128121517072 1.6738060708267097 -53.14702965306674
5.676232924236301 -3.715886443354568 -7.7015208532456105
-4.159656253251654 -4.409285461209232 -64.56706166453554
-2.772603648319363 -6.262932556039187 -97.89922934663832
-1.3635838622108993 -6.57687768198174 -95.00758388870253
-0.12808960524578072 0.30167620597043465 43.44827764029655
-1.5924661722705478 -2.451374167059062 -19.183270712663646
-4.720069258670955 -3.89535829991708 -9.096031051030053
-3.4792909593965566 3.920926213979612 -28.621534938292243
6.1222565836814375 -2.182091541174974 59.0730181056372
4.044839188704789 5.140863675175492 -43.11540630868988
-6.822946521008351 -0.45890175833021973 59.36738406491445
2.9691221060247557 -4.945647747051483 -77.15764213132206
-5.119633020963546 3.8950735638754406 84.62909420225941
-1.7305490591499475 6.400841269541196 82.92466606023237
-6.287481448656288 2.266342536561483 90.63977995005261
-6.597805638868993 -0.944784565801305 71.39407903194113
-3.458653209684611 -1.1865648779216658 -32.51567696947753
4.048626712524091 4.3245077091234005 -60.68597634169454
0.9819406633776646 6.324991376994311 60.24203567539329
3.0867586863900742 5.684558072012743 -27.498712772252993
-3.9822612263325117 -5.238087025457056 54.49849807584101
0.4578507170977699 -6.647075922632774 -67.34869978899223
5.933672850092617 2.545548243243531 43.308605136223434
-0.5938720739267273 5.650878250606415 -74.40707948372365
0.6222290855610577 5.993460213553252 31.652423238431513
-6.891022736727919 -0.4546901738983261 67.09764974019474
1.3490036408073869 6.35688194181893 75.01778284242617
1.117691502500288 6.409190637448186 45.685075873570256
-6.585447689031738 1.9174832552121646 -87.83055166085606
5.339019980081869 3.478139067124371 -77.06335385747448
3.1722932293856867 0.6412103943049018 -81.45784427304417
3.527019758483741 -5.885744566645827 -87.11315083512446
-6.402763750699344 2.2073597045339444 19.739365661959308
-0.6673584491623957 -0.9840984637376188 58.68988942467187
2.8271600861492945 4.955315056636844 6.9962698328939315
-6.5655811902520345 -1.9583813372652636 -85.9257165355314
-4.8408025525865614 4.295805307803554 -79.44859075202541
-4.62704408332484 -3.1175697195731553 64.73074686352935
-3.771681039281408 1.0271197191096553 60.31312691783012
2.280230262040708 -2.466863730907663 20.70394557765397
-1.1460498282712932 -6.360684990037074 69.3044756018139
3.374653575722257 2.3681821939464163 -62.83424971429876
3.578397406333951 4.92942203295965 57.464517300128364
-5.8587729432395586 -3.325404567209302 -4.328966422304715
-5.784441379094407 3.427324182000503 44.745808228513184
2.0783610805295494 0.776859212560568 24.942638301654267
-2.181785971988664 3.081436144083309 -92.17936081142591
-5.337736389082205 -3.553932866044337 -83.53742828881818
-1.3588651694966325 -5.672227601454028 83.16505216731734
6.262685605800744 1.8808357115305478 95.87481195978107
1.9678140041422394 6.3551890376631865 9.772426135819924
1.3519258169797175 2.427180048507935 82.37914666850793
6.462233235024812 -0.1728909626562946 57.04121710510169
6.563913098579991 -1.2344214995276632 88.36904116079165
4.839429625715096 -4.469788370327562 4.8603063678292076
0.3175772500087879 -3.330121341481538 50.2947966657939
1.8613055361358195 -3.748351976309279 -27.024050154008673
1.4293848340079935 6.638165769580726 -45.14919209712247
-4.052484132331334 -5.096360339571368 -21.237128165649192
4.467107563360949 4.906429929893013 94.07790299878793
2.7458490337835695 -6.2837787345754075 -39.47258955098527
-5.520146061814248 -1.7602360292044008 2.748677541814726
0.8002358180302048 6.367522397095592 -42.25170132375355
0.9525548846458407 5.399190444158098 65.36847852447903
0.09821125464938181 -6.533968841769563 61.873953539773844
-6.441557188197671 -1.1054674361580694 -67.04983317017724
3.654677315222708 -0.3370670120003493 89.87794109999687
-6.2905719412353625 -0.6608490292401519 -31.16530619233338
-6.705493211734955 -1.081815142074451 -81.31160076383792
-1.1886493450459306 -3.29524104095709 57.226936022926175
-0.5081791567319246 -6.528464944380595 -90.48667843147753
-4.7003503119825565 4.348247630531252 32.7092236497367
-2.5669875841386527 -4.331419366274432 52.45602014069977
5.81258403658113 -0.35520116272405844 66.09204328203943
1.8144347425680225 5.370865359055496 -77.461924514001
-3.942765653064265 -2.3634815248118057 87.57253804200907
5.557301389820462 3.5878593702603374 -16.62166064517962
0.9113183793764409 -6.693584904731661 -60.98909411052865
-1.0903662135907122 6.335544975640409 -29.1348688863339
-2.3749403816358576 5.920341217639944 -3.2581448740263674
-3.5118804488108046 5.4258745260738275 -21.81842660316177
5.590407757323061 4.020727633405003 88.94294587848263
2.6243983800945427 -6.183684665147924 13.579866463694065
-6.564174513220565 -0.697520237099923 -43.86974149297117
-0.17969459599237536 5.328279536436336 -81.57503440394014
5.299400473867642 -4.327579648668632 -0.17351179279919846
3.527710307981483 -5.321325672067886 84.13452656366285
-6.306657919681537 1.0526114947374356 64.02651470718492
0.4639886937283161 -6.790010893839053 87.71490106091707
6.7366974561583595 0.7891236499813762 -19.725876490539292
-3.4214764786737457 -5.739154736382345 -49.74550198432149
-5.097835619974792 -4.488011945305776 -86.61804293179924
3.078020180801329 1.4747648507035707 65.52908340479131
3.3648362707651587 2.630353386400328 95.4235016471539
-6.425954332033926 -0.27639852729811637 -12.444770911122442
-2.826436627898757 -4.8971617982536895 -89.08714055384428
-4.4491471253247425 -4.38952950967954 -74.85872845253118
-4.513433817130642 -4.883449922137822 59.41649558938694
6.829053306837517 -0.2664435140705312 -23.880058668243592
-6.263532864272057 3.102592005643468 96.29353476428149
1.9347017088695067 -6.430179243731387 -71.28521479302344
-5.232402381070812 -3.956729992173124 79.62663738449736
-2.7833020663344437 5.097137241648149 3.8977532318428234
6.031063487941014 -2.8136065429364137 -95.33328423608776
0.7985130144392343 6.727847306845856 52.693439462484115
0.3510887720146704 -0.1916999012760205 9.116717854612675
3.1765101496145 5.226348247813642 68.40949336575261
-1.7112888230800434 -0.07717580794427925 87.98491247947139
6.458049787822742 -0.9490622775797257 93.39519721354309
6.238110277788845 -1.791960357705261 -42.999774267964206
-3.3044984051124295 -5.751958445066909 70.81873992543345
4.5127795241965885 4.775246886513957 -98.68112806725983
2.076494100734339 -3.2271187406645914 55.26112435403183
-6.030308078942971 3.082895375039218 -12.232176878506083
-5.358112970709884 2.254802588514349 -32.779334122185524
2.141968616654358 1.1993255797053108 -46.55409158208428
-3.5790914611536793 5.2743295962544074 97.4472360495572
5.317227580322945 -4.167887424433642 91.48815618513231
-3.1148904389971515 -6.014026738411596 -3.6870471149746185
2.3771121465579803 -5.180982850709374 34.695742647740964
-1.5345630364181568 2.7394420408204243 6.087206420588864
-0.9464563968417408 -3.819862698866046 22.266714102665805
-3.121542895647626 -2.3267960838536514 68.87382028263349
6.293056423835532 -1.881928714357534 97.57164763654774
-3.836001309231874 -5.470641401405601 10.392488041614692
6.755553003345977 1.749970436968448 74.47723378374566
5.746861527200184 2.3216667471445884 -43.19486983605538
-3.1188199954931957 -1.5003078193825559 -28.65943737848421
-3.8557466180554436 0.7380808318655483 16.79490840020209
-5.818644111181942 -3.4765807730804594 -28.354697937462685
3.748290131396154 -4.568393845380162 -80.25864317442738
-1.3349423468728694 -0.3470967442744307 -86.89665581406794
-0.8958141179614416 6.439715611072484 8.607400529664057
-0.8205786912198968 3.2755945924516703 68.52705480400692
5.504557598271769 -2.500661444651366 32.64322260584532
-6.189036395828654 2.1807660987664303 74.09492225408161
-3.130882247357878 -5.954872586288451 65.8365251269181
2.230730066523835 -6.095860763152115 -94.23908494610508
4.0806246383505025 -3.5417087897424833 -45.98555971780853
6.324573386776963 -2.4228548242308756 -11.011582565929778
4.038888302060349 5.245947193804894 -12.48140212601588
-1.50873732409307 -6.45056831677102 -8.42959928918638
4.612632433981545 -1.0954363759291592 74.06231985199165
0.8260257142129779 -6.004273692327241 -17.888597197353313
1.8655669751666446 6.416269803795203 -59.07487085200485
1.6551696005220076 -6.559776413128312 29.587613352075216
6.406532214943982 -1.16824483502715 -84.96179196980925
-5.947409136596505 -1.626839203613571 76.39604046390527
-0.41779699967157563 -6.513632858216556 96.3928895041969
1.9764353136788928 2.3090258823553635 -56.850936915527846
-3.3063375240751944 5.756464165085315 -77.00385979300782
0.7461206910745926 -1.8795050425380917 -29.5059305776964
2.0719198673956414 0.8753859978639263 70.320879921787
2.9953975655618756 -5.484709539948927 -90.81754106205972
-1.3704795645945314 -3.430435090266881 -57.37245872696722
5.415703078143319 -3.5805785421069087 65.89363337930982
6.030400465125323 -2.7752706778695884 -53.937452515777586
4.93944857160674 -4.513733478795295 75.6950212248142
-1.9723101720853817 1.064326783290774 -61.239274619257166
-5.243301081840427 -3.9130614823731342 40.95432268626223
-2.7331263838722646 -3.8632364211055763 -54.00939381232318
-5.025491637649215 2.6872178100708286 -47.63068014727641
-1.7847519926715152 -5.987987436786764 31.25366527270562
0.6457329984656229 -6.771811920396261 42.3143853324404
-2.3348110218292573 -1.7740418203490549 19.715874305671967
5.998772014844368 -2.888615430744967 -92.13169646241339
3.1014472778924485 5.925328967084953 -1.447536347894919
3.131958993215997 -6.048260950724178 79.80757412611615
1.2216678958976617 -6.321924242720479 66.49110734732413
6.67371556708417 0.51126592691278 -68.25981558118524
3.3365549363850753 -1.7389083508255192 46.193990039533354
1.1579920667749704 -6.4910999154662425 6.674777946635562
5.534652425196966 -3.4672730840983714 11.49236002562538
6.228557882574919 -1.499582271122905 0.034019471019062775
1.1737558536921215 6.5627029203417 -63.72999818024557
-2.8696583752540517 5.857820907543158 14.75015559947417
-1.5798233736050982 6.000931500036624 74.38673545826421
-0.2811756397877406 6.497744444506393 67.56467623671719
4.822548657944707 -4.157117129334248 99.85168507857166
3.367848494248112 3.6525569178558337 -30.301321546084292
3.244927530557972 -1.5632426624374602 -50.84647204218784
2.644824312246783 1.782930862396186 -17.020260990135462
0.68716431815092 -3.7410602234962416 -34.384841971419306
3.6554250661081715 -5.708672329122286 -20.58732716187976
-5.511591230036499 -3.194697687644058 18.01200281777383
3.387484053125848 -5.88715284732323 -2.2548316805954864
-1.5145673087178837 6.2734587510521385 70.73938403049334
-2.337795653849384 -4.507789334788477 97.38984963760942
-1.0774168686361916 -3.6655292436007576 89.90430852125067
2.5335896009663426 -0.7436697191020069 -55.595874448620265
-4.680972218567547 4.497473908239921 -51.38567757609009
6.499949319248994 0.5675143904779518 84.14907726843784
-2.4402977381777795 2.4635731734870188 50.249598249929875
-3.623796826708702 0.5535282227053883 98.28378503153012
-4.66211499691247 4.600360112727036 -66.17225216482063
5.805773521102 -3.2614212272826903 -3.907433687685838
-0.7591536073839817 -0.21077421239045863 48.89123676480897
-5.520437114867689 2.499273694199265 -19.279068153327604
3.3879304782190927 -5.764337261534404 8.589835632386087
6.5326285597721645 0.031100662334329315 -89.3744886992934
-6.730966598509172 0.813531713135102 -58.85782352486512
6.658046736730797 1.2934349951655255 90.2199837295095
4.775061853202597 4.655724874680215 -23.437039230578222
-5.959015754572986 2.4724385923914958 50.563528526138064
5.6545800569322 -3.2834612008335986 53.62341081006109
-6.582745708181626 0.22474519333163523 30.725115640961782
5.2426476064523495 -2.3400332296275055 -70.78371073784086
0.7904194755429925 6.2377317606226645 -70.07242546551574
-0.7629554794407827 -6.453423715365121 -14.705357889010996
0.4964103497100947 6.667455367388717 -92.67747633125207
3.2464064103593886 0.8310944525325821 -74.43280300560292
-6.405775175573817 -0.39361577016618216 -36.30892389735572
3.818000431903151 -4.834752142475816 62.14030315975159
-3.3008465032921026 4.639852176373987 -34.28317998287881
-3.683903010919006 5.181130663941059 61.072711246169085
-3.719424020507605 -4.7557585325524805 -17.287974533773003
-5.82522264626644 -3.695701798527853 9.253457317065255
-5.962886817455996 -2.6933398978844947 -38.403735559137395
-5.23277537486452 -3.678273829664874 14.641488935024743
-4.157562509000656 4.374083507475948 19.462746248491893
3.7894315430070526 5.178155327734098 4.20099615134863
-6.168494459878755 -2.6741487806781694 -89.27325139957485
6.782088684778008 -0.9059190321193581 -81.7625628317855
5.561914994068292 -3.513801075311751 21.432571197638804
0.3349129733097351 -6.266425833744285 -98.73357018359853
-6.871016130447846 -0.3949422164556464 97.26527610517974
-3.2627684021247663 -0.7449709591497589 -8.83783476825354
0.1796846454968798 6.440337833258911 -11.072786317065853
-6.257888678829363 2.118915489587378 -98.93367832023122
6.265640003931313 2.7241533201789077 81.74636457141091
-6.855255640345143 0.12238615038343131 -40.78254954671748
0.45193379874826833 -0.0653184878116614 -35.909420028771436
-6.690474320239021 0.7258709617147019 -85.12054877577515
-3.3634335773004347 5.614378060829405 6.77043030700831
6.647971779680344 0.1422114221494907 28.599545045068677
-5.7639470881081785 2.7762476769468254 4.052776010240572
-3.475727857543757 5.7077101654314735 89.30972284400556
-0.2365429938598977 6.3750459358986316 17.541952547328744
-3.207766407043237 -5.964460985373265 28.32711957427379
-0.04238705775030927 -6.496550367087981 -5.215905356282254
-3.0477078101769144 -4.340100512384105 33.61202323492293
-3.11897093653831 -5.855880644094785 -27.135545101649413
-5.477826143707449 3.229713988262917 -56.465385024315474
-6.395224452493324 -1.7315171446087265 -46.836324669140424
3.468640866929729 2.076631606203799 -34.46944049558635
-2.8312909312278616 -5.856663799061602 46.49925950020844
5.62237481069738 -3.128780531301036 44.59601046852567
0.39866617569657603 1.4003773067792968 -50.299303279779984
-5.783935160835236 0.02675072818655372 27.324405301414576
-1.0972234358791677 -1.801788347797203 52.41853627557929
-2.1452309149920143 -6.517282120899933 4.751789490184115
1.5467348447496587 -6.575539651764627 -23.1832649790158
4.459925514833753 5.017166658128847 83.88935017739037
-0.8617871894731806 6.732073703565687 62.52891310656375
-6.822089499158975 0.05494816880618031 78.74093223007827
-6.086105510849551 1.3495147542134736 82.0799248922795
-4.187596878001214 5.370386290933103 79.34888749654152
2.9497977470054013 -6.007750618424923 -58.72313586773324
6.657772452785306 1.3383734059995382 -35.14210452154323
0.8653307123833424 6.21687080245941 -51.01969649063907
-6.459950718419815 -0.9531388145741696 90.68526505660355
-0.3504404079951795 -3.9840501134252464 77.49153744995378
-4.478499100645603 -4.76704538139971 89.61682292028603
-4.039657781990773 5.168373100341805 -31.311175401030937
-0.7605028776318797 -6.264289614875644 9.939510649498215
3.132056764472496 -2.887960075407818 2.391512451313993
2.1272664355049113 6.486803244929557 85.75921963732854
4.561361695241144 5.024847818069024 -91.24918992430848
-5.756067379257945 -3.6591411496081347 -68.60841566458551
0.5254410099847542 -4.844170206799525 -85.82296638557128
0.5283539265087887 -5.12430683167077 81.1539066920299
-2.2808106226090534 -5.265389356325291 92.8402410945876
-5.720091056101609 1.447511356429457 -81.8657174040842
6.159410274855278 -0.40275519698549656 -29.561772324828897
3.66202251944879 3.5197839958586172 -45.89367018589762
-6.0859957126738236 -0.8375198666326475 -97.5287770352236
2.2185127772027102 -5.714670523759337 -65.16375483555028
-3.9581831144462587 -4.52840017632061 -34.76092654400363
5.031856612153426 3.9000670362016447 -32.80321507431143
-6.372065933886091 1.9122156818165768 56.320079877814024
-6.496103994506063 0.5266919025997493 -0.22183987246369546
5.868072717457932 1.579525790458825 -25.863875915499513
-0.5778573078985804 6.550534912678712 -23.827660328974787
-5.123436451100686 -4.334990704048812 -99.09263991665198
2.412448269879621 -3.0297754975057782 -6.598823115975401
2.33177059295331 -1.0922817250790071 38.407611332055204
-0.6676653672084689 6.569522804076086 -47.81582455759048
-6.237227005772661 2.3873559676131335 70.97360835275826
-3.064060637523437 -5.913639530597825 49.57896086819467
-0.6045674457305681 6.548008595653854 57.16032441424757
1.40561064619863 6.3141834306298845 -86.14203296648124
-0.6614071691052096 -3.727904356662203 -96.61319140852108
-4.454145562578065 4.700629006228416 -88.19270028634254
-2.098521618602011 2.776324537291262 -59.05260918598871
5.678629923911811 3.52218400748181 23.589934607348138
6.273142935053138 1.456136126947918 -96.39385419567604
-1.0598451632508195 0.18342149064205593 95.64150358552412
-5.89821603539264 -2.639311418598025 -72.03454383250131
5.553548942987137 -0.9729381649538488 4.11689548666364
2.766014506210927 -5.792472859306439 44.32138420867271
4.920354185553496 4.299412337708437 -49.34877469480283
-4.1159945042237975 -5.435571658880379 76.81231069097309
-1.8465161788008502 -2.7566854197610433 4.49885616897358
4.098248110833575 -5.187953057283523 -32.397270344898516
6.368342688902104 1.8663282562955412 -39.091920255273024
2.1604850176288775 5.087503720561873 -18.68671834884109
6.258047167857382 2.495348220181046 -55.78986637302736
-6.432049198568309 -0.8036469185621994 21.35628183742654
-2.3768360789316145 5.806051190562808 31.356846476944213
3.091831483295712 6.052765023053656 27.782546604931742
-0.048786844713780475 0.07070030404435981 2.263268280699876
-2.452522258421397 6.252893207453464 -63.75359873626196
6.213336999930265 -2.3602061854017795 68.60115711474904
-6.468135737196727 0.6686221417663198 -3.645423598907038
0.22445787959900937 -6.558793718156649 -49.03587444570398
-6.477750940559136 0.8111241824204938 15.270941424621544
-3.8066313180315166 -5.573492354383502 -42.67617180042845
-3.7615849576371256 3.063743032734062 40.4694209495334
-0.28599458848028747 -6.519161369161926 53.50672199085757
-6.121525033405527 -2.3677219394377595 24.546128354241297
3.9486165061774394 5.081895583539873 65.03397949486741
3.5074810079372787 -4.842366409744027 -83.58389570043558
-1.091846451991524 -2.778382626548132 7.844654845779491
3.8319419623014053 -4.975204777505954 37.814158427729005
0.4308347497791606 -6.248462116103249 49.73319992307757
-6.167359005477635 -2.4207068047200964 -50.12490528600181
6.404933135957769 1.7703890817536436 15.285697374308922
-6.001009616814198 -1.2143785534903782 48.0080550809533
