-3.3312512017881857 1.4825792397618751 -34.52555195639187
5.8086212063633145 2.3313670772812563 -87.00988718578739
-4.397966446404059 -4.831415788315679 96.78441498811296
0.805318695706436 6.78982163740396 -4.592001216250582
5.218614142355709 -3.811974440929074 26.71470202454211
5.810307527082919 -2.5628529982995047 50.41583499496216
3.5491146361992363 -5.470896097576551 51.62630202007889
0.2923536994154902 -1.5153097790558163 -93.60610338396644
6.225483164555801 0.947110942240049 45.57293579164262
2.372846397472074 2.509387865766776 88.99327644358013
-6.144152811616328 1.5415803596549162 -8.592984539911203
-3.830828195442859 1.9053615482986188 -37.565762487990774
4.395293162270813 -4.779752579584028 -28.05739902095994
3.68922744306998 2.39838347249526 86.12140697819105
3.242959815405075 5.772406109441359 71.9698884288278
-3.546497566235962 3.5235264165522775 94.78770720757294
6.7090297422327145 1.0071003861735597 39.75170605657216
-4.376505353104759 3.297806852917145 15.78817423930051
-3.7854367550363697 -4.732095897145936 71.62002242147635
5.656839943912166 -2.1191387626764056 -71.67445899275793
-4.659936566056184 4.742204284340804 72.05591022888846
-1.5146836118370108 1.4004432748762223 -94.93438653562997
6.42628563121767 -2.1693229605443185 78.91173464340986
6.74045541434678 0.5710969670362076 -99.62896570665261
-0.8023729040794116 -5.681072821165763 24.183816109647083
-2.4035872655434156 -6.210244132330525 -74.14344829532348
-0.6283565874382095 6.609316014499925 79.38337019921903
-2.598631334333893 4.051255473751311 1.345627358666209
5.166775939005565 3.3093428908452194 7.80722356833921
5.146749159091602 4.040428027167378 0.40711325329123976
2.206609551209119 5.5277499682685445 -55.37864285579268
-2.8263292209091184 -0.8313545256610417 97.20277490515544
-3.245944367805626 5.746692192468082 -90.94133353279696
2.0787199810192605 -1.9612450116713915 -90.55119499005336
0.04756776358773823 6.811672367776613 25.986368692451943
-3.570293195049643 5.706108826309261 42.21964729889673
4.561607646233129 1.9874825577461175 -54.3035237728893
0.5697811512115762 0.7719978494552091 -31.08891878695735
-6.265040527197179 -0.2247988673193828 -23.220421348231802
5.240728481859017 -3.7283612525469607 -25.002848975344996
1.2476280711728969 6.498073989172267 -38.54014474126621
-2.966784892522903 6.0696572876408155 -50.03894051928968
2.6706559113076174 -3.6809989824624627 36.18104840269836
-5.116714071011204 -4.371267424177366 -31.928737788915104
-0.6933523335688715 -3.460053538529916 72.60671893856117
-5.905420244055306 -3.6488530277309144 27.956872882867174
6.54394559475658 0.9991701374599364 -52.23510742658387
-6.644183542086505 1.7858614375900126 -54.88664984759586
6.715696347004873 0.603416373471391 -61.36670157099154
-3.82249677690483 0.7886429426303945 31.802060249842537
6.569176919910073 0.0820428491247227 -73.75398566614064
-3.5152792320007817 5.188049191820054 -45.9720164528894
-2.363370918562279 -5.9158106983967755 -11.695101628712607
-4.1720300818098055 4.670123414761557 -70.34551617641164
-2.143933420465694 5.947106006630814 85.46430181231851
-5.712308524772174 3.4611127767488155 66.35680751075452
2.40449099551678 -0.6456608825730727 -39.19967859830334
-2.245115454303524 -4.881924738008731 -86.5983814511824
-0.6796574198290065 -1.7004116603659314 60.882045013714205
1.932674414325169 2.8112419228812495 77.01627412023568
2.909485306747545 -0.6433754908126613 -96.57996641281346
0.2622029343296457 -6.179205475151133 -42.362988301441966
3.773884419957979 -2.525962187623857 -22.73019114401105
6.954590107620035 0.8936264256574739 -33.43104303694687
0.8590085323193817 4.068783531517861 -14.80716967705988
6.132067665205115 -2.536484684229079 -58.185762355462074
2.342024898261716 6.483740243728921 -65.9862736316384
3.0801702232697465 2.0778224336927824 -91.1394372475614
4.508120359471327 4.544743759219123 -81.79325580012814
-3.9303631606750655 -5.190718705024017 6.8294513231826715
-6.032954184920774 -1.7963459106882884 56.11326623013937
2.468820478964197 -5.1094595754028225 -36.18080613735081
1.193122513760994 -1.264465520247001 19.877770728639277
-2.3921041640186376 -6.263669440289677 -33.37098706823102
-6.129736148502897 1.9519004091053984 40.99567821137655
-0.10204417866528642 -2.395272202881358 -61.41635304337151
-5.931775932605442 2.6930471562777156 54.31034424898068
-3.1309316593436 3.039700237263684 21.871127211638502
-0.5248895940433546 -6.287284059003674 -1.4889216442400053
3.800895045750419 0.4472567494332314 42.14754757649809
-2.1355263214471276 -0.5133813680350972 13.068654441337053
4.280145673219534 -5.071520998507904 -11.241137872872342
-1.9753435380645532 3.3126178028707063 86.97393592438848
-3.2714748818855246 5.746110532794631 66.69147149765118
-6.428071585341063 -1.7178435438233153 -77.22079600399564
5.136220150630921 4.091540201097606 76.7991275970639
4.420273844851364 4.920049359789771 46.73525230585948
-1.1565859657144602 -6.284892806311185 12.588106585907905
3.078016538086983 -5.855138638047797 -97.41591197169075
5.981582047033457 2.7731519259295254 65.69341411614978
4.000289009862637 -5.185360591123134 58.015290828159955
1.28251725270919 1.0742523899090783 -80.69456406898563
-5.78644930921277 -2.015413058729434 13.33427683289689
6.083929242340599 -3.250309996690998 -66.30447119236321
-6.430461350728217 -0.7218638784239286 52.902551599587824
-4.454782569048469 -5.180814773957927 -24.026133067501664
-3.4795362560338017 -1.3305836794012462 -84.22673137662272
-3.9582067812480837 5.11000269231472 -14.767596735789395
-3.5271457066561416 -5.707345223840931 37.807062915366714
6.557631900274912 1.6566818499559886 0.8219476430503475
0.9948030720892945 3.286651104782868 85.44194672609663
6.388634177992771 1.86203990493686 4.083834337746726
-0.1494026150887683 -0.3950658531924257 -67.1047868760222
-2.806795660348395 -5.861219678943546 16.858314154278396
-6.808664195940444 -0.040890802280548075 38.47744006781551
6.280982887265198 -2.0863938957101285 39.71828077381921
-1.8711856817908847 6.007438768025448 19.427318402189858
-4.685984461242015 -4.790802354919814 -94.92757737646504
1.8308372355094384 -2.2421808266519574 -67.79049529571188
2.5923653127216753 -6.1543889179950195 55.1477349267988
2.8231550791154962 1.8144951185987404 -2.7183501500222524
-1.3258149626075022 2.0701249853959576 10.161845565151653
2.5537064623814985 -2.2466860520177563 71.82919446493555
1.2344592140615167 6.503786246930297 94.21421768754595
3.1702836903555722 -5.975716446975097 -53.77908140314976
6.110239041320986 3.086827658046732 92.26757260367044
4.273717780820264 -4.641233578989159 -62.31951249884312
-1.7629350343374637 -4.868228140776927 43.2133821320154
-4.988589106743553 4.636773651824181 -36.940408445833775
-3.5206978857623294 5.4046750413076845 -85.46231282399569
5.280627105095151 -3.8204305109530785 13.116341992601734
-3.2174058263723624 -2.165059578354767 2.778987078495032
-6.362590998475752 1.2418317731269952 93.73586975424116
6.446225231045788 -0.19671960735799893 -77.1213243973717
-6.621183696307131 1.386019842273526 -78.51534845112714
-1.813107471786933 6.2446864915984595 49.237478919344305
-5.204812454270866 4.4763848857934825 30.280994935108083
5.390976939538695 -2.8949108509896364 53.90073536576114
6.774962262598592 -0.8842010280524126 7.4223719012980105
-6.804597054972208 -0.41985747750649893 -27.471727924848107
5.468600763950525 3.8063407264483127 12.61557676704059
-6.750572109983527 -0.42802917667544543 23.612548367422768
4.98925030422188 -3.5671769272145 86.6724352748998
-2.3339305160461286 -2.2792966038979934 47.09383244370212
5.355148194824669 3.751977633542938 27.49046888329288
-2.8805710656195913 -6.097875865652696 -67.02607105659268
-4.4215412992184495 5.210322718442976 46.76442196565752
1.971832977575657 6.009504065911791 -30.429218820711487
-0.49241716460479523 -6.619625861011598 73.3017042383826
-6.3844261258875825 1.6162165528422603 -51.11787160493804
6.181382602172684 -2.821242909691375 -38.368480799925536
-3.3100026746395432 5.148506960673624 54.242375637753696
-1.3999279336778452 6.151689573647811 -80.62275623564966
-3.2475967741828935 -4.998933083130614 -79.02298921922994
6.193907267869063 2.3400252415839353 -64.86897803642132
-6.00099509952921 -3.316023734546636 51.122107867566164
6.679860215487357 0.0322809222261089 14.252231866579232
-6.31725226010832 -1.3179635688521418 -64.89264293297462
-0.40620001756880175 4.153400249499837 -56.751103647554594
-4.269118875856896 4.701608503388705 -94.03693608504085
3.5840518201385514 5.544478112778485 91.21179469926327
-6.108143803264128 1.8346589314766537 12.256892027295516
2.6813964981436422 5.366392743573457 36.859435934872366
-3.7323882090517944 5.322845877607951 -1.980968686863421
0.6710613729424394 4.148540929703743 -97.66305458678701
5.866723053206112 2.337617636498635 -3.8008475390309817
3.7928994446965723 -0.09844786182381343 -66.33415601200599
2.207763813354429 -6.270614309779922 2.270240619710852
4.51660890861401 -1.040032949346998 12.018566599166196
-6.054399501319954 3.248875850246087 22.396968216091864
-5.438306788126727 -3.5299194536676963 -57.55334405908548
-5.9186203738271495 -1.1508230094498646 87.0596618797266
-4.203366306823477 4.722803398992212 38.776784828036924
2.0026779200367244 6.260238988631745 43.48172150156193
5.929783081963352 -2.2459239408624216 61.917407397374106
-0.1557064303808792 6.6173060806942585 0.6261440006452443
-6.403907647415572 -0.6933677886917146 33.631055852655244
-3.161481473743901 -2.764735592196279 26.4710972358691
1.1111066865485972 -1.1400960243855969 49.32614176132309
-2.2769838656736345 -6.149064347957167 79.756432527685
4.139658682636781 -0.5325034922492515 -25.849373137568502
2.7974136440712183 3.626208518745111 -51.90089084687688
5.968077967498847 -3.209459373367893 -8.192954515562418
-4.04022428262942 -5.055664061351999 -64.26733515457327
-1.9345207981733041 -6.052731910849469 -97.78631507551316
-0.3494754976184145 -6.880966173686933 -95.25279299327136
-0.7029708734730682 -0.8774288964313539 43.820395129932905
-1.415969530763094 0.08424154882575313 -15.126407695811393
-4.9285747032083975 -4.316073021660998 -7.745502338730995
-5.11010368089067 3.7287985050180983 -28.789568300497102
5.745652552691411 -2.902377373826473 58.78898370536811
2.063179557258005 3.5888056548928855 -42.4442768906796
-6.786059717642285 -0.41349152223680563 60.213540803929995
1.6470063580627083 -6.535027410217992 -79.84780667929124
-4.452474520358529 4.814137508563687 83.87987719935946
-2.0821703111776455 5.592685396928783 82.44383253358082
-5.5595181514403995 2.948203059872027 90.51790028041688
-6.316276256622266 -2.155049510598809 70.31847383640104
-5.712168665129508 -1.8541266803819574 -33.37347459064146
5.439214745387614 3.6176296040627567 -61.12661773344633
0.8123475219461096 6.327593950237506 60.10851146492614
3.569378988097981 5.7357124200060365 -26.16397570790233
-2.4334188110890587 -6.27972740711983 55.207610182637175
0.8656256730337795 -6.744573885554393 -67.28090151490413
5.723705145536271 3.154318955880097 42.89679989671134
-5.778158238974045 -1.1879430065935765 -71.09994611490086
1.237415841968607 6.1350821266482685 32.72628955193123
-5.963723630153245 -1.899811661060459 67.17194097500284
2.085001672610307 6.528456791816234 75.22428781733848
-0.09193680811538563 5.817135647248363 46.561024765672435
-6.607417466096297 1.6132867781102214 -88.54295015491657
3.5328827744891353 3.5068944293503304 -74.36104479740762
0.8249871722522896 -2.0756438649536766 -81.98553875197044
0.5656744142713227 -4.151710783196991 -88.51149430748491
-6.740686063392961 1.1555550915751063 19.510453281928097
0.28876159298690585 -3.2925043765153315 57.78186258697677
2.6471084565040637 5.496368686160555 6.286630900335769
-6.56464608550214 -1.8485082878631602 -85.272060588646
-4.82742075541908 4.091402038125833 -79.8257687907833
-4.24299830226173 -0.8481730637465 64.8033579692371
-1.883381836371302 2.445458909047817 57.190515363789096
5.298892046919416 -1.4184551988485032 19.661267028954946
-1.1050180616106033 -6.207452757668365 69.1829891383473
3.039464703454977 0.8927910371748505 -60.13959706586659
2.1776517641001587 1.0049290009114307 52.41976851115516
-5.889882486319682 -2.2295815465374598 -5.667069221315174
-5.9151272396468455 2.352198848935201 45.91574389514128
3.1550739138039305 0.3824469955575017 24.098811707797523
-2.183203936285189 3.175494773222912 -91.66067347038312
-4.593672178598406 -4.658780452613506 -81.68773717888521
-2.425148602293886 -5.801632534234357 82.98349634572075
6.185065939202996 1.6430191457324415 95.56934330470375
2.7502259156899336 6.232576830573061 8.975828172072527
1.4344313893294185 5.51176208378011 81.99297232986783
5.872036023314687 -0.16791122437956923 56.92428741131721
6.465164125962126 -1.036950925007092 88.22541573531377
4.5076171332229 -4.80394663082331 5.202333439583902
-0.4662513619990119 -3.5111059587634617 50.888358814231204
1.7875211169926581 -3.491319998099825 -28.722507773744788
2.6711347953173648 6.235558291658723 -44.04268120979835
-3.323009186844887 -3.227739332624558 -17.93921569586524
5.068357312144536 4.410537203432396 94.52645533176452
1.6600201717002956 -6.524722919175451 -39.306684303517464
-6.004769882190661 -0.25363038776295677 3.555738293153153
-0.0027247527797440996 6.727968232262792 -42.26426301611447
0.8230556369692452 5.423893212183809 64.48666841653257
-2.4426636272925073 -6.410806460713924 61.58915202182841
-6.196471561377916 -1.714616965512708 -68.13315597827999
4.460105161933346 0.31201065935364236 93.30748304508484
-6.016182378336411 -0.06491772628155783 -31.21979129159196
-6.3176714323755006 -1.4369032013922662 -80.92747291123152
-2.275642292036445 -6.232650540220018 58.541847748394794
-1.4461236878168842 -6.699133627164559 -91.27496959303168
-5.404935579554383 3.688936759429249 34.26067463888916
-2.618458950817401 -4.113506687088024 52.69772457043138
6.674913272024476 0.38196114354127986 67.75612781729764
2.9143654647727706 2.216159692377586 -77.7748658665428
-0.37176944614227836 1.3702893641472846 87.84101234837644
4.35890992456614 3.8389325330160107 -16.400562826343535
-0.22872762736982763 -6.603366847897267 -62.85223228374782
-1.326329681737044 6.762593511918076 -29.732016921861142
-2.2137148837745007 5.600135926683579 -9.236146700762887
-3.853094345571496 5.39264498877394 -23.575727072739085
5.282263973359045 3.8027419429931255 88.8950049110252
2.718936795221585 -6.161073237946188 12.081039231050461
-5.807704162659168 -2.8946380520049844 -42.75577719368252
1.2511647106419916 6.4581448471342116 -78.48437881573085
5.206894746263483 -4.079953249667698 1.058135636879155
4.07675077310375 -5.261063243605114 84.51101816114478
-6.696858439945381 0.9566869990063382 64.16165714671882
-0.7713994180965464 -6.518506521009741 90.20046427693401
6.487939510662486 -1.6960770017966338 -19.70761119203607
-3.57693600509806 -5.492322266199579 -50.52570187342681
-4.590015494266426 -4.10913656498805 -85.15741573771169
4.077662317633196 -0.4122863136923519 65.30581120773796
3.3511658165534297 2.232364123377883 96.19815696707916
-6.44709687500665 -1.5568939633916434 -11.71728321504208
-1.1639084918638045 -2.0777325762969747 -89.40711053970263
-5.0089063226586505 -4.392278338865418 -74.78511307462551
-4.604811534003209 -3.662268506820193 60.06394566520352
6.493582411245594 0.253608070729273 -23.212635257543784
-5.734431510013384 1.9870745013691828 96.31816832922158
-1.0377998331501268 -5.923839339935344 -70.70661749769198
-6.366309779221245 -2.3146311335264746 79.97173754630364
-2.976914309029038 5.409781654284823 4.160486040966764
6.414445567428665 -2.1663805839365025 -96.07763254521264
0.42912270923184603 6.5600156422583 51.31846571066809
1.475604356216533 -0.5443439574991422 10.153147158263907
2.330160479876422 6.305313245997443 69.19196151417466
-3.6862768409485493 -0.3405685191429748 89.72705984549036
2.5940416965313626 -3.7225382888811542 93.15283014808007
3.536082211982405 -2.578118933443186 -41.442650683329326
3.689313909375614 -4.421030122351805 74.00092983416226
4.339301895426433 4.413473218804818 -99.0213125939511
2.855817835452634 -1.6332550437487632 55.80338202180343
-4.859331982936474 3.5357296905373365 -12.047826304063125
-5.131694890764905 4.059214091414717 -33.97771916139131
-0.30712714240023953 -2.402365197087917 -39.192725118628495
-4.16924887468402 4.428904193214326 97.28457563084191
6.249936237329198 -2.4020072313576053 91.81274973969913
-3.3635555612552257 -5.717804372049417 -4.78734263954779
3.0236828517100713 -4.861731325468738 32.131273585781855
-1.0942727819059654 3.733159549468083 5.910525094140077
2.3043245782602075 -6.3620349807183505 24.42308589309124
-2.3266667391538665 -3.010008634910878 68.77864446204205
6.333250497164096 -2.4405537618446784 99.35718916587592
-4.196859363264741 -5.240678186709818 10.98443706827824
6.565052168607392 1.7248085484160427 75.16667013403965
5.67322826558111 2.923333638174972 -42.985810802038344
-3.7034694763361773 0.7621543080764521 -28.6847157943443
-0.6871622233952258 2.1696098187666064 15.576073562688945
-5.5743913528456135 -3.944579200031704 -29.008536512065962
3.112109057905161 -3.8674040088625086 -80.13151535343255
-3.798214813623117 -0.5632350769448816 -87.18811117429
-1.3333770813179433 5.540681099643118 8.749111816399429
1.4856943955566333 -0.9455418348136364 67.11301948671674
6.041457401178174 -2.188601020481083 35.02203164400756
-5.583132197151175 0.42594183345547565 74.3883151746749
-3.3563245848238097 -5.5267159565361 65.48268645501878
2.7946842706280104 -5.876389809510288 -93.86636527359879
4.334265687275647 -5.239124567106275 -45.803890242162126
2.2111489689095074 0.35835011878117906 -14.189024237097051
2.744724619390322 5.567996003502869 -9.883975466702168
-1.1686797386003482 -6.4247723480677585 -8.749969586451773
5.422226503164821 1.096047937079346 77.73894081144805
1.2922758690073635 -6.592845012508325 -17.434577160649276
1.7130147189041633 6.538666051645253 -58.27972573144388
3.1953149297991432 -5.638129849264126 28.645144208229922
6.852824956860847 -0.3800036703578511 -83.65368335793683
-6.301194168338258 -2.4172504715995715 74.71547687057975
-1.3395391699244537 -6.682171452765323 95.90265743740359
2.3249887114169634 2.5403131061340716 -57.608171001653055
-2.137169656882181 5.741154278813115 -76.96273376670634
3.7135992013368075 1.9734812730304476 -28.96227603384788
6.095665699206785 2.766396660017506 72.14068116244003
3.6460057466172917 -5.429295910430484 -89.71405337319668
-3.1010845341817546 -5.582149559601483 -57.81182645458688
4.156416233321397 -5.1943775742592475 65.29320945794579
4.83939097247281 -4.431524239677908 -56.36198457561964
2.329627311545284 1.967954009812664 72.41115341922992
-3.783818418673158 -5.339261981379519 -60.570074534445425
-4.921741806705908 -4.454357943021795 41.73329699555914
-1.8889892639988233 -6.579805880453169 -55.143121182365306
-6.151699937451999 2.007249679479913 -46.404336683877744
-0.29915149910098143 -6.494164300058278 32.99672844156443
0.26327740260184085 -4.239167464904367 47.53048591681444
-3.778196693739775 -0.7463320371065696 20.104452772461016
5.651402838204089 -3.307178958995902 -91.6668628977093
2.5137937725279147 5.951618111896763 -1.070182985216396
1.829396529007636 -5.378631197568659 81.53261327216367
-0.3661516690908257 -6.726234152779393 65.94828192844055
6.780310888795376 -0.3914275648292178 -68.30560563162854
1.9698640381807737 -2.7332308980555666 44.70818819735844
0.7917456133814498 -6.770179008003416 6.735001623726443
6.337219030333909 -2.581612899205072 10.248370398128202
6.275922239190458 -1.4693663408552577 0.12014217829302286
0.2841143183530086 5.539973316437763 -63.33065567097011
-3.260442851761365 5.373804843613748 12.02960856611438
-1.3363836261830804 5.857252632248801 75.57478154474688
-1.2596751401719553 6.685652246050682 69.2314310358448
2.118121648054764 -4.077559643069163 -99.6178179271117
5.153710019822352 4.48752829372882 -28.723412457437203
6.17867003084697 -1.5482979348913375 -51.4563865836428
2.9732490322328635 1.2216129955698498 -23.418143739425844
-1.1871854553061365 -2.8449064129503667 -35.924690337921064
3.1624940290741606 -5.824519666033301 -20.12697061487014
-4.786375683476426 -3.274620736699057 17.46968790058886
3.7241741777887056 -5.4508665932760225 -2.7840925470924343
-0.6389233803713824 6.386286590346686 72.4022409776975
-0.024660924391658234 -3.400684717740367 -95.95950180593354
-3.3458745861108827 -3.2232173744772137 88.38716193392116
-0.4715399613032335 -2.8583620920785044 -52.8748355803633
-1.0302765377568024 0.9880710982100613 -55.82019704243051
6.529938892877396 0.620997410875533 85.58189133095394
-3.188880398365911 3.631886009951229 49.907743821160395
-4.227707142366904 1.6723604339903388 99.09480318992888
-4.1727545678020395 4.543110665351581 -67.06015049424866
5.792604343402507 -2.1683846317339937 -4.186791854234048
-3.653544716190501 0.626634525011821 46.47421542540842
1.0183772442715784 2.788489536577064 -17.841185427281072
2.997393552974179 -5.905915295228155 9.16871407360606
6.4934251582930145 2.611427071629461 -91.9933225793734
-4.0320026329001575 3.225499713495952 -56.935890268317394
6.716847140292806 1.1230062391174722 90.3231687601259
4.037146727901902 5.145454027590771 -23.03563480919057
-6.122731975018914 2.1858604962231696 50.625906763903636
6.719037222060738 0.28796133086312325 49.580880327429604
-6.297128473954898 0.8491466419760484 29.98475041350425
4.743405050902979 -4.750933331042177 -70.22507616573486
-1.7917092220697313 6.467362945784163 -72.3476003789923
-0.11501285749133276 -6.643013003873145 -13.884574680730529
0.07594804962525452 6.554811640060023 -91.42738086289506
-0.45492130407723436 2.0484195406026386 -70.35386185507141
-6.608976528131201 0.06845456055790648 -35.95838129581606
4.480143794662807 -4.7999004092379 61.942366498785645
-2.229176598525656 5.621539891377098 -34.33205929284951
-4.534361724053353 4.867872467533219 59.63853320845812
-2.498103359143136 -6.034332437914788 -16.826064119747834
-5.925365871911269 -2.9313144061139615 9.754598475078756
-5.493448689416131 -3.608430746194016 -38.767511369051974
-3.7642731247229166 -4.123552638922522 13.722977281837299
-4.84846948772884 4.695383488539149 19.280317849193228
2.6173480297686673 4.1522135522204895 2.8971856920995727
-6.74763148933749 -1.4461269799883885 -90.41378046831252
6.412880649329661 -2.09963480372836 -80.55519972824428
6.407682915872579 1.4257987319241199 22.83721819368784
0.1571117896805323 -6.556256009947394 -99.80350253422255
-6.430957981038214 -2.3224141368666316 99.29840018368937
-4.14665253050906 -0.8962414534551014 -7.57367775422433
0.5529461626585798 7.010747594145731 -11.70606461799569
-6.177428962744096 2.037420272338974 -98.70329220666105
5.039001303987813 4.013900310973223 80.58361185366802
-6.297319477261047 0.6353224832129909 -39.47050413328212
-0.937234748028402 0.44764886868700665 -36.58377427845548
-6.634694472941883 0.9825037874078425 -85.39880878000235
-4.365495239803956 4.986346597482529 7.248801368805418
6.8048194878505885 0.6277724713989612 27.279829567673126
-6.147841064300532 2.6511802305653753 1.0791198017862846
-5.960598351347403 2.8203510256893374 86.77338641323827
0.9767459308163102 6.318816912961178 13.54591843534753
-2.970574066559665 -5.513285797261619 28.06343981450881
-0.46350654457468143 -6.705162646273587 -4.8142685461205605
-5.102143218538666 -3.9476296346051107 34.185487832069526
-2.6150515366711997 -6.243485460494585 -28.274787416349312
-4.023524187629007 -1.5726013313203058 -54.685187804406844
-6.2570034797151095 -2.002504406384017 -46.07599435633634
3.184085271397999 1.5377616618727972 -33.656004238189624
-2.8541144081854153 -5.834451009171933 46.34331079334211
6.351494668351502 -2.1078907734050802 44.84923920102825
-1.375634517639034 1.1914874119573982 -48.62547016643884
-5.514057338959392 1.042106856185121 27.290069620976467
-0.9680981800035998 -1.010356584118293 53.44799860599411
-1.7381252686301312 -6.3587793599134095 4.599615660048389
-0.4440957360117817 -6.600414449153455 -21.15322290830781
4.346423095465989 5.16603640600364 84.72553488702125
-1.239321676017066 5.873876724424255 62.2655950609643
-6.597688635408849 0.7125535062748212 78.6800202112952
-5.779900888264031 2.041966357239997 81.388659079833
-5.005774706313466 4.35260228504058 78.2468058520297
1.1690445930032336 -6.474368462536328 -57.63795145208012
6.591215357708517 0.08535476236683544 -36.96964314420048
-0.48529765626448057 6.515265529136905 -51.54569347776997
-6.638372907695544 -0.8856052536979245 90.05181985120183
1.3580251919641046 -6.866786266359057 78.94786094756668
-4.455335880159279 -4.950834193937097 90.78673981225964
-4.072482474114736 5.376877624553942 -31.34417950583592
-1.282287773301638 -6.206372275488806 9.253008602230741
2.8249058320018148 -2.292626422750737 2.9967488416515344
2.533923907284465 5.838481136883317 87.79834091068066
3.151092232826611 5.440074749043194 -91.39154369308531
-4.656936478777821 -3.990299272361615 -69.01008322755091
-0.8683242669909915 -2.4877259166347865 -85.87418132952904
-1.5600197899048132 -2.044265484490573 82.55632748619459
0.27854278108084807 -6.53880060716029 93.58580198037312
-6.097937128666127 2.893956911663893 -82.5345525534999
6.1126175628457835 -1.6706171757987944 -28.844013410594293
4.0150465838717135 2.758551841147255 -45.58451946832267
-6.480973939830539 -1.3880944192959537 -97.71235184876242
3.184634435506267 -6.055876351663841 -64.8586739399452
-4.362362432581539 -3.870539819662712 -35.33131974914554
5.728337457726214 3.0110525822298833 -31.25634087496766
-6.516662934123169 2.03128042426373 57.3110036940202
-5.122460685985934 -0.1301076268461192 -1.6842251219866506
6.32925885640975 1.2771055763804646 -20.487497459912785
-0.8660403780846235 6.870462200918053 -26.572231570248118
-3.9459145449569837 -4.226584569872628 -99.85531735774858
-1.116172040949068 -0.7122419289444242 -5.931121423655244
0.6314371524940904 -3.0875694520767345 41.44848394291542
-0.6195461171900736 5.835757704249771 -47.2062767081568
-6.021617036076883 2.8155133487682895 69.72527297631643
-3.483439338400974 -5.594566668475427 49.523215483577836
-1.9491405968014528 6.073326011475753 57.58833471098114
0.16891967076800563 6.758572540304116 -86.65509550003202
-4.43097875883725 -1.6512760513088578 -93.57469243776646
-4.703810595976599 4.6395380617031154 -88.56286594070635
-2.871494262933133 5.745416528591678 -59.23566670498989
4.439751042934328 4.850442503933144 23.351463754124463
6.302916201791448 2.151424255004672 -96.82671160484618
1.1996089134204204 -0.6795340380059289 94.83920373830334
-6.655809575919951 -1.701472669351628 -74.241164530914
6.249223897780278 -2.407653934313199 3.3572219658524696
3.9219413542828545 -5.024285683822781 45.583360546414575
4.408255974441923 5.007917742592511 -49.477498294798316
-3.8268698121480673 -4.996870601860481 75.74015385691023
1.2328989467197948 -3.652647761697701 5.204168685301456
4.23525173816103 -4.776922964571156 -32.45901889248619
4.953985974061814 4.062514074829832 -39.500123094732324
2.928758013327445 4.847243987838895 -19.280963816244416
6.731133793629913 -0.33386176038815213 -55.54348972645622
-5.916767415980924 -2.5353517426052745 21.0591515925339
-2.7496617116229127 5.604801907260496 31.40665990839336
2.944861775985226 5.814304487736456 28.888800179974517
2.3332046069455794 -0.6056414562771626 5.9750784904158944
-2.5962098292573526 5.952083008403347 -63.42381846014103
4.789091574607483 -3.770024611269498 69.97125718816223
-6.382180925439441 0.6552952716763164 -4.921366332844054
0.8575228699158741 -6.462689431911937 -50.144295297538186
-6.671824520120893 0.9379259125601456 15.600391101035642
-3.957750411496286 -5.133927793922934 -45.619080442804304
-1.3156397428383797 2.456799517080679 42.481284903829405
0.05950268602946979 -6.781904064850938 53.39278740240482
-5.149256499151842 -3.7478575847794007 24.235754006233837
4.095826333115977 5.066034868270596 65.60706125680662
3.1701223772454146 -5.344017370634078 -85.12821352355388
-0.6328927032394587 -2.9007109177362533 7.162780072322487
2.0399070198216482 -6.372775063879977 40.278646098195495
-0.06259322993724915 -6.666899402277502 50.32132962609866
-6.32699673245782 -1.0496778847490031 -50.105701961161934
6.023186968289394 3.090547613595653 16.107465399196787
-6.385055425918035 -1.373356731827587 44.32587075407306
