-0.17573942839715206 1.253635232156928 -40.31900751017677
2.2305988107762063 -0.16006079532170361 -84.22754767246721
-6.156880002783062 -2.7712984192980463 96.49076512744033
2.2490135241201483 5.776274236224369 -5.2670672748038365
3.8815266186115154 -4.428139524642427 24.716648409177214
4.225795264787529 -5.038431860741434 47.441025478538215
4.225571778196895 -4.967018206727149 50.54875894226129
-0.8437859232759348 -4.017481725644855 -92.66951285550789
6.616603732682917 1.28874015639764 46.34657826614378
0.5762136964486289 3.0582550951706415 89.40808240118726
-6.336535678500723 1.898236280326977 -8.085737318093559
-5.430393943006099 3.853838629317066 -41.10948643440477
5.086925713167851 -4.115289254196991 -28.496209572344448
5.862223075941083 2.3234761545215585 86.56686344329799
1.8389355670329333 5.800377294894188 71.4737757769949
-2.270694039462889 3.792607498874634 95.38157809967278
6.148683011390568 1.766483611291584 37.02840717849335
-4.699329465498819 3.797891237502252 15.522330633383845
-4.878748170604181 -3.945968685716628 72.73547587191354
5.44151288137401 -1.1492403624835994 -74.50983166732269
-4.666416345082676 5.122879961416923 73.43460469490446
-2.669582267300788 -2.0114250404134006 -91.1000490370832
6.168415940446839 -1.27598789485951 79.042715203785
6.250813311464776 1.0178123452454175 99.01475040865918
-0.9786569707108116 -6.459843909778504 23.038293677801402
-0.018494130278625287 -6.181601285554824 -72.85451856900279
-0.5825760405923566 6.154606925134224 79.03802700387962
-1.9131532861272713 1.6588482060140433 0.09371347482322434
5.626753274022233 3.331371157390506 9.303567455007313
5.613726040030491 3.5452412661104504 -0.7380563069818113
3.389960549716267 5.75665387692846 -55.221002405069335
-0.9091266115527596 -3.857948075554841 94.53685445617496
-1.8693024509006577 6.150982220151373 -90.39721827855656
4.126055766556511 4.501815090975726 -88.51653387451462
-1.3270549635748699 6.624997943476382 28.69381300346967
-2.8755262381217244 5.66508851267202 42.42660370429915
4.963961396102813 3.393828153931859 -54.0342538236981
0.1945221313504114 0.12550732439343004 -31.820806200978723
-6.506049551673425 -0.02561778897290401 -23.32956431422042
4.721421369348309 -4.32841320716257 -24.28953338195296
5.046154571230341 4.324251026699622 -41.641391280009806
-3.580453283478305 5.427632112244457 -49.40305654495618
6.445300979780508 -0.10438545712518466 33.989683810852604
-4.811504861709886 -4.242374583159776 -31.55810055093977
-2.484593023220852 -2.369406758764593 73.01295502948236
-5.021990170422353 -2.9322957095772577 27.423443733384964
5.3305498271916605 1.4433129288654871 -51.13607760842426
-5.54024709264463 1.7358498936279854 -54.20569743053977
6.2244896207045946 1.3265523542449569 -63.96214262874876
-0.9508331086211664 2.27390348895847 30.83593739913687
5.797382724162658 0.980220184884556 -72.0089781960569
-4.707906735363233 4.3761845590455515 -44.52727759423926
-2.074421891015847 -6.561708735541731 -11.98571257849913
-6.204718850413055 2.8555383798763665 -68.29665962581153
-1.3309417208697143 6.286246482283245 86.44297316657074
-5.310266303391796 3.747023015261657 65.5451546594306
4.205316977453438 0.013052420501699302 -41.362951276751176
-2.5300235683181116 -6.262346463517156 -83.96052589714837
-3.294378261972168 0.6532769985030933 64.79970346893393
-0.9086478958716354 -0.0536357775128645 83.39998921823506
1.6459080739195402 2.2613143552743464 -96.51259163991244
1.1345391527301674 -6.086555633034925 -43.13517241726404
3.110107401277091 -1.3938335237455644 -21.644269110608025
6.2842496829599455 2.0553051995236213 -32.001721273416344
3.5417150047472004 -0.5200290859440488 -15.526559329011537
5.7156898002517025 -2.8438248035100258 -57.39216660402161
3.3598339189137687 5.798952053722629 -68.23668108810823
0.28457142776831534 3.9614464874923545 -91.21384035491268
1.4583914807728557 6.463079360872546 -81.62204811577033
-3.850743994639033 -4.003570775002846 5.979151153142957
-6.305156176127922 -1.5006664094325102 56.0112299456398
4.867022577546111 -4.66904172326062 -35.8686814217869
4.682968429295413 -4.505765245824812 16.779416216382707
-2.34549654115307 -6.065959744866785 -32.65209052021606
-6.340472055002122 1.3916178102525718 41.145339666022124
-0.4224554055203403 -3.7138384258841444 -65.34222815294336
3.3558763666746905 4.909030135383773 49.46316887308956
1.6758202073014086 1.012474855997558 16.578749246847146
-1.3437300944326287 -6.547560784655221 -0.9323437114820768
4.686077164432528 -0.2700118616991033 42.45726625906777
-4.1643619888754975 -0.4507923904082209 8.91317152542738
3.5113094234978384 -5.05817066544235 -13.7272005382533
-2.9167095324086247 3.320729832002615 86.97269326184798
-4.407036034983256 4.685884020998653 69.10912587316129
-6.126136689642191 -2.591263148523955 -78.52536930123333
5.387320686274315 4.296508619095457 73.32882182528859
3.4750703398783958 4.105960931131858 45.938964766766816
0.06407243138819974 -6.586141847927583 13.03543914349911
4.091137613523502 -4.960313108271883 -96.74248197462742
6.179625585608376 2.6642864584527173 65.40904136361185
4.467434797142153 -4.982573464706557 57.72058315113488
6.301312679329335 2.857613242236259 -83.7852652301748
-5.96380864421586 -1.1389671555484153 11.456623919079748
4.408740132692078 -5.188148918962801 -67.1626296231388
-3.9750624089676894 0.4615880513241406 53.087745628336734
-4.463505344341052 -4.449623750796554 -24.099315654859204
-4.234132290678099 -0.45400027426626016 -82.97249256024188
-4.252698213382418 5.134507983505691 -14.631613214535516
-1.7405804667444387 -6.218025501241439 35.82457391764782
6.3306439436737465 1.3499923566607746 1.5756320654880578
0.8878332372904039 3.222391045225336 85.48924810781003
6.275837690269772 2.3244969849357604 4.743352554531975
-3.0063728179633147 1.5991359138773458 -67.89141940841452
-3.035537150154995 -5.638340905513105 13.927263219491994
-5.934435607169297 -2.4631569010233134 37.221958497574796
4.307208243180389 -4.993647096459516 40.702655830727416
-2.1484352355534373 6.168223839828551 20.966686061927128
-5.527464664006377 -3.1180923289969846 -91.90243443053348
-0.4282627836334664 -2.2075375598297335 -68.65553461867952
2.2076343003604135 -6.063670224536225 55.22049346414023
2.7713695268311733 1.4364060986937548 0.8712379657853215
-1.9028719205010547 3.384712791656695 9.197179740822847
-0.39407401309542933 -3.2466481930362594 66.58870635923553
0.09172485042635486 6.019280914769363 95.18248439681322
3.010749951585553 -6.014233814949295 -52.802589533183124
5.658183142142138 2.764166469324094 93.38012372063606
4.9431179712203885 -4.1626959170017015 -62.556055317173204
-2.7797310368523 -6.27066129734189 43.27860986350721
-5.123824689327799 3.7525071801753516 -36.21837534309145
-2.472315722923598 5.228000044683069 -85.01878868008951
6.414796130058395 -1.7848037067994085 14.469763340135437
-2.574362633000316 -5.08130805031971 2.8969309260485705
-2.821288317221929 -1.4488681973108024 92.92868890859077
6.3794692903875845 -1.3724601817905706 -77.51217313580764
-6.341974938163032 0.8386207575029088 -78.5939940913884
-1.666168682032212 6.069018536063117 49.676917759312225
-5.545311472992729 3.7015401143788282 29.012706039688876
4.7813231360582815 1.8321236227424678 54.72918129210266
6.652949222379008 0.3065488956156453 8.637443123887717
-6.355819324378383 -1.1348839249460234 -26.296316964235025
4.083491033268377 5.269278460299493 11.584437177324888
-6.475725926366813 0.8832591938892037 23.779115088752818
5.3449181605292635 -3.8575382874872366 86.39676938709539
-2.8049878127976506 -1.6919817604882552 43.92148280175169
4.626530777449037 4.390189305930218 25.413656583471003
-3.7998939628725243 -5.259543561259703 -66.73153428468535
-4.278345542757556 4.553999016616196 48.012148443699736
1.7299650061479956 6.404931280598834 -31.02184226555404
-1.4779805396518508 -6.184515150243667 74.78477387449007
-6.378297256654277 1.5617349040682404 -51.21209925555469
6.423969922866461 -1.3832265915863249 -37.36009538102849
-2.5071976894828425 6.2061355118252 54.900859482636555
-1.4465459913945173 6.435101820650526 -78.59474326367939
-2.910547561269035 -5.608723722398046 -78.45696929271477
3.3076308237318957 4.8962717015650945 -64.95716547344404
-6.512826343345911 -1.7188124032562881 50.90363580130088
6.610382097520168 -0.03398411892473186 11.697230409736413
-5.902232954538424 2.4992923244488727 -64.31617982609171
-0.2185485243358559 6.029691777380992 -55.41677771973992
-3.8154557830887503 5.494260372911226 -94.59012552826825
2.757304035173508 5.04371136386406 89.55829810552656
-5.967363533920543 2.2564273067790412 11.419223644526213
2.5937454505890787 5.715520788818916 35.81800326607357
-5.338703563412115 4.07207927322595 0.8927677512532735
-1.5234679786747256 2.749053160215057 -99.5808841053485
6.327075400491175 0.15771886062454415 -2.536706725967848
5.034681166080211 -1.83659096471107 -64.435477422152
2.4916147158274007 -6.079330318558163 3.2451368544891084
4.12496890648223 -1.595015011182509 9.144187422222442
-5.54522034671845 3.6552046135997296 24.0828597144062
-5.816867238168742 -3.2882237855183605 -58.62850584861133
-5.4060883374314965 -3.5863678905177876 84.30830848203115
-3.1905354151637604 5.890828169110526 38.953659877965656
2.9975839039655425 2.014228632193893 40.83455741955344
6.277554096164093 -1.4124654730975617 63.0293954459846
0.08444584944845504 6.670766485428434 -0.36331062631409994
-6.091750656973623 -1.4917026808996696 33.796164498838664
-1.2070987850112218 1.9688264253753678 23.050045448413815
2.1415945853810476 0.06929402032432092 53.124679189970045
-2.682038263849941 -6.023282238565033 80.18453822399972
2.1682763081864778 1.5162981289592066 -25.854393819380203
-0.8542910859823113 1.7846128159547587 -54.747834936174186
5.617315342882536 -3.841174600716632 -7.683703766456403
-4.333090429827455 -5.0200769907806055 -62.37749039686096
-1.9898086073934713 -6.397858589444978 -99.15082081232376
-0.981828054649437 -6.511305396219208 -94.73894244150495
2.9325479137145654 -2.2462877313787906 41.55728601196486
-2.019519360415967 -1.9458114213400672 -19.355313750877656
-5.283959125645133 -4.219594105042972 -9.352426035608216
-4.583905218073855 4.055968269218095 -27.748909347975424
3.0255494193754116 -2.291182259968091 58.434571164241724
3.9512105308892327 5.534808638625811 -44.03298470967969
-6.784485591513363 0.2956885632996358 60.14955917444938
-0.607721401905983 -6.530622262834444 -76.08319296592248
-5.158949763416764 3.768745772314448 83.78891718256187
-1.9580791865653517 5.68050050188758 83.15217165508459
-5.5130331250951885 3.0944135634784495 90.64428404535326
-6.32281231275034 -0.6400502181084934 71.94484895611164
-4.057933476010404 -1.894030392951708 -34.241170430919304
4.379896824976384 4.905309817647333 -61.268231432515215
2.3543934800176807 5.090196517385473 60.47475071729702
3.278232989891991 5.928633599638578 -27.323601906965123
-4.248510809975382 -5.058277836402025 54.51856892075425
-0.41869567019706133 -6.178218990196519 -67.22191734308059
6.183828302045826 2.4881359177066673 43.25045391353266
-1.1174465809957548 6.09250395465828 -75.33844416667048
0.3039066096555191 6.673702301778992 31.16355534847644
-6.302118401655948 -0.10082767418665856 67.2681724002707
0.9240508778660129 5.593676023800727 74.41925805544344
-0.7061122070524698 6.018210036760171 45.674491232940426
-6.121313631870115 1.7355210293148249 -88.01239055982172
5.432666354824456 3.489082438599035 -78.82920704415996
-0.0006989614719939371 3.0563954664486968 -83.7909078263944
3.9987022016808313 -5.4257373063041925 -87.42688803885719
-6.425677148912664 2.4062960066305465 19.447995105813604
0.9547562938422298 -1.962058217244988 60.85761845933274
3.4377025720860632 5.6913647482236405 6.814160327601984
-6.61791035457959 -1.9521222537688274 -86.05876934415595
-5.10046374993954 3.9952914067784797 -79.34401746594062
-5.738358308995139 -2.532519964018792 64.96928347563048
-2.588428806899949 -2.162747196361005 58.86310803906049
2.426059745136681 -3.8972148868906102 19.1258610987002
-1.404493088213448 -6.472051461279172 68.52957536366675
2.553860387989543 2.8090940383414575 -63.22948521845107
3.859896292139185 5.5364143874548155 57.36382988649283
-5.399081910219369 -3.267458286510935 -3.9960144298486204
-5.8419272604080525 3.4803198815416647 44.876151447246535
2.4357887760051047 -0.07390467662765676 22.241418751386252
-1.2360599645661885 0.06635991425379774 -93.09752460336865
-4.8654990297232565 -3.746246154394216 -83.04428413520695
-1.6216646830283608 -6.511858066690454 84.31085185024428
6.0400931587199125 1.5129849598917293 95.81376497130424
1.8092054839980007 5.824353268392889 9.771786079931532
3.3489861990154575 -0.7103015823365737 80.2137590054878
6.452300193955236 -1.4686816855188611 59.60282819082212
6.146850847557172 -1.6641123806546023 88.79131279232205
4.590554929638761 -4.551149934590821 4.869855390842092
0.4310968715613006 -3.1860689457395326 48.44443983520946
-0.9513537624119682 -3.41820430739173 -27.16340865357481
0.4121890622392095 6.758271675975907 -44.868941332174366
-3.0790647290637883 -5.44660634887454 -20.897902560879494
3.8795105520881945 5.018506393468434 93.59194764093958
2.980815107166413 -5.275337489183484 -40.34291260758649
-5.214252478842191 -2.6924448671030703 2.1391831935911676
1.495519879798142 6.444846491145876 -41.66055276185861
1.2231916135275283 6.319081328203767 64.616431040147
0.3780370335111105 -6.529334158828108 62.370132923570196
-6.4931573358467105 0.004339045859352408 -66.91476468938579
2.613177158943316 -0.4133606863663855 88.64258053337774
-6.671494490483452 -0.1591903418550774 -31.161297653713113
-6.725009816592168 -1.0927914409886466 -81.25643293017272
-0.05966321471891411 -3.0784625812208564 55.29312742582086
-0.5882832508486247 -6.586001142853119 -91.38933570904408
-5.130748859952395 4.185400661606633 32.8424335144095
-1.10589115236382 -4.588383794316303 50.71775893915346
6.716391466026618 -0.86093666330103 65.78290818595134
4.1436799237165625 4.89440083125974 -71.9285952417028
-3.7722279095846467 -2.205332323032553 87.95109690224999
5.886890263992354 3.0254051134520177 -15.856651621811826
0.1359975947400336 -5.7283059766323134 -60.69718498562684
-2.0179638863360436 6.336244550036416 -28.67687938542827
-3.955559366426472 5.257454208184182 -1.5159212405584648
-3.6245949514150273 5.544877692769804 -21.622342284939975
5.391577839316661 3.9214073583826043 88.92549213977756
3.0247228760011358 -5.787164793445324 14.39642407057073
-6.51194517931787 -0.783657431772286 -43.75996478630699
-1.5261172819528936 6.704169056301511 -81.68233123823977
4.998645039550018 -4.310807587603597 0.04327732566849274
3.000738306301812 -5.285660161882518 83.77188913872541
-6.3467223294296815 1.1734520676302034 64.20086425143421
1.039903263086492 -6.487709409451793 88.5356127934702
6.830017364781319 -0.06481500236055078 -20.142635160627638
-1.6306102747304152 -6.276830544721514 -50.66298259778938
-5.115382475896819 -4.493174879541483 -86.45188333602304
2.047659913499682 0.4151239854836724 65.95185127298112
0.8808200273931499 2.4505229970306286 97.869775100348
-5.8957457474434225 1.1922799324685602 -13.18851409860751
-3.4860546234052303 -4.519757161480898 -89.535946998897
-3.8926793528072063 -4.94269828368751 -75.09488945110382
-4.963774918655411 -4.297013042712577 58.011237435633944
6.664168086502975 -0.3755948301918341 -23.456308467810686
-5.610312689846894 3.1224458349017863 96.0605124569894
2.2087684027687833 -5.499600224168868 -70.66278782989565
-5.197743439570272 -4.140469185425574 80.41977504808708
-3.0744766251671405 5.693769509519131 3.1906547611201717
6.064863510590883 -2.367253924335704 -96.14850798540168
1.7362902464219607 6.290610551334564 53.50244713534507
-0.115904435516869 -0.17746626065958124 8.465418852448733
2.8487208556970995 5.3624811050465215 68.43315449510352
-1.6352756287237535 -0.3129264790808827 89.27639883102037
5.626139451806848 -1.3681599942962233 93.50920561708865
6.432066771394056 -2.1903664424981955 -42.53926725899481
-3.126177837737584 -5.946943265526269 70.9949179539904
4.970171105242881 4.171370111075167 99.38777926471069
2.5187986268245823 -3.2113696660594573 53.178990353122146
-5.391816882076679 3.663998724545714 -10.705638699047352
-5.649641685856949 2.2724939883801496 -32.964816462697044
5.602797831902762 1.5616230710028514 -47.972081301349895
0.5775113587063123 6.292833009579454 99.54110612538649
5.213661114812306 -4.141596831897462 91.72075643523854
-3.620181199815205 -5.757983928475703 -3.520893829503594
1.536765126645028 -6.228404902526362 32.73175887161338
-0.9130670459073089 1.6779705182997662 5.630360901947196
-2.6612932092569084 -3.7401550102028827 24.733459335010245
-2.957607406798334 -3.1800467041461618 69.3571104366459
5.42646411933929 -1.8700807602800378 98.20078505052626
-3.338719052075062 -4.129347812873873 11.388686317394852
6.247676331166156 2.5503287099865077 75.73069413874185
6.506495662729752 1.980413276791759 -42.23085105968255
-3.1636613470195747 -1.2527928148972287 -28.50288042576443
-1.8464684718949833 -1.8852303219828586 16.154736289388573
-6.040732655002197 -2.9950750960899866 -28.773223950963907
4.147159676868722 -4.119212621950831 -80.88738269881993
1.961048881125298 1.059563789870984 -88.33741535617402
-1.272552233766314 6.753108096713093 9.5636139154686
-0.8050737863643974 2.395633129215215 67.8389556045759
5.488292347427374 -2.6362268647835676 32.973101805677544
-6.305773097900564 2.101788644021607 73.68293275184568
-4.088167947553626 -5.178004781463519 67.2142060954381
2.4734991784946905 -6.210631271643083 -94.11633252329621
4.721460946629904 -3.205327034946362 -45.02261004096713
6.0329073616389355 -2.7168107460050392 -10.894222227992845
4.481898383145557 4.819268465951575 -10.848327984756324
-1.3589224343992672 -6.108520311018864 -8.520176517586478
5.6823377334215035 -2.239901516046746 75.49953180076704
1.2372605783140598 -6.5944246457621745 -18.10888364136851
0.6135283688554699 5.3848481922862375 -58.90290114904657
2.1616508172393334 -6.368141663357327 28.27592905805189
6.449274835270716 -1.5431360679091244 -84.82620559823597
-5.890457745248597 -1.7439890188266842 75.40008676240495
-0.0857990939525703 -6.4612578241273235 96.34678642310317
1.9114641572922855 3.452390049604169 -56.73279636037294
-3.5169509181992 4.616651993005847 -74.66111364687363
1.057213345389929 -3.1069173531810717 -30.42262009493053
2.493958877443932 1.9565688309469575 68.69058965443585
2.9096996763203364 -5.792399367042785 -90.65006480378652
-0.6994508494372125 -4.982656708026421 -57.09540727637364
5.510890337504937 -3.434046606739417 65.9676348026696
6.264131388254449 -2.064217735369022 -53.73957290781889
4.139799995748905 -4.700535067645716 74.60056300814458
-0.601573398369454 1.8771981879337332 -63.471580945947565
-5.386987895727231 -3.0129291879785147 41.031950528460854
-3.1598701387970363 -5.692571166267923 -55.0475053084154
-2.459059893909478 2.7680895416988207 -46.44597262567277
-1.9351593891921626 -6.3151758998520044 31.69853097698338
0.23351063459633997 -6.878610329574273 42.64033121798865
-3.1864571838284204 -0.7662886994523979 19.85985539473152
5.291157871819809 -4.035705032656389 -91.65223268128625
3.1042707262806584 5.747792233264714 -1.0938532046008977
3.1916322409290463 -5.7887757679872855 80.39178768277033
1.4656723837191652 -6.276390412790274 66.5845637034006
6.181654310424728 1.0965917614583303 -68.10857113428949
3.3905742414819984 -2.1328608624499648 47.44727852761225
1.1268991806050324 -6.547146362993801 6.849931045713229
5.240399818391169 -3.9349934340183776 10.25930924065311
6.269310889196334 -1.6057558902448663 0.10797199939085379
1.0129806289832033 6.671777032480563 -63.96082213409928
-1.7416737933110964 6.380689202662243 14.749088897345475
-2.1786218407531686 6.3973259930781765 74.74374053846668
-0.2626333995105403 6.794651811916774 67.3575547554331
4.995020003557223 -4.748767881163089 -99.75456215347633
2.0588308845119947 2.5750478541924138 -30.25770436204776
3.572117876386063 -1.9320551965463582 -52.08447347310819
2.5010887023504953 1.4778331898278727 -23.006966052662335
-0.9280309659792705 -5.737577565068891 -37.401766708163414
3.0442668525378256 -5.613673726682842 -20.456978646360483
-5.441262667168669 -3.958521755407374 18.57967474620188
3.755624388049035 -5.609376749404019 -2.326388890379926
-1.334263551178019 6.476771706985747 71.13743186110959
-1.89831121540614 -2.403236763755955 97.56103579032484
-0.3140402863456745 -6.106231442767982 91.55347042847633
3.250806989254082 0.45566200204667157 -55.90206737312062
-4.659584813716191 4.483246328400679 -52.000763697655394
6.745568495357564 0.17103524124096678 84.72914317354407
-3.04866467551434 3.5862185779356066 53.54491523783294
-4.100995159413797 0.6156639872527293 98.17441707950925
-4.593998368694986 4.594629396441224 -66.24709674151768
5.938525168771128 -2.9566404749976667 -4.306249941911479
1.1481753263214376 0.18751618272365755 49.72385394244828
-5.724815120423691 2.9059926091333703 -19.290134734313394
2.990457734900366 -5.49101727417775 10.848013190396037
6.805031207444534 0.6555283691193581 -90.19413221931232
-6.023324206027436 0.08789266133737489 -58.62506787615829
6.649443961952956 1.2581925810205283 90.23772679760432
5.8695322424186065 2.220254884139151 -25.297675696299933
-6.221610554989934 2.273146930917164 50.95538027968088
5.750993111080697 -3.0711764500301557 54.6768674785308
-6.635903646818743 0.2789672237481204 30.83976736990328
5.232353667504892 -4.045811690029103 -71.99609872400453
0.3847268606344136 6.83788985102745 -70.46738776610145
0.5525917754608524 -6.720414949577889 -15.00354861473433
0.6717708694171072 6.5917099211648535 -93.04153503694913
-0.5932980975767677 2.625531590820816 -71.89500867936182
-6.529209005350149 -0.011146148139286827 -36.274223951606785
3.8626380942935867 -5.414202010826317 61.90341870513712
-2.2129906914337534 6.271981870589494 -35.30416453999471
-3.329022911535322 5.9346286798735965 60.598371135922115
-5.255560956154642 -3.881371727237227 -14.60224361524511
-5.5218708349042664 -3.724733318579265 9.568283139494174
-5.384782463156531 -2.2130556500277545 -38.611393715357714
-5.558730959273629 -3.7229324528941854 13.851755523137253
-4.551357027225024 4.156628149285661 21.045838090950323
4.27361853900649 5.185528254585071 4.3444227487772755
-5.674532890626879 -2.248448099597894 -89.03938999748156
6.782088684778008 -0.9059190321193581 -81.7625628317855
4.7110347096302645 -4.170103154550483 20.92281055996929
1.0244690422775165 -6.110269545951522 -98.54614324378544
-6.991561661224812 -0.059635105828108825 95.38586023430159
-1.9681574884517203 2.435797641471993 -8.919314713790794
0.7280527731886554 6.731604690153089 -9.347713216331664
-6.102628108879928 2.029926325751644 -98.98251382124707
6.62143319216614 1.4460829646342819 81.36468512737025
-6.855255640345143 0.12238615038343131 -40.78254954671748
0.2514667672048078 -1.5002665743043064 -35.40833783336637
-6.633145484612328 0.7361572392672913 -85.21410261295816
-3.4983347573957593 5.6075268073056055 6.712201369498737
6.057905953553047 3.043937360599912 29.412304545167828
-5.887136129840114 2.2643528210166295 5.635045389827461
-4.198271973042857 5.356430037721238 88.93988136911673
0.14977369090287074 6.541763920455088 17.754523406032842
-2.8846979946939277 -5.178952283428215 29.182893805203936
-0.49389046358299155 -6.6409988205523875 -5.132930543603925
-1.747234269757951 -1.9473065740420124 31.309112923697732
-3.6512457376946688 -5.522180573225561 -27.372035080822005
-4.9468928015802245 2.809148626472975 -57.312876588664956
-6.63183225997019 -1.4310694896613732 -47.17589462896873
3.641955182980992 0.6355267771588091 -32.86704407613057
-1.9970760719813618 -6.169689585467878 46.6241865385209
5.74254457004071 -3.202669968761184 44.72111614478957
-0.7325445115063673 3.034881724382724 -51.79894879358167
-6.69738333200005 0.6265876508919954 27.11162039819264
-1.1801444924231745 -1.200142317520097 51.98748178140306
-1.816154624163803 -6.507200797866353 7.064300987455936
1.3244757255957762 -6.540338854226454 -23.32240524789635
4.528602001965912 4.755189487665477 83.95982187959963
-1.2219240006344791 5.658542160950812 63.3189210438321
-6.541807618029259 -0.14728402995681134 78.82683125114828
-6.422948525626315 1.547268311542643 81.66751074615823
-4.502598819936933 4.99358061447505 79.19380018035217
2.709063844799241 -5.602058685117275 -58.61196766443526
6.661397455969806 1.3404504405570865 -35.14157158112612
1.5698340865269254 6.576362498365271 -50.98322499243438
-6.478083197473058 -1.481651588766098 89.55349177055342
1.5005658270745386 -3.2061045381068642 79.02768207228077
-4.309514762014619 -4.873516288157657 89.41225693899236
-3.9696600107320155 5.611433316180716 -32.1294033306436
-1.419555696430605 -6.4306146374721465 10.086250000027475
3.375040943711511 -3.093342613683431 2.519610852415823
2.2834331702602597 5.861334609202208 86.0742454992316
6.230171330363032 2.8708605591213914 -94.43672688400007
-5.221956799972087 -4.013868849325603 -69.24941455985358
1.4495338143961087 -6.066376147189231 -83.49483832336642
0.13884924772824764 -5.443225586489297 81.80141918908491
-3.3858223146851243 -5.93648145369693 92.45169925859513
-2.324690820017678 -0.18045462752142927 -77.94764673796251
5.672322552408639 -1.0220952896692923 -31.116675571337485
2.910726624650087 4.264391903881309 -47.26325892790335
-6.6143050487834865 -1.218037781545582 -98.1065611879942
2.0521449458680414 -6.323470118640155 -64.94702277474835
-4.45659738512606 -4.88107577315729 -35.93637929916106
4.583372783237259 4.653059596958893 -33.44652169065943
-6.080721380420509 2.6009739237407823 57.69731952732908
-6.387053512164418 1.3489470853327226 0.28026988005857406
5.742165248366175 3.0408166545872537 -28.334608139114245
0.834838929464317 5.023237589733208 -23.517262850820096
-5.461355769331019 -3.8657752106313756 -99.23289236236039
1.393985948783338 -2.874727167930605 -4.251884155112947
-0.7137614140109668 -2.8860943281548 37.15956304027272
-0.9726163528210136 5.672626809084755 -47.59546498856801
-6.17823373632524 2.2313439308098912 70.78554917022196
-4.866625005117982 -4.629096992410812 48.30666839239412
-0.18835552268289468 6.699448720103177 56.865996688355665
2.942668003739866 6.134646413938639 -85.60069794848252
-3.5401769517301966 -2.8558166358975794 -97.3671185932899
-4.445126958058753 4.685736022876375 -88.2250829657378
-2.465085238517821 4.2687140656913485 -58.20098490281067
5.112996179146509 0.4153939406553504 25.511012812216887
6.176944389856272 1.548021237925738 -96.86445001410586
2.7034891523755986 -1.6673334359584313 96.94472181954619
-5.087954819063402 -1.6611933130076868 -72.98226650629758
3.922481497229242 -0.2699048421964957 5.722828798634625
3.054072978073733 -5.741231899032627 44.448757912631834
4.663399897222975 4.2223881990598 -49.73229657280884
-4.007181572174035 -5.145327538732169 77.4795356388386
-0.8323007156994467 -1.6563741997746133 4.472369372931164
4.2091425468564125 -5.055979699608111 -32.74103357514553
6.304942980685285 1.750300958113274 -38.79618270548868
3.020088856295564 5.759721815197988 -15.530162836320967
5.795103118872869 2.548584121552098 -57.10659345547319
-5.863643236675184 -1.0973449539463649 21.587209017829156
-2.8409254114207 6.059086626721991 31.214301506727644
2.105970065221312 6.148002763092723 28.2309414876547
-3.465675991961442 -2.6911149348286485 -0.2630177907905267
-2.987266853407845 6.180577915056796 -63.087807973981995
6.389159483907088 -0.028230253847728162 70.65860139202015
-6.843510924273099 0.27921471823718413 -3.4108074095708494
0.11925672495196249 -2.9568184430055826 -48.88761038909887
-6.599892211033561 -0.5774508043265021 14.586782169150686
-3.211333441362707 -5.220940530686443 -41.83905743025725
-1.9087841135513444 0.5850499187017333 37.7094303661079
-0.27461869378716164 -6.566131966820882 53.509318547944964
-5.933635805035541 -2.0186070488549497 24.37292152727068
4.018044768660535 4.713862494712719 65.04933279379408
4.868721709715448 -4.84557642267543 -84.36819540678465
-0.6843203871054834 -3.185494287555887 8.804788947991177
2.04512491446144 -6.433191417966461 38.87820487601479
0.6579642021766635 -6.811014119188689 49.7017858073838
-5.992594853754778 -2.358706759248504 -50.07288488499647
4.9240893085885045 0.791790999229548 17.866616134396107
-6.757790122524939 -1.6266567807058474 47.77162965296603
