-3.783650949874561 0.22506152877487007 -27.526308004446186
0.9107399414363488 2.392427902688411 -86.95567258151081
-4.487111404108963 -3.921169393105466 98.03036936840759
-0.36306162479629667 5.213259821074244 -3.8921052811983556
1.7570981799890193 -4.803388717649203 25.608862666000356
6.257081237196665 1.5517803054192085 48.89691284793508
4.0539276368436825 -6.47959371269211 50.4927687827537
0.8828490468282104 -4.416656913298433 -93.70672219494939
6.751905082864679 -0.3171380593577043 44.470924794795756
6.721878809118216 3.4399150575450204 84.85318436485095
-4.17558534648226 4.677622767538596 -11.753932455991848
-2.5363674954972337 3.151740530738347 -37.97942174944808
2.7272360915632117 -3.5718579284764473 -28.473589209099252
0.9584201571902236 -0.058734128568246544 78.76474757656048
5.014339404661916 5.141188548246232 70.40493370971899
-3.5295740332422936 6.9377443710371445 92.30120374201488
7.273826943776137 0.3518072903906255 41.62208212594831
-5.239426871290932 3.9544144349121537 13.693744734737145
-4.621321291618543 -7.738775143004611 72.04532793294007
6.330684925121112 -1.6739289967096127 -70.406999225629
-3.6475066589610607 5.738031707593512 74.04048820457756
-8.240742648300838 1.4773465383959385 -90.89541489040687
2.430949804603171 -3.184076098866717 77.99680732285883
7.645054925129746 0.8967298578429929 -99.42651200610062
-3.8426287912999495 -6.721145612352686 19.67006727873303
-0.33941542483879494 0.5577362226968674 -72.09923388156169
-1.5176835053283204 6.385482331084652 79.70139034401214
-3.4345143937500655 0.13054948433872027 3.743707203311316
4.242775500848561 2.0718494294269925 10.7546842057929
2.14567778189791 7.397181518827967 0.9200696686343344
-1.394762488914625 3.803901899993333 -53.49697812614028
0.39500982559139497 0.962152807602835 -98.9348540907122
-2.1265330992334848 5.325159343830087 -91.98437701451759
3.13942380107895 2.092926571366214 -89.23671198518028
0.03277736817571798 -1.599012826724257 35.4385902839867
-2.8063527461420117 5.440758433885194 45.946834601497926
1.9028419461366397 4.839983232149363 -55.886586168427996
-1.2335176091395597 0.8118490573174084 -32.921692779398015
-5.245181145682088 -1.1478105660750266 -24.158343225028062
2.080327314108344 -5.07597122823217 -24.304289430207966
0.30885773917443105 6.702748590940215 -35.839364362312295
-4.533034656825243 5.234936356825259 -51.24202094707519
-4.923808027994131 -1.3691546114620332 39.24967968494353
-7.737813818177036 -3.2863973165040137 -31.130878835958857
2.469853067656425 -2.1578244922350884 75.46684573835464
-5.276387484237441 -3.414222185738201 29.480490539544423
6.054002551312592 2.0937374741740613 -54.18989623126838
-6.4215410621692 1.851531093009755 -56.40626338217595
6.898646271460913 2.367778382940889 -61.04512250857024
-3.457682419721467 5.227309039028276 26.903233764494487
5.59553961984449 -4.066695165115645 -74.76421809562895
-3.9569414358104438 5.434609967012693 -45.73051588726502
-4.928391185526529 -2.2145742790800282 -16.236714424076727
-3.231058552919939 6.0806263647690235 -70.1821692799201
-0.6506823636289555 7.523926652999583 85.31552427021548
-5.821744059324972 2.745869211898534 65.84084225733116
2.1966255024634855 2.503612978482647 -41.06020675823297
-2.868289479814109 -6.168837033976638 -88.23002077821404
1.1890518392811324 -4.664657511778869 63.0800238883051
3.5079001679982165 6.22173482562047 78.22137758177786
6.339276313046587 -0.13745706382776868 -96.37789926068884
2.034157949228656 -5.7799721401213 -40.81456329025536
1.968165065957245 -2.6003239866115058 -19.598573387390346
5.970215215635896 1.7594077586717511 -30.37247508835213
-4.232499418722812 4.441225102667016 -5.167635075604792
6.149682751801686 -1.5287667531594706 -59.911334653329824
1.030926783819326 5.538903035176167 -65.24829979459464
1.7260728131533818 4.722727209993094 -92.95298799113333
-0.7572530504294548 6.233603973086582 -85.89126267772888
-5.086812772650775 -3.9793328906823064 5.2113624721914045
-3.1677269000031547 -4.311429097126792 56.75807340757724
1.2428565265004263 -6.4033947028635145 -36.428243678218465
-2.8422109151192583 3.5013751728194094 18.927354525051832
-2.9424786949612933 -5.981102233629118 -33.442976160406594
-6.51176062067574 1.6483415923400715 41.856542863050734
-1.3892483813912104 -2.5308451397031995 -62.10071138946611
-5.481722506537178 3.5660947910357472 53.88867324690211
-2.5207977600755287 6.358764217635707 24.61473323401293
-2.9299698890074413 -3.4451956550700276 -1.9725539385116015
5.048743951718802 -1.4126901037886355 40.851136697305094
1.8714533176413861 -4.629278705680336 8.276939693144955
2.559189602732695 -5.835751402004053 -15.157856954442009
-1.3063320003282848 7.261503171303307 90.29930517448986
-3.4781929679054713 5.21653490039567 61.63710041294757
-6.565807013191862 -0.6546368962919443 -77.46823231679936
5.559064809367433 2.9260476516067175 75.91036622046798
5.266966161551172 2.6389953632221657 46.01228659749893
1.694643358269726 -5.456317378830985 16.76429475529189
3.458885305770667 -5.804927113378731 -96.81325652587108
6.276520532874777 2.254504582852827 67.60905394728536
2.7606921168551892 -5.5760300169071275 58.33057186255825
-0.41726253916669903 3.587262680823349 -79.64809426996108
-6.73004583215869 -2.4902937619411487 14.879977377481055
6.261637311937787 -3.273605020761503 -65.21134192743959
-6.202185456082884 1.2061711487619997 50.63430415505628
-3.2155977905340825 -4.876205842787211 -22.547369855652363
-1.9352206615876963 -4.543193281633599 -83.63147892635347
0.005069546985104596 6.270864026913934 -18.66924485321164
4.594268667291265 -6.552363454729819 38.12581648487294
5.784664287789568 2.5950171243590914 2.424955662010679
-3.145233310896841 3.9559574375974598 83.42475458606935
6.700008189514342 4.2831532839864295 3.7525919957278666
-0.6766535273160097 3.423076517298609 -62.88317834542964
-3.7937786493789623 -5.371879479611468 17.65435085033296
-6.554185125355766 -2.5701478004109446 37.75476751846903
6.808582802148212 -2.894818185772866 41.152423656092445
-0.5372462818664855 6.466471551428256 17.97796066422522
-4.694370540485056 -5.528314544492433 -95.29592516188673
0.775344323795877 -2.046168729179732 -65.76123430626001
1.7851005687111634 -6.115562525910631 53.53206190276592
0.22188291332472115 0.9028708391725366 -5.079537442594693
2.508147824279302 4.396126100303284 10.376826889305931
-0.0819346500373162 3.344000428404789 72.66345976553006
-1.2827764458340971 5.864349505821274 93.55216929859233
0.8646338757523944 -5.8487967182492895 -53.442445302198145
5.759538809317717 3.1906750613485766 92.39579263407401
5.846123712371894 -4.283402848505214 -63.33914574787135
-3.8974890452192312 -4.847508995935627 43.17928400169863
-3.336542166325476 6.3239119412299125 -37.58408727851332
-0.5518559074929952 3.612905676681702 -83.8215786795991
2.9597842309921405 -2.458569509509639 14.570794561268544
-5.83656922088365 -1.4759783945134746 -5.972578329205945
-5.6750816406043505 3.4346671182616 91.90310549325156
0.8694351416745616 -0.7151365486288012 -74.48256513270599
-5.377976793809133 4.221958590983286 -77.53390522649414
-0.8398609303524509 6.449356523152822 51.81096453933605
-5.108349254672555 3.9486875616723958 30.72540555739684
6.009371366213163 -2.6933993341272897 52.65469679773254
7.2562080210408935 1.667897944130747 6.599926068739503
-6.468881201057195 0.27623520897332837 -26.59605847324816
3.8747559415530133 4.700185982365878 13.681103542575135
-6.269592963425061 2.9510706488307346 25.93061143035573
3.5966611917920797 -5.523885678103564 87.25630548660068
-4.650492191676522 -2.503008765274017 44.87807536861023
0.5588845292791698 -0.29255651777173775 27.564006216183515
-2.106354992371329 -5.349917270882193 -65.76312814260221
-6.703948794800626 6.313062677948949 48.67859802718384
1.131875274396437 4.97191989157764 -30.596869096548243
-1.937283695329399 -6.066493349079016 74.23233837492066
-5.260857072690522 1.7700884370563086 -50.71087697965706
5.712669619870063 -3.643517149601056 -33.01033422334181
-3.38148235678357 3.713673436354141 56.55246067471651
-2.759259140283324 5.991757127517648 -77.64783069000093
-4.624526500081985 -2.661077084383089 -77.02615812436409
4.349671483142124 4.704724796165325 -63.96908724696397
-4.815597274705637 -1.730251509346516 49.555279838770524
6.048395454521281 3.800433978489284 18.576796504286214
-6.813582172420197 -1.0934929412654326 -60.07404017255255
-1.332074232712177 1.888879870803017 -59.977002958181956
-4.840338469874077 5.715635336935673 -94.02665521018703
4.541714949075123 4.871613016206706 90.42888023365427
-4.088413019483744 -0.9742754228243702 14.54052501653908
2.29819569270816 6.2665244575829195 38.168225408146924
-3.158643427792019 6.218546140475169 -3.5012462473010397
-0.748418665874242 6.257230399991238 99.62229301332908
4.978953181066367 4.285407944581222 -3.6603344242071434
1.7824754889616843 0.2943560902792464 -62.798820286481956
1.2497203521898639 -8.401258869132453 3.5935022734677826
3.268963008130123 -1.553306858853846 11.656825468869403
-4.664185394756701 4.470319644530483 25.32748919156389
-7.836959921838164 -2.4512151385503502 -52.755658379338854
-7.575332452299418 0.7059060475379044 85.1993513050568
-4.4935895369102274 5.3687038785505585 39.138044713847165
1.063266088998483 6.883566151226796 42.9289501557036
4.267010385516165 -1.9041995187799414 62.19171873765564
-0.07634413547661748 6.350992921795853 -0.8620554621411111
-6.507029868052375 -0.003647783233100223 35.44427532053974
-2.262578151121274 -1.0782720265011287 31.882546516496603
-3.9320461838035627 -0.5910714527332449 53.756960176097444
-3.126591289176586 -3.3697478860589998 78.83864778314472
3.604007573769233 -2.4080061552830885 -24.22101391485248
0.47882166108933477 1.2286284782625772 -54.61604856710768
3.5056483649857997 -7.286813816774681 -9.551031576712774
-5.170025670485042 -4.7408824031774826 -64.03461388440697
-1.845616205430126 -6.358111591267192 -94.94798401209734
0.9643813727838514 -7.67979384370683 -95.37397963222355
-2.277124280518986 -2.2705486747295955 37.87286405686311
-4.866604032321894 -2.6948655432663386 -21.188736389822623
-5.617971180279556 -4.458714754724216 -4.333378889953495
-5.674482219312607 2.9529103582106035 -30.152576049423285
6.607937583052062 -2.26531562655244 57.78899471411142
-0.7281555854784265 6.855059043093463 -38.98243695687589
-6.450617261171744 -2.734510687022961 59.34729993374193
3.7497754796652893 -4.363092792099801 -80.28004145036887
-5.213492961088384 5.459629430145307 81.70276303758725
-1.1383179921103301 6.085182066824394 83.09924113330423
-3.7326020404779015 2.5288855864952957 89.91367444100916
-6.330704246475565 -3.1266105813547873 69.98397995460732
-7.054368895119908 -1.3605765363100293 -32.063798908892124
4.080720239422419 7.3451396340265465 -65.52251708619461
2.5600906119011033 3.947229094817355 62.28502207106247
2.190618142509969 6.13531142444885 -27.671523677312777
-1.8221022943476588 -6.559984299933885 54.9110391371367
0.8676280849108807 -6.447364796860323 -67.02132963622225
3.2306232387490423 2.8165079986281203 41.22959145943072
-4.463950395107318 -0.00420076541334502 -71.66637967128534
-0.21765069891604516 5.268291660181756 35.90524457254303
-7.145674440946111 -2.662204293919994 66.84527991047402
4.142611423220691 6.4745975161900775 74.86978472057615
2.533372317150486 5.783952642226623 46.957930032611685
-2.4999480768050586 -1.5738062156271282 -87.05948843734356
0.27106983860356887 6.5712161671979334 -76.97779268864208
1.0329605548391936 -3.6994290945453328 -84.18789822304173
1.4121312030819282 -6.228625355124519 -90.23767700990807
-6.66852634434669 1.1177601848594239 18.264249136082658
1.7077113430305768 -1.817746402393578 58.72296795374335
3.128277758240376 6.289910337214666 6.747414271987282
-6.259941995872062 -2.494650209592608 -85.11068124146578
-5.51730517993342 6.440980009195421 -82.12299511380151
-0.4293381734812267 -4.113801655329138 66.37841871509535
1.2401524283579362 1.9044722873872775 53.32901373902442
6.491708579467268 0.5632676541983347 20.69796189521143
-1.148790584312711 -6.528727819074661 67.86633672418343
-0.10601385930939419 4.356772069838479 -58.751999260474754
0.24004196255901866 -3.1394533641104347 48.19663403168147
-6.851016008019038 -2.8502225030177444 -2.398581873522049
-7.3144749566408676 0.0004540718485741557 46.81612066735163
-2.906406913262769 3.693162812598207 23.988873285658116
-3.6822558242735943 -1.241950216647844 99.1329146631342
-4.19347907491274 -1.0711478779329535 -82.2011736335249
-3.481191682368309 -6.450010784818724 86.8245246139559
4.725420034540715 4.8872825648230815 97.38082541360282
2.4125446073589893 6.998769625016673 8.604735355438335
1.2553848701370658 5.876422149028449 80.74416265483323
8.180463745091066 -0.20759488372290935 54.855007155917825
6.2827693165453296 -1.7878169412072065 88.4997251877156
5.516399371905953 -2.7913988641016396 5.1498209545980655
3.3657056537292553 -8.173592379905152 50.038468465304234
-1.0476497343180826 -3.7001618916744334 -29.028969399807558
1.7826487933467279 4.875709473358663 -43.33542933193807
-4.491450213752835 -4.297252500287724 -18.268707593174714
4.355885212362819 5.131737094771237 94.08774788161327
-1.6140565154301216 -6.539692650954414 -38.96730265592905
-2.5718587803423456 1.8255289222082722 9.298071292372086
-3.037034376700237 5.51454623716338 -42.90882440147009
0.7591633630848789 6.587800768224848 61.57856151656195
-4.389688784471188 -3.456909359918502 60.893349486752115
-2.204439973890868 0.4750525447918443 -63.188179545588156
0.2815425749819337 -0.3369265713148804 95.72078682657063
-8.028655197240159 0.5555364450736706 -31.202652161703483
-7.542738150213304 0.47188763006359363 -82.12443429840384
0.8936385964492046 -4.579910762180782 60.081903194032996
-1.2271749809943844 -5.9161314290508455 -92.2567428741457
-1.5433475405670147 3.2984526486295187 33.54164466446927
-2.1412276489104816 -4.625224106917598 52.329088207622334
6.703971139776893 -1.479114263491567 66.96633981938626
1.1583144127450145 -4.600284970779561 -68.98255021239223
-0.5044034064271177 3.7116050710019275 85.01205557841072
6.664680868963224 2.112546476130002 -16.01072821583519
0.1899178941306 -6.680033170197374 -63.71754212449418
0.8542963653965534 -1.3888443133790678 -30.06024039396005
-1.556455533577121 6.464535222189248 -9.097562106012601
-0.43895767885585857 1.3609678107896983 -19.005019987326065
7.410220669138239 5.0506046986621405 86.5274808626585
2.5540716455828893 -5.95632250458478 13.280050016005887
-1.9656969929552386 -2.4348354122274114 -46.07934376856779
2.1530715573887256 5.5986057227778785 -79.66429848921368
5.179303004928502 -3.120077559089924 2.3593098797224723
3.466185361149764 -5.420121717101393 83.9005734359431
-6.007734283507209 -1.120910811276179 64.70658524458761
1.337307060053148 -6.093075791336052 89.77498144215618
6.4834533588141445 -3.4767800065029295 -18.05296871554284
-2.2748237061516576 -5.879378849956153 -50.42948048492547
-5.241491484587044 -4.697837327210187 -84.94471390274578
-0.3939542876719206 2.2423328122290513 63.285830277015386
6.26158674638045 3.7700692006513377 99.86478067954495
-6.509895782241608 -2.9186796983985017 -5.331614427642367
-4.068395547598718 1.1157032977843981 -91.18527607249335
1.4439393092818757 3.5071725880356293 -70.39072055278149
-6.213005987852959 -3.485674998549081 64.83128605703475
8.586227861433365 0.23809683608987042 -24.74960550060281
-6.601968320295119 -1.8290477128963425 96.62336105226899
-2.9345111563977966 -6.0976523019066375 -70.19868180385558
-6.272977559690125 -2.535489122766061 82.54472559522625
-2.7975285808284873 6.686600266071235 2.3858818392264727
5.116207993375368 -3.1918905314394412 -95.0455705850589
-3.03958012155729 5.726579520894724 54.39114827087717
2.3679911499704875 -1.2005828877636788 8.38335174731804
-2.8819385365822923 1.3583385680347275 65.47379651743461
-1.8863935089290915 1.7359706824213836 88.28715332967028
3.475079750745726 -5.688422560621841 93.9882567895468
1.298048539609557 -6.2961800113314785 -44.76423195929461
5.050537532870036 -3.571757076565601 74.49503032431048
4.41189348364266 5.236657969976281 99.87899150778996
4.058817191150936 -1.3630576896706559 56.609847266440774
-7.135881029295457 1.2183538713532036 -10.937671278698604
-6.2837752754326965 2.608851431523626 -35.94093040799344
1.4273936393914206 -1.558459181729204 -36.77810186309421
-3.4816243553625617 4.028547919100666 94.92432722644178
6.430717206488981 -1.3716087126952767 92.38023606283235
-4.479429001726906 -5.022978499172061 -0.702343409567423
5.071624119590407 -3.989036883885939 28.905136352631093
0.10297352728277614 1.043083020666823 7.654640397333065
1.859309927174606 -0.3691489251772928 22.696875461708448
-6.999835586858854 -1.243365987187485 69.31239454102433
6.969066191265492 -0.9859750972427659 97.30332332337727
-5.632400511435192 -3.5621881657855687 9.759530384089521
6.959115120353121 -1.7379611397920134 74.79651355889561
6.133698269759397 -1.6972182040352253 -40.55227274244822
0.9035040982911083 -1.8278247276725015 -26.171452574659305
2.4345197886036747 6.002031999907601 16.050903941845142
-4.232274949157917 -6.630960789110257 -26.519809228855046
0.3929584678476716 -6.825218654609401 -82.97198202109044
-2.6830606360274967 -3.095850917536319 -90.83695773221095
0.9817272794905113 6.994503580893285 7.921862393981631
-1.781373993146807 0.01766753356248635 71.48823008624932
2.894015164754279 -3.7497778612662116 38.24528072772771
-5.3647245725180035 -0.8760026515291837 79.51397435150638
-3.8386365519678045 -5.275841512599196 65.74221461065754
2.1794555692230095 -7.300026465305142 -93.60260795605905
4.135662080907856 -5.76186462671138 -42.76811153782875
-1.8154085064768797 1.7469948851776949 -14.741387148350341
3.1740668448160467 4.769248183356923 -11.788003682066762
2.741162475791799 -6.946499224974957 -10.816312531728553
-1.5650076895759464 -2.8472180374861833 81.24850412670583
2.349897838931217 -3.842289254328206 -16.84863420939242
1.1915489350906106 7.248196417479306 -58.51000090416473
1.2390991086841492 -7.228750826809085 29.661172054452777
0.6763101414586068 1.4144058923136444 -82.54827737885942
-5.757089491507041 -2.4082775111551733 71.64067318344664
1.4385364192865477 -6.354370172709567 97.03448691784635
3.1127286895839767 -0.3957777275835902 -58.65271720141397
-3.3628030915083515 5.90748445881222 -74.75502958843454
3.9259886128240455 0.1423199409495628 -27.987481352402668
5.381945802924085 4.0673405380986685 73.28961211135453
4.240600000138743 -5.880672324753634 -88.59173792649386
-0.9375846373940977 -3.6503923815839245 -58.80523507075981
6.171202603781299 -3.872443759819049 64.37575536471233
6.2035729277937 -2.4002156659695473 -53.443306921668544
-3.2191063096163113 -3.826439793096873 70.05174766630873
-4.89330426097784 -4.830726335553903 -58.91488360356821
-4.301389641957643 -5.170526763823962 37.58119997670791
-2.107624967198113 -6.9506031400195 -55.219056936090865
-3.3961034275751665 2.1419023750378865 -48.306271487858915
3.397931290470054 -5.597995893134303 35.08988461775679
3.4275708698684197 -5.56627436590503 48.49907503417074
-2.9644337198808115 -0.3800935121043848 17.099136704496605
3.665171933359729 -2.8599034620098234 -88.77411255673354
5.414179047178711 4.12591247655468 -0.03092662489847589
4.708558381282249 -4.4243791083196395 78.90595967668823
1.5677740669048328 -6.6039559699143995 66.08645679966344
7.004751641972883 2.2229194778747607 -63.419714070977314
2.247224836897442 -3.7028681155274104 45.65734517326822
0.5921613257799543 -6.654829671475272 6.307762650918121
6.596889421413726 -1.0072778127188073 7.9794210988309136
6.58141592981848 -0.9712146374226543 0.3647501385724776
0.9306313717009994 6.6830184214189545 -61.662629478655084
-6.331277162498892 3.7974284724587117 9.257702496353279
-1.4713188412143499 6.536550131538895 76.63459094407736
-0.1966560446393881 7.106108835273298 67.64226505663167
5.049936654813952 -4.3105989360681365 -98.37181298680635
4.749890342944899 4.684922555507813 -30.839379059249346
2.013507989638415 -1.0675690417975652 -48.58157989732401
1.1976953647687059 3.1939490049802437 -23.264146194642773
-4.302644354175951 0.3221456192484049 -34.95098803380712
2.4807990036903123 -6.48193385585407 -21.655734340047516
-5.061696882869947 -2.789087422620489 17.756364013714343
-0.6734211570409248 -6.260377893215436 1.0660599081437236
-0.8917853780129301 6.679034880783931 72.30477333375964
1.356194723586253 -0.9352223234169491 -96.15882177961855
-3.4485940254231777 -3.510949256620695 88.23274694005588
-0.6693188610148552 -3.0968086608203405 -49.47079693890948
-0.2370994974427617 -0.19122830470296848 -58.58788015817116
5.299517224981019 4.1455317185292735 81.04603197001708
-6.778012063082209 3.983256845185518 49.61565405803847
-6.26307050585305 0.6628711747691516 97.33081306821421
-3.899963540325141 5.454600371381509 -66.99622944580172
2.7907470823077216 -5.61346233230371 -0.6823605493676649
-3.7569139315459146 2.4251431357493787 47.459564984635115
0.7012503289028156 3.6505847205236304 -15.20409120689957
5.333084412409407 -3.4899618381882855 9.372537634758874
3.9350294761480002 -0.3458385551620961 -93.92954818273324
-6.084629449973788 2.3240131011744607 -59.503029230119196
6.60116325503391 0.6705448698589914 89.58805135823495
5.666970146811547 3.379171707605506 -25.155102235362165
-7.931759159777142 -2.2244621608742428 49.65945485862669
3.937550345344916 -0.4897827378189411 50.521474803691575
-5.859376768052613 -0.9709259148016438 31.35191441651766
3.068931070419864 -5.811189902466967 -72.03443094362233
-0.305994923540524 6.514471589817966 -71.50446153972774
5.362886967063942 -1.4231017404902346 -7.156950288976181
-4.851346477269666 4.876329009638196 -96.79804082700163
-2.511346259775085 2.690577709013364 -66.49443435176761
-6.993423239775976 -0.6975466740518541 -34.36498143667978
4.008729040571074 -4.285790121636989 60.60468319652441
-2.3107291992140633 4.852133030282757 -34.60883088190294
-5.941213869650276 2.266597631721 61.762616179234676
-1.526267790570731 -6.602359118398288 -17.61394752579466
-7.335791588354838 0.5768086736557521 12.850813745256803
-0.3712353772628065 1.0952118404455946 -39.976954903569336
-3.802643952001222 -5.1976539619871085 13.953819905601888
-5.186613720167245 4.124045753355562 21.021467252806833
3.252843304024223 5.3574333655818505 3.8350763060503477
-4.810450846725679 -4.155205821744052 -89.36145205514492
6.135558192730328 -1.3668904025303283 -80.13894772647033
8.018682660238618 0.4800042704945053 24.594268490436587
-0.7527315569303059 -6.532977988879639 -99.00331055395382
-6.459185040314023 -2.648877052795506 99.89876943970002
-3.330022863787332 1.6293903699282093 -9.566410609971014
-1.1118657747567744 6.309478700061799 -12.994736593598056
-6.700273058638112 1.8158844009985404 99.1185324205096
5.317450380794687 5.697300748650875 80.70248998383808
-4.52444674037696 2.9252588927051506 -40.693003185921114
-0.8011287225325819 -3.6543481615997697 -40.35869771622205
-5.275468443804673 1.0949971035303026 -83.2067796291903
-3.3643167739788793 5.73746668967675 8.878166795680617
6.3313211870796735 0.9462949984761736 27.682811476227112
-7.17348026402181 3.3720478956039543 1.8821532847361955
-5.002531440635969 4.474619556958575 88.02918038311418
-0.19471660070546737 6.606256713259498 12.57287472549038
-0.9764605823884039 -6.411104237353539 23.051614908653267
3.3447024860784413 -4.91530316934446 -6.309414972673011
-2.6350152063697125 -5.613730700391933 32.13959966198768
0.1482602235395149 -6.7823005142793376 -31.583664390619543
-1.397101205733255 -1.4189857902822374 -52.507110488742846
-6.584698745449358 -0.6952545419780412 -46.38204349992494
4.094463511962707 0.7324447499869926 -33.563057844302136
-3.4075795838585865 -6.891327246453909 46.914125498923894
5.16542414436954 -2.9567255210345538 44.856261671188925
-4.702893390708205 -4.357884344535788 -54.248195779904776
-6.135680365609588 -0.33922047129306754 27.719732262889814
3.3806231311828236 -3.2565823526243607 53.04510802682407
-3.086085971162651 -2.8443276393310333 1.607696869539178
-1.4897177215773698 -6.23149343856303 -20.73773720675793
3.2753830808942705 5.311281190136892 84.19494616532964
-5.6321159317500875 7.135232752417795 60.9692219577773
-6.741917951196706 3.3278687264766043 79.67322976824309
-6.995184528981498 1.9075207256887707 89.44391605739213
-4.263022407076325 5.858361360678461 79.31142114339471
-1.1886586581736058 -6.784451211977371 -57.92695202240031
6.673851611277591 -1.0122779971028175 -37.35281547734777
-0.6730013247661444 6.617586401435089 -51.017978243774834
-5.829296228268052 -2.0938312456490697 92.94657677100496
-1.6381909766047653 -7.799899371240338 77.559736209131
-2.5678616778114742 -2.534398768119434 93.19618298732976
-3.319323001862637 5.220766222691807 -31.082490882898746
-1.5917878183523226 -6.50355200441696 8.476201850246053
0.5443177384384936 -1.9076268941353391 0.7873233198189733
-0.9472035041339091 6.780702173321632 87.6374854809604
3.9241981434424273 4.917701731975914 -88.68026536917466
-4.5873291256524915 -4.832985240995655 -67.95814389400631
3.3493556885572766 -1.1564361888310668 -84.3977190853482
-0.47861527876226984 -7.303688853857892 81.07624461276355
-2.961567638981132 -5.855135472431187 92.56524922279449
-1.3865495349908683 -0.05580796416352385 -80.15751306075755
5.959288714571642 -3.152788770077478 -30.235637849046345
1.5631791032002202 1.492603306681254 -51.008910535993394
-6.774158309082205 -0.1815543852377508 -96.36615976701026
2.6298030781496404 -4.694423983333211 -65.53794356157034
-3.948386775080256 -5.25546541606766 -37.4546034376552
1.8114574241280599 -1.1791340121615455 -33.19976408347731
-4.940039908945309 0.6295616488683551 57.126211811100575
-3.3843297242306445 2.1033647603178895 -2.5499984483252245
6.547148933833337 -0.7792134960775509 -22.455508399425373
-1.2759868079929326 5.579284273257727 -23.71063985348597
-4.995930293168477 -3.1296624623270506 -97.34273069901485
3.6145515289954555 0.27715327280298074 -0.07859217900670418
-0.02216396295303924 -0.665919126335945 39.97471572831222
-1.8947711119790454 6.102400827521017 -48.0099338869937
-6.490235783466122 1.0111130808282498 67.99006137055804
-2.6629409451417057 -5.660723420834092 48.98564484290849
-0.5945756530382953 5.5751202111958245 58.90667138410947
5.901733799655842 1.025432412492208 -84.24810664921768
-3.625890984231093 2.534113882027467 -94.00375393065782
-4.961598046128888 3.6633860053437948 -91.32145821464063
-1.425147444370305 6.445850020618021 -54.90268743500118
4.859463684191714 4.510115437396935 22.69515007643397
5.537978681360466 2.8567838635932867 -96.1701711961574
-4.111968074942545 0.9140362602769837 93.37069239597331
-4.628884138540269 0.040165261604817815 -75.12271005957952
6.786468954934177 -0.6235381283830161 4.0290264703321945
2.545890061347655 -6.921282157602783 44.447345372220305
4.683601847258976 3.4283011912394 -46.94406744881517
-5.369009151762494 -6.068188770148468 79.27200534346788
-0.7051150304573462 -3.9121726684722513 4.534073891790174
2.943542028460377 -5.9359300554459296 -33.00235891094395
4.477935517769799 5.245260261361322 -38.56312981945752
5.250789128291347 1.2952131203784008 -20.2849991713652
6.497257467698179 -0.19951475945930938 -55.9273696790721
-7.015039054158276 -2.685900070892534 19.223669827634104
-1.550281199582484 6.139112230576801 30.215963382465187
-0.2839346113527754 4.432925852806906 21.844313400712323
3.4245734961749865 -0.8600703357312705 5.303945258815146
-2.3250031135909124 5.339860787371867 -61.42498991633718
5.721996710429466 -2.573792200477647 70.01250361229178
-6.466046973772034 0.7109497641545857 -8.82809850927108
2.930660233913307 -6.094740906721193 -47.95305623204799
-7.296059731736263 0.858952939041391 15.217021678580403
-1.5167672058826283 0.7672968919868137 -44.14876691413566
0.7430040351181832 2.0927009097141043 36.74485267841973
-0.4828757326621457 -7.6780167367096945 52.928491062072645
-5.256469047275653 -3.2623751525576616 23.217711405277182
2.6460005993723734 0.05369778257666691 73.30935130939508
-1.0605111799488696 -3.9556694238677537 -86.69555096357948
0.12189246104913512 0.3178534865888879 10.970389612910171
0.9317811023212025 -3.856271658691741 42.477688882303234
1.4430728142692206 -6.613962293461242 50.40132180165854
-5.677639921626094 -4.381988607314768 -48.206309688643465
7.106509607481556 5.004050849171317 15.879572697926822
-6.2761506535961935 -1.3383398388206955 41.67142426855929
