-4.226417080960403 1.4553235582370416 -31.779277040536073
1.6164525372899852 3.675119477435621 -86.48567522759129
-4.372812213021645 -4.713869460030503 97.58104999350202
0.47237481849214913 6.788782821015914 -3.8140329850730916
5.339759458883802 -4.067620966086678 24.662334622833274
5.734688976648149 0.6470338953464784 51.8912362184732
3.488626448874589 -6.129157015723025 51.32113148903919
0.8134833854442295 -4.084805318970266 -94.2981818859827
6.633272014194738 0.8472391270779547 45.634230327642456
4.230765620655785 4.778361827594711 87.91752510046743
-4.836360465921083 4.496893988675793 -10.520925327144967
-1.8764920809654075 3.2568496417080413 -40.848744755053715
3.4426324625932345 -3.756831737800859 -28.935353362197446
2.2891985679357347 -1.50095865675447 83.62027292052743
3.986354086816812 5.324598931928241 70.68254838939167
-2.76259686347786 5.063673240326496 92.462794228208
5.498016401045828 2.3349719531860123 40.77392620339265
-4.944865235400983 4.35155175324607 14.270310137417662
-2.8962097499742954 -6.635238722935177 71.34546465092122
6.326484700291766 -1.8116489764613897 -70.53337614798865
-4.484852380315313 3.6323422984880938 75.20646353799346
-6.236751160266809 2.907451023565353 -94.27881107801592
6.089578613643372 -1.1850410538647864 78.04239428355746
7.059984589966617 -0.19015196251181127 -99.0047550560657
0.9600022285129745 -5.697566995641853 22.68073555136967
0.7312857847747842 1.1987480936583494 -73.45099426958912
-1.1460573807152594 6.545362198088606 79.41555078140534
-3.3579590785814526 -0.28321007623439254 2.9383026663634992
5.610227963117414 3.158135183392594 7.40320233746675
4.450465546587461 4.944862537127041 1.3459662726102002
-0.045631442117225834 3.453517190169567 -53.810799961257814
-2.323883365920765 -0.668061232523343 -96.99442421150012
-2.9957751376418926 6.213329539730357 -90.72099373566164
1.4524318654103658 2.1096665931147642 -89.29503890265728
1.6849669478960159 3.155879827338221 31.711670970122338
-3.16369161893871 4.915481128814862 45.06480351528426
4.449691280268508 5.038583867384486 -54.53600428765906
-1.0613250059920114 1.4905441421462615 -32.299806195301784
-5.839283964220232 -1.9664986814360246 -24.176573599678587
4.197732025484159 -5.282148270573782 -26.16277409684238
0.20330062541232274 6.229160818389945 -35.29840202339266
-4.234109354454599 4.952522651737582 -52.34205026426995
-3.2628900316805476 -0.06554667460131995 38.88883788983839
-5.383634168180826 -4.218833848669728 -32.51975052786481
0.8084744491912912 -3.974130877260723 74.80699778621138
-5.982816713775328 -2.724796809014695 29.54684252826078
6.062531176259322 2.340790284835146 -52.728248875721135
-6.380094937106377 1.114000099938953 -55.333180067093345
6.011026447135021 1.9417838994547707 -61.65054167996284
-3.249931559978157 2.3658385438142373 26.827010369738108
5.297708477532896 -3.9853664324520275 -74.65065952712172
-3.1522266589202244 5.694285662501144 -45.70548431883886
-6.572213793268193 -1.8505318865782712 -16.146150060619632
-3.1664730864342365 5.6276293724785935 -69.91683133415319
-2.144278683375896 6.191578590921429 85.27926875549825
-6.025928467087809 2.769178119494283 65.48631128335622
2.7027886325420596 2.9365742788188385 -39.61917580128513
-3.523756301710984 -5.533196103918912 -87.58875245453862
2.4402650810980857 -3.008571826118072 64.58223900959477
2.114559020726892 6.455280461517886 77.68352785398139
6.301237155526195 -0.35533655484873483 -96.35285592051342
1.260166140969903 -5.84204096023048 -39.51127360865698
0.6603884191493282 -3.41543599111882 -20.251794465539472
6.564115411043656 1.0180853341534104 -32.572165049473675
-0.6710830212692691 2.7937231703265275 -7.439092026040788
5.651598590904585 -3.7525834060113077 -58.89071805872702
-0.0017176932024584347 6.095155889512781 -65.2820004193189
2.3289884469608197 3.113423196857435 -93.8543102067578
2.275521174430289 6.272415399868407 -83.00289070444676
-5.482417625029652 -3.7102477257332853 5.856375302441774
-4.161478004969252 -4.361166037662856 56.45473445480432
2.1206994662202763 -6.087183244308542 -36.36398084270597
1.014602000489006 2.1917703990344144 19.284135991381984
-2.5123911069858527 -6.074759031503015 -33.332239482663994
-6.514359944768571 2.2640175664103945 41.66981094996415
0.679181652805562 -2.627792365515209 -62.78532263278049
-6.078234995084408 2.6810050699018237 53.89939890184023
-1.651851685269956 6.44617573116675 23.519852664124993
-1.843397730394901 -3.839883285711813 -2.2519271172307906
4.705054814538977 -0.03847594138824699 42.59486103017643
1.198163717733637 -5.710844930987507 8.953692978901076
4.536001061268854 -4.939728774092675 -14.71498763325283
0.3535577673215441 4.884286629749222 90.90198165366536
-3.054600894139347 5.412614253496736 62.332601699186945
-6.547133238608303 -0.12152725546587857 -77.62249498819814
6.253821573183968 2.462319829660669 78.04283951638196
5.279926138477053 3.549958672839924 46.44689840268786
0.4741226033168016 -6.308617224086707 15.88827399851475
3.4372060205525097 -5.830260919988107 -97.21676948056509
6.436770942143135 0.5439942487813028 66.95845086322065
3.866849966310168 -5.379170436464176 57.949510222084385
-1.2710573377184446 4.001509915350722 -79.68805905244558
-6.60331530255232 -2.4341876180998625 14.866762516772704
5.347120543473105 -4.212388506778421 -67.11679172801719
-4.217061184141746 1.193877279578568 52.06322455397284
-2.820981761521707 -3.681818549833909 -22.82296610029586
-2.724220609669921 -1.4627743771083308 -83.85384516608859
-2.632365368741523 6.025726333448928 -17.154500454698983
-0.37065091174987946 -6.533030587004406 39.35583543477267
5.507366176203552 2.1235431109449525 2.214730153216256
-2.5749602825121136 1.980136108264402 83.26366816412497
5.889983109524017 3.243151305144236 3.6529961166866896
-1.9854063088489466 1.6884502365767693 -62.768300918589894
-2.363158144830396 -5.472890620333737 18.490247108679075
-5.921877355583605 -1.9535097259613752 38.133708313608665
6.598173497551411 -1.4269384368971292 40.32124695116049
-0.135688696028153 6.599436676900159 18.861055720740723
-4.531916562280662 -5.436063819672558 -95.39597175664377
-0.22548230904469319 -2.224114486183709 -66.58006753122565
3.467653292310207 -5.186130174564529 54.29667247299446
1.5830111723137228 2.4405016077560697 -3.1636167004929474
1.5267046397654382 3.9639098943339115 9.890046567584317
1.193439422208117 3.486211821518985 73.52803692299058
0.33813266448164825 6.473890855157684 93.38858824347562
1.64849535382491 -5.862872205837471 -51.62561867970503
6.198784987927396 2.983158371026591 92.92431207485548
5.45840629914057 -3.954073054834082 -62.45114019497192
-4.139225443701556 -4.820571029301864 43.29600218102831
-3.5609404323738922 5.616983023217208 -37.14113279268618
-1.7417969639599702 3.768185306508291 -83.58477767875272
2.4314628881500115 -2.8352491691843174 14.277286200419875
-4.58612676726304 -3.4510257015048884 1.4196539108728286
-5.330765211926421 3.6877435688877336 91.70813854813014
6.229772949718365 0.98816018502076 -74.48479937014743
-5.988762748115171 2.9235719074928834 -76.85584543751936
-1.8351615567997055 6.528013003916843 50.51459976725281
-4.884506330804134 4.2117748256282175 31.420140261180684
6.0698384557909115 -2.759541719508322 53.00535395412619
5.496459132395821 -0.2188508142179882 7.800506693229651
-6.644510083525893 -0.5403152496276081 -26.93907988874614
4.638479368713956 3.632512343659974 12.228036539810622
-5.0488834329521275 -0.8800282207495457 24.03293016872747
4.611829301052823 -4.823645536331201 86.38878566256115
-4.775164821239872 -1.9921290141051793 46.43938163071143
2.0933708447008152 0.38729807557960316 26.097357340647626
-2.0320664144668346 -6.420096057305084 -65.95285497922778
-5.848847557473254 4.925359483367719 48.58141644730396
0.46781827596039327 5.992034389588572 -32.20622576120951
-0.9154733155457211 -6.479767582892132 73.59992842047762
-6.762614906860757 0.6858955226918318 -52.10712244851506
6.252744903530509 -2.733879995446524 -35.38199264236482
-4.670500274883694 4.7122194145136485 57.0218371507813
-1.3468191266094345 6.728466888293785 -78.085608433457
-5.248856431492628 -3.175934559144691 -76.88001265712177
4.915446541027954 4.216720342915709 -64.3526193180781
-4.226468894112313 -3.2107089417256187 50.225615762371675
4.699031374608447 4.89235901424377 18.365431627079804
-6.698851756144114 -1.2365971992872262 -60.33446772036836
-1.5618382955443728 2.3606698844183778 -59.82631836948907
-3.658686824216076 5.639012368677391 -94.6160481644966
3.6630934694987145 4.822833954487186 91.01714372650169
-4.2485971547509935 -0.04595637818306475 13.89079591594071
2.7192420919496225 5.938731548384208 38.97262427797689
-3.046493992808831 6.070338251149356 -3.2424352011675523
1.5408166444784483 6.37397226124824 99.75940722855057
4.985299299769705 3.4877562770088266 -5.747914028770226
0.970949779914906 0.7529018857200617 -62.01227158005838
1.7805847447951422 -6.289797639328865 3.6394582506428472
4.112083065912018 0.2186720978893198 12.021368978550102
-5.3626595749073696 3.9860659669580314 25.185696950652652
-4.524456017583289 -4.302522681634006 -57.95351325057776
-6.552609605593351 0.1583045237196576 84.30709531547586
-4.39327900544238 4.54192152715685 37.88787015472699
1.2663634440222344 6.5765377597830685 42.628246919848266
5.5353000676968 -1.9381343235047204 61.22445208913235
1.3946739268759893 6.274087977857099 1.6732946409583345
-6.192725461221627 -1.1913365866319812 34.8479918598263
-1.4922458171439197 -1.3073682492143015 28.896732605229683
-1.7178488279827164 1.2656576197816054 50.71291047339282
-2.5724423132424503 -4.746483166971167 79.39063667120705
3.463758188940791 -2.2431628644352863 -23.946714189551702
-1.1557837085079323 1.0919468938579218 -55.498646460988375
2.9030207082515185 -4.811150526286533 -11.356247811728958
-4.313183223123939 -5.199168718977166 -63.99392702179244
-1.9137750268294789 -5.982035689267621 -94.75796373178235
0.8770161120422303 -7.0040648750413075 -95.54548211651885
-2.8688294952124416 -3.623104418841434 37.349297025464615
-5.408694096689849 -0.3380771727627214 -20.66473498818987
-3.3589939013881285 -4.972095471309199 -6.56793753562715
-5.865866894926198 2.98152827336686 -28.245854139819258
5.965130536294154 -2.7336190641310205 58.586252020963684
-0.05566919131386058 5.812731270604685 -39.659783281443886
-6.492774366975052 -0.4992783607872618 60.36241643611617
3.716334690310173 -4.801150732313416 -80.2439355457706
-4.324825732445314 4.526475789387347 82.05122817282279
-0.16855076534239388 6.492438993520216 83.39023806137882
-3.341027557965465 2.832119451343139 89.91455860076083
-5.99764697859804 -3.4289736172855942 69.97259807849571
-6.243403265005928 -1.2362749832561906 -32.78294666605142
2.7034502673253518 4.479046711287325 -61.00056215336273
2.7038821462368845 6.0638669524683255 61.60730334417836
2.687216666059564 5.689729310373138 -26.704320225175934
-2.6412020866534642 -6.353332628074356 55.07840536330171
1.2340207131201786 -6.544487955751794 -67.23444187536268
2.6971427755692123 3.5569400729170306 41.644133186763824
-2.5589467945341657 0.2047033599489283 -71.28359997362728
0.20784792510364022 3.941058245196228 36.99234809837254
-6.180573255209216 -1.6237433069798188 67.2321647181161
4.035834536062764 5.085684111482218 75.75488584294477
2.1187564101935767 6.09158120170901 45.9395691671089
-5.113723798689217 -0.6266090650627022 -88.21727921488036
0.4175084621057008 6.64675730857281 -74.78356154130884
-0.3604205111443928 -3.20117397377994 -83.79168577956827
0.9017707544137628 -4.292765724237801 -91.2260673635044
-6.586689235725439 1.606353269704444 18.705805006536593
1.0939446442575063 -3.429912454806131 58.48429976643147
2.3088936426024094 6.1415343659759944 6.0409238067844075
-6.509481220078303 -2.0698898631990295 -85.20853406917165
-3.6812237315541187 5.309437593428945 -81.4723827866908
0.019810677179221386 -3.8815683662064644 67.63256387894995
1.611733740346607 1.5621367614663182 53.855132986136944
6.673023198460346 0.9476061750283913 15.971747176755267
-1.6800792855000677 -6.6343839901832675 67.93715625269269
2.5532163253501423 1.8091900200360098 -59.8491958156096
-1.9595337813852682 -1.7750006180584306 51.50491834811635
-5.420234504538135 -2.3454222658984945 -2.447207158178454
-6.740944772610738 0.31937677651002533 47.043390087639416
-1.3032387465943462 3.1704346725939634 24.167657243308405
-0.6473608595457663 0.6511701006134416 -94.58850890694295
-5.223534928907334 -3.921992325345369 -80.67264910730674
-2.4193709555117695 -5.698414586822391 86.20041062275533
5.954074092523193 2.7018615432603608 96.03327449527691
3.8826873841958656 5.513935387380179 9.845036935816934
1.9097840768683474 6.307443644559569 80.63162914909748
5.999475065791565 2.507279760460711 55.53288508860661
6.758257836620343 -1.2608518085100784 88.76055717758899
4.80067516141727 -3.002030854486155 5.280508595941149
-0.19963410793168704 -5.7049619848675945 49.89372995769048
-0.2322283702838387 -3.821843746853534 -28.081536475554344
-0.08510930448006937 3.7443164301231846 -44.23198585694518
-4.780219361618223 -4.796084439156917 -17.41027715589935
3.902229106707886 4.901749001818603 94.65415149417757
-1.4838765067672646 -6.4932770271725575 -39.11834893867076
-2.8066036032563884 2.5191359577189094 9.864834099650569
-2.9430915301027847 6.039486455585566 -42.13744372691437
-0.6316386609179578 5.759600594935101 64.91125176660194
-3.0350341390296545 -4.53533066097825 62.25735648191252
-5.546250339636179 -0.44601247115501547 -65.22205786539308
3.0597145229406055 2.044440512642255 93.77181509439617
-6.848689064290074 -0.7442100613552026 -29.90099662040408
-6.219660940099377 -0.6779043397780044 -81.12213040296137
-1.3356384558982155 -6.142064235610708 57.89071868119353
-2.239156852063342 -6.531713852158505 -91.82106546155774
-5.957395741769817 3.0050198213055643 35.24090281251317
-1.7491111780018982 -4.702431672308386 53.25045850924303
3.241381506458254 -0.11668313029549063 67.69905771054302
2.2054642214284677 -1.5717557792377015 -70.68532567966415
-1.3632107133766291 -1.662221278085006 85.61498702165403
5.6546219353536005 2.7517029194076157 -16.08490563776822
-0.161316155461688 -6.691941364864761 -63.69323881581653
-0.1933992937871064 0.1114385297129093 -27.786789218630016
-1.648181571633437 6.5714028145546575 -9.646508522037857
-3.3268338160005673 1.6877446969078074 -21.716949164996226
6.081025347598451 3.700493806348734 89.19124301745616
2.89400660506207 -5.924331758235684 13.533937522890229
-5.047986947148535 -2.291898447141828 -42.855719531152964
1.934449524197222 6.1789746924030675 -78.7279765364951
5.369128147650952 -3.576056999470641 2.1255375878607357
4.871302751335888 -3.798830580863861 83.06677370893317
-6.194645387298118 -0.8958830627260442 64.33121904719768
-0.08258141664157251 -5.740731854421829 88.71419691847485
5.687028549613475 -3.736755441281022 -19.37960304282845
-1.9374737638744308 -6.424528890634463 -50.7364070195703
-5.260033475645908 -4.501741680682092 -84.12787865228826
0.4788390733827187 2.596321755382003 65.84974934827059
3.591933879985117 1.238285373387295 -99.36846674447567
-5.944907532223761 -3.064670761225228 -5.906705770042589
-1.4914462680673193 2.5075378068025884 -90.26183473989198
-4.221159558747075 -3.69161545490459 -73.63995785730305
-5.367307803415007 -3.813950245252408 63.91002251051607
4.633369050692659 -0.7430778592313771 -21.405236530111736
-5.71933328742604 -2.6669852444226994 96.0498484797291
-2.6814853441208797 -6.108827652094685 -70.24103686930675
-5.633443636200752 -3.217355756689352 80.89555259788251
-2.5202465154814533 5.893450419952467 2.8874752010577303
6.137854315626975 -3.014940455364724 -94.83497014041785
-3.0692690808487693 5.8219709410657545 54.10472999374897
2.2434162800781747 -1.638936706042064 6.737653476824419
-2.4457178249815654 2.5237495621753894 67.30087746807219
-2.001928219295176 1.0923948939932102 87.63139049870661
2.0317781358195957 -4.374179511766538 91.87756583372015
5.40597160696106 -2.9339642487972295 -44.34481572150004
5.718627029329082 -3.124714272870633 73.48578463488735
3.4519208697765347 4.167131436565439 -99.73454661215803
3.9324872100497035 -2.240656001597675 56.22338259227115
-6.443491171499841 0.12563861044014582 -11.524039108540014
-5.247259384218838 2.4971673254891282 -35.66292826703016
3.471917906630308 -3.699391479607776 -37.471867219360014
-4.358743805525488 4.563625701480911 95.21560385550076
5.59261783625509 -2.74977220187585 91.80537834867953
-4.233089897212247 -4.926678197621986 -1.251237462068763
4.99839402201994 -4.01834516361923 31.732464074693855
-0.9602194467941317 1.7559879510642484 7.936027357600125
2.422139082093183 -0.5782367391190768 20.248398505133192
-4.657894699160183 -0.7117756755611162 71.03805756095284
6.407337350645997 -0.18419521791070062 98.01322512116859
-4.3898422402045005 -4.364644587236527 10.926702512782501
6.135649457494588 0.7821793888643807 74.72260404211393
6.6676302230328455 -1.7908058161753095 -40.8768732529338
-2.5810420095907305 -2.658279557592166 -26.485128561032454
1.0212621889037563 6.444612150816279 16.047421481610876
-5.550690190056553 -3.5552985908751396 -29.614670605134556
2.5251623893869626 -6.046727221511049 -84.36987783305665
-2.111861663460966 -2.345016462168139 -88.48288780768998
0.03772076672411795 6.613017499128349 8.4803265868352
-0.5163036993974431 -0.6672962181559837 68.9617562827659
5.220224720201414 -0.7223866276715923 37.63754233999602
-6.362113529626405 0.39778533815106587 76.94670573489334
-3.7926530710572712 -5.6558222464647905 65.4073222704218
2.7056260188504013 -6.115744214127563 -93.52489828921337
4.931212284882962 -4.225603256239038 -39.90387992351238
-2.759997188860333 2.029750776929046 -12.916216374448076
1.504038936644143 6.098619886848797 -9.50583115564958
0.35676592154849696 -6.533784628508135 -11.060762473660459
-0.13150193277186045 -1.8690217214862952 80.85575584988338
1.9600891474722844 -3.540639637743332 -17.322209013407218
1.7457825330348549 6.053821340977506 -57.96985787217639
2.527079982626822 -5.837838862140967 30.09755751249249
1.267095719936529 -0.23837624218832862 -82.12520255306431
-6.643127506538207 -1.667929795923213 74.46538345849835
0.4931088990413067 -6.899383545112409 97.20869967720286
2.99784140076841 -0.42134784965812155 -57.17984391480466
-3.362823298491653 5.234866317561822 -76.35900891536713
2.3160078877784804 2.6335790048013923 -27.609088626628555
4.647322169618554 3.3286042723652836 73.50934420724414
3.278447246381941 -4.59932740044873 -89.30622722317818
-0.06564915524098676 -4.3814929905792095 -57.22541442749977
6.00859665071625 -2.5792462483591216 65.72360214431949
3.324816134619689 -5.389704529828339 -54.98369407156894
-3.499017824571126 -4.110428548822179 71.19375336665182
-3.934349342906201 -4.897615108957984 -60.70376003158725
-4.756950237854614 -4.631788765245114 40.167890097666444
-1.440224696708841 -6.558255445141815 -54.56509130687658
-4.419320295654169 4.70034855652081 -48.535219094228864
-0.060302448681106645 -5.424089699938683 32.1041726992993
3.146502902136719 -3.387677867047909 48.94055064734762
-3.7041825108034385 1.4287641556043458 19.814495771902525
5.5724693207987 -1.6101515133980973 -90.2232655640087
3.2858681365781552 4.807653033597094 -1.763862231165805
2.823730968563182 -5.502345799432084 80.43532930274321
1.2042996064248437 -6.72598951406773 66.51477027393115
6.15922975560309 1.5826561840116606 -65.60583793771258
2.382492560394302 -1.7671920892267932 45.464355990209356
0.31875187925924287 -6.586145168474792 6.146003077669922
6.082325048007466 -2.954028173791185 10.844065989052782
6.566874103063531 -1.2596463465105499 0.7431588084714212
0.7608851971781099 6.634358344065711 -62.54528059453141
-5.834265797557994 2.9700412033907893 10.354076121180741
-2.7580258158023234 5.629224072841613 76.13033364329186
-1.1208736083436217 6.100524601238922 69.42988797716748
3.0476111648301734 -6.035438199049509 98.97993083021571
5.388627306244491 2.4714854010547618 -28.438612239076367
2.4701149199585006 0.9676694081663733 -47.50148931191587
3.2801590436578305 1.8654891790777104 -24.36574288073072
-3.2260130295161957 -1.5373263474301273 -34.956662449409606
2.675814810097775 -5.8915975126744184 -21.20788944652672
-5.371234476601811 -3.986840536108959 17.506388495312198
-0.9261862564565568 -6.553137249592846 0.8210519712298152
0.5390609162518587 6.496761635731524 73.18653546702005
2.2096284597092413 -1.1572811828146323 -96.12045690546103
-3.944822562166721 -2.956172244043385 86.29630659872693
-0.5616434475841318 -3.4230344710376546 -49.11092237079354
0.10357189499147915 -0.1436464593852955 -58.588176480009864
4.925977175253415 2.69880414943104 83.00242083623823
-5.009966619465134 4.03545043621698 50.50803919072005
-3.3024519341054615 1.2162198812692642 98.67871659992882
-3.5167449213549387 5.656078548196599 -66.92619993627007
4.371689836609348 -4.142824948358693 -1.556684551181052
-1.1704395678427408 3.383132747587795 48.6557977731569
-0.7901645899489586 3.578242408138773 -17.189529537810138
4.922784445511315 -4.289047179429085 8.11521015304622
3.9526624046900825 1.0835040218938552 -92.78444855989589
-6.46196367118292 1.0898237165049265 -58.71596359102918
6.507271197341226 1.2714706002541543 90.38158911707004
5.287104775907055 4.11033233521436 -25.375970143991157
-6.846633096427505 -0.016028678053456438 49.71240794295609
6.263763591008296 -1.356987554659936 49.63648039050856
-6.2450418516770965 1.2230346598818154 30.735486920172615
3.2614411072769114 -5.665103235017048 -69.99575374940368
-0.26914045880032306 6.642745293224335 -69.43907936530626
1.940577417032866 -2.8734052635807563 -8.270582475277628
-0.8073176142873908 6.573701833217374 -95.94389657472641
-0.5532306285819968 1.986900707373437 -68.35087973266111
-6.779840409472179 0.09753049975296296 -35.76251713400851
4.1916773060187875 -5.2673600773276705 61.15736787233863
-1.0261044478826755 2.839902710842896 -35.197637688215075
-4.6727397155354655 2.220320803020911 62.421949721215555
-0.46766326672181613 -6.7599744602005805 -17.185524896658006
-5.070675185522644 -0.5549698118905784 11.095096210657951
-0.23710355486593362 0.6596566519931344 -42.75041113302761
-2.704176537653186 -5.5638456117990405 14.004206828921031
-4.7352650031454155 4.064321992233665 18.5784947216717
2.9169309399325307 4.191859836774106 3.4825793350504255
-5.821009244479477 -2.8664861261180508 -90.24828394021183
6.565247761724544 -1.0833376706035596 -77.91861397575646
5.7313180356731745 0.7157504232821714 24.567441236666955
-1.5392840681924467 -6.161803539552687 99.96658299693499
-6.637793999591437 -1.6828281216759988 99.99066811658352
-3.3041363767074654 1.323900880812816 -9.077047374503886
-0.814984922142795 6.386463002317999 -12.417998993174383
-6.509167947482919 2.036874185774361 99.36404653319025
4.531485201815495 4.183890686932792 80.51113647051444
-5.098228188712777 4.222003251198577 -40.37705679617659
1.6724944327909004 0.005901144086190913 -37.8546341100619
-4.997412668405296 0.8737117055090458 -83.98838652596723
-3.8134417410950716 5.0694060340117435 8.627466582211913
6.476664660657161 0.9823709510833378 27.896715567639312
-3.3259669434250916 2.423092364569259 1.6343464474082987
-3.9162965700673853 4.425972462464749 87.1422867397645
-1.419879433840062 5.786404537962072 11.509379771424904
-0.5644484012827496 -5.792838851563162 25.339903603647056
2.7699300865591345 -5.746928829450528 -6.2262344034184025
-3.8107178015335648 -4.729965797611435 31.68166150440843
-0.25092839280198104 -6.701649990727141 -31.578314531855238
-4.6273903969209575 -1.4949915344450406 -55.19305309008128
-6.371878518952629 -1.6272930176403686 -47.342710133887316
4.42703364458875 0.6163471478905993 -35.19298388192531
-2.6654815431717633 -6.416039382929943 46.2252101512387
5.983969474826988 -3.2804368866741087 43.704165072141194
-2.748242976035526 -4.1538336146244665 -53.22790534507098
-6.5452522332459875 -0.022039765974524502 27.63968771471474
0.7802934322901856 -2.294729775648259 52.75114311462582
-1.9302459232118605 -6.09678967653391 3.9975656461381455
-2.187116408185017 -6.043313819956775 -20.424024951335362
3.4776619854526207 5.439383822714999 83.84268563328247
-0.6781807452378488 7.001131931318541 60.911394233676944
-6.378766886683852 2.9577779981992074 78.78395805442402
-5.753546685570981 2.289764960357574 86.29321086597591
-3.92436459361897 4.792572850402946 79.24101196905968
-1.357528380879494 -6.62837111598676 -61.064968936504
6.779233611218945 -0.6685453942962957 -37.71426143792043
-0.9859537220858934 6.689506730372404 -51.60307904082659
-5.164671440906033 -1.8112753510581558 92.61028773458774
1.147785025565992 -5.763494733642244 77.32344268213487
-3.5453934525553055 -5.084216375566662 90.67529124538005
-4.707618603699652 4.332710230921775 -32.35734845705345
-1.9349761490187813 -6.52167529817348 8.383502738005062
2.134078247179663 -2.976172246907372 2.234367818762429
1.010579269757492 6.841075585404786 88.50125076007068
3.8761931616561873 5.479256665563841 -88.72948666755386
-4.508260892792926 -4.77035314592502 -67.83179714675238
-0.26486366403529293 -0.23171726612691818 -86.21740010910744
-1.752624782622319 -6.613129691800719 82.50767704610593
-0.8475290502140648 -6.37565013426725 94.19211047392962
-3.0236354841854665 1.071197228671566 -81.88319999176183
6.109900281679859 -2.8816376991493033 -28.52084254147351
0.1026517048688329 1.8064582479993714 -49.8303515402331
-6.5078627039864445 -0.05352064701516507 -95.96233131059027
3.192430664088017 -5.705230113862999 -65.3091836998456
-4.165875072519773 -4.540341201066079 -35.5239507128361
2.9885286586183573 1.043972410270089 -31.922090559727405
-5.761719209459248 -0.9363292205322022 57.38215395902915
-6.066403515505764 2.773002860409262 -2.2680359932777687
6.864838582728604 0.2667628256480338 -18.91708109446911
-0.555792406784635 6.6411767877035075 -25.092699052355293
-3.427655917138253 -4.260020542867585 -97.73499174630507
2.34859160920468 -0.5769876625234869 -3.2624451349237504
0.9953210507348402 -2.14706893772072 39.76218631100201
-1.0724230339843073 6.035253550968649 -47.51873170264122
-6.469343594335853 1.0305383297658135 68.07217073627534
-2.939224668978605 -5.974699854530858 49.534072808722144
-1.8209695268000397 6.40762467813313 58.47425074617097
3.912112649751046 3.1218740588353158 -84.97441386767775
-3.409032890285238 1.5079015402835183 -93.70122936923408
-5.6246550995667635 3.6836244315482585 -91.60051805160789
-0.9816457029161755 6.491851171940928 -56.426249599049264
4.831407933553777 4.4716875394689115 22.28070305116514
4.634509817691845 3.622219193773943 -96.07763750143049
-2.721306352089454 1.1919858843429236 93.31537511086539
-5.616768227049506 1.1319053274728836 -74.43515360541195
6.8593765108752125 -0.9566509844952833 4.098243694373768
2.545890061347655 -6.921282157602783 44.447345372220305
4.560664751534458 4.529630170498204 -48.82737776035652
-3.8113697937373945 -5.303876777047819 76.63231105831476
0.7029558337513098 -3.3448587464924375 4.844679794208963
4.334213128022381 -4.814029007743932 -33.41016310088005
4.86725111264181 4.596336499526938 -37.186624263031995
5.625573569033746 2.5441537469058435 -19.795616783960178
6.8101352049432675 -0.37971519334224535 -56.5385173050459
-5.147493162747179 -2.2069721405420872 20.005831413982644
-1.2111648980722982 5.271606398716451 33.17443493569403
0.9408605651905265 1.6422217193626587 22.381669429128657
3.8822685038094416 0.2311348273599339 5.1492953399336345
-2.8160252099929433 5.85775868200371 -59.88768476228105
5.0524829723559606 -4.378222913594263 68.33281204344382
-6.41131506206336 0.5660767950306794 -5.81726860883418
1.4592073338222538 -5.681429683458533 -48.59482483841496
-6.857769508268188 0.4226131880688831 15.503450024432222
-3.3279027988827634 -4.517905989880844 -44.319343809617244
-0.47337817308419067 3.4812070199245246 42.93460150835766
0.32682718585375514 -6.644048255166055 52.76839070114877
-3.5712363499569273 -5.52050748941289 25.58140538110623
5.226093964094691 3.71536637043006 68.86122147199768
0.11217743376962236 -4.450744781269836 -86.84169435919227
-1.6901449753241564 -2.4596816552548075 8.816443063794027
1.1611445310049784 -2.4334116970988626 42.654720133237184
2.045863687564701 -6.895667968143217 49.11231012708629
-5.654022589797688 -2.997706701201921 -51.30791082627408
5.192932485836546 3.5210991223586916 15.189744889852948
-6.553302343240798 -1.361963541803889 42.263167044545426
