-5.77267216187782 0.1549798247804619 -30.15974783096079
1.0992214910428608 3.6494682574202195 -86.65573057878518
-4.54668709716403 -4.642725355898483 97.66013723623479
0.09294696463341845 6.497458639389841 -3.8244443382850446
2.076940986536857 -2.959187466821541 24.353567229020932
5.892407129943667 0.8404542256929224 51.684942428809265
4.014573274537617 -6.50242248685522 50.98263026691927
0.9509666906920716 -3.6039258192369563 -94.83056258077225
6.3843253652314536 0.46570192606976113 46.201592179289975
4.230765620655785 4.778361827594711 87.91752510046743
-4.73837653652945 4.721120902723757 -11.527385379224283
-2.036959668860362 3.9702455529204 -38.901318347424294
3.2598766693972445 -3.8453227793734337 -29.025704146232133
1.8892597570179175 -1.0507493424847525 82.82902463027764
2.7125525042717658 5.590287057399709 71.51511686579724
-2.9173735158723275 5.131003585440781 92.22335724265463
5.6042342402847645 1.198590789215825 40.052180547458235
-5.5402927298269375 3.556453189254887 14.197994607552072
-4.144736979775774 -7.11089747442189 70.85299504686255
6.03978831354973 -2.164202340697594 -70.72375330393226
-3.901395640451245 4.702302584051823 73.94461539494169
-6.233461795612303 2.5816481348357563 -94.18578325325156
4.847196967082434 -1.2050944083709834 77.46314005696173
7.059984589966617 -0.19015196251181127 -99.0047550560657
-3.498330166756571 -6.037356687138036 20.934908919263275
-0.4936461616149399 0.38581553977909244 -71.81746066284978
-1.5637918942241322 6.554286659918758 79.62105301626028
-5.442503960114411 -1.1215497545040354 3.434791020252311
4.7559228235666415 3.039819537233761 7.168431917755192
4.67677648859824 5.03082121869877 1.4705835052519642
-0.30943630402383515 3.764688847324244 -53.415942653884144
-2.6268066367579586 -1.2728163067025828 -99.5936220111689
-2.811474773749739 5.794337327406785 -91.00977881048078
2.023751365116312 1.1595289846668502 -90.74388848386742
0.6872907923798076 1.3401379056737135 33.72324048858471
-2.9069074949810885 4.72956880972259 45.48109242282736
2.7696472930506664 5.079844524358176 -54.36232496976105
-0.7560768571835701 1.4841252641997253 -32.742459682568764
-5.42549438394378 -2.1815892291674626 -24.615168238644124
2.9599356237411265 -5.557174432792795 -24.803974357346306
0.6245801682204184 6.587724013794199 -35.601667354945064
-4.704802166886468 4.168592059786393 -52.37649156877809
-3.977095171470706 -0.9472781677147838 39.15821769210123
-5.183408252042354 -3.985794591417149 -32.5854382526192
2.4709399588111034 -2.250749278324161 75.43845349400321
-5.655127593458366 -3.481218748429774 29.39363087069888
6.0468163759357925 1.8390818013390835 -53.778819315875815
-6.61925709529838 0.9869724858177905 -55.640352099679006
5.052400931490738 1.8208042825185915 -61.251811497216096
-3.228041603351689 3.812372751509214 27.14428538030764
4.860607908725254 -4.039139262985904 -75.27566199419758
-4.3968169852754055 5.018587392118642 -45.61726972956282
-5.793189902740054 -2.7006765703126536 -16.131227452761834
-2.7989593682729104 5.701891559187164 -69.78736138122926
-0.7109831592412907 5.419924526041109 85.22035017338852
-5.978304059857576 2.657132748375721 65.65648610406055
2.8937713869677024 3.1805451710391344 -40.683173750143105
-2.8309252912581737 -5.403044479476743 -88.33945945062506
3.1123125693430826 -3.265793610835296 64.19196154259849
1.315232493176028 6.0287776341586 77.46017504189031
6.308389527003787 -0.2965976970396723 -96.44129514020733
1.5434507711065169 -5.7984334126355455 -40.07710302503436
0.8180632882885476 -3.5081170964009716 -20.264851641718113
6.056006565279784 0.699382597001215 -31.775886434880874
-2.4137404340267885 4.017305183032834 -7.483951304103162
6.091664675568968 -2.4442999982646465 -58.73582391391089
1.126551999808829 5.612564859478888 -65.31682497303184
2.492756212156583 5.232402462215091 -93.2005246120517
-0.8042535180280781 6.335303042650657 -86.21125856534853
-5.82547003840679 -3.291085606985946 6.2519004668502625
-2.145621063853204 -3.976905433378693 56.72803211382038
2.2808493716683063 -6.254673592064133 -35.925311739286684
-0.3115430497149987 3.606600228897498 18.89214053850568
-2.9256944157954132 -6.176252599510308 -32.89382701348713
-6.482429229280177 2.2564301055164813 41.68212952301285
0.7311818528502078 -2.3285984329443603 -61.611591425787225
-6.214892236754386 2.80250944704552 53.70618367581156
-2.168295669326782 6.086513745993541 24.619605320384803
-2.0285656290951133 -3.5468484390101422 -2.7456606050686023
4.572650613909316 -0.12127567700229994 42.66851246872545
1.7898827214772488 -4.667475306346316 8.224511662925375
3.809043490308068 -5.5410790980223235 -13.628652318025054
1.3115917697793107 5.871044134182281 90.7987970232982
-2.889574240807545 4.94754964354247 61.74170969326937
-6.64748002073872 -0.008789461542332117 -77.36510726506366
5.913782464476965 2.3786725206565285 78.15176495287847
4.531093454922861 3.5452201766723115 45.558805465252206
0.7841210011848038 -6.622841361044804 16.424202284002217
2.8375390788409076 -6.026136369804594 -97.12158468226576
6.667992111556935 1.2573014303881984 66.6371120883247
3.0760785751523043 -5.8557995961532905 58.145054643023016
1.7504605908441528 2.922267411000445 -80.0065616718542
-6.5917486364744615 -2.465169451951902 14.882926593871524
5.276128302109601 -4.003327750637447 -67.12932801099684
-6.559111920143126 0.19410143574366298 51.97363112744296
-3.026473532510416 -5.153550379482462 -23.192332733610726
-2.630119982453178 -1.8270397972559573 -83.8934181306706
-0.8150313820873459 6.5914625430295 -17.548285436392888
1.0327880248719439 -4.966016921823281 38.701574980271495
5.741382400924669 2.478996275535155 2.2104288308512268
-3.0151505625973427 2.000013016451354 84.4160410587349
6.68436884131194 4.144403826684951 3.71605458524225
-0.914078855467106 3.5195081759892513 -62.639807772389716
-2.54108078820778 -5.1439501639641 18.172322715747423
-6.554185125355766 -2.5701478004109446 37.75476751846903
6.540888577787687 -1.79181622986646 40.505793230991955
-0.3756802726623123 6.572577608753667 18.991005499299625
-4.628091681820098 -5.515739932314553 -95.30556593201668
0.5045428417323765 -0.6456397122616662 -65.80203568323212
3.6674656258881977 -5.1118582535067905 53.904377725264794
2.078863272125782 2.1334295944406674 -4.076829433634917
1.4743027275911977 3.076587457493825 10.131055524098892
0.02919450478067087 3.0427080910555127 72.89985504918089
0.4919116357653829 6.268486913307377 93.69778058028425
1.0588000840092477 -6.671729401359076 -51.344958104415674
5.900286216675145 3.155396575994289 92.71127819362799
5.827121810232461 -4.183979096365417 -63.21648176772456
-4.125597421285934 -4.837788055180198 43.223220751615365
-3.6561837424748713 5.6179625954435055 -37.061291572034385
-2.427399889968007 3.532431387226562 -83.99051302738857
2.1640601331423395 -2.754167937475534 14.66453197397236
-4.7116405520601 -3.0054035498759517 0.7413608004142678
-5.750146185107365 3.776554400030788 92.27090758830626
6.147546910810195 -0.3675981403217563 -74.45486010814628
-5.801153203970642 3.5554921982561796 -76.9637616059408
-1.5739907146162873 6.573651071887113 50.457531347246075
-4.829191842936366 4.505934882491338 30.189366537586125
5.863471017710387 -2.8235475622217616 52.62357789159414
6.717217131771702 1.6023721894603264 7.443913006573132
-6.720149748972628 -0.5701144644572019 -26.813231248026828
4.605984043633567 4.530661314760662 12.372158453974329
-6.281109974566213 2.9434986041208338 25.97623972244409
2.6016346443219276 -5.818716858550636 86.81887208375582
-2.6121629594002123 -2.817368503990869 46.15935578053842
1.456780187872113 2.2333020809579045 27.936364290423334
-1.7934900282248265 -5.527955328084137 -66.59142283280154
-5.66783552369834 5.952913367288667 48.04262842120299
0.9660395248742473 5.168929440017195 -30.280322903164624
-1.4251455752194364 -6.3029926956309925 74.40922765511313
-6.7926028086745305 1.3566672854618154 -51.832820559992065
6.01734826476265 -2.577301553062872 -33.23750187190081
-3.38148235678357 3.713673436354141 56.55246067471651
-1.4312580571616904 6.66211293305965 -78.0852338832855
-5.419501769797782 -4.223868651191439 -75.48804951608109
4.288751798100418 5.21569327732937 -64.47591703062936
-4.038151712837865 -1.6398454760459038 49.54383307219775
5.334953426058434 3.784450919567013 18.305905132082646
-6.813582172420197 -1.0934929412654326 -60.07404017255255
-1.6234734505546013 2.190929306122747 -59.64494754944038
-3.9107671994000817 5.659308161314533 -94.39639999933816
3.6847406896215498 4.800567921653836 90.98710378870847
-4.527430801855635 -0.1700040638250845 13.866765345661115
2.0555751724216744 6.33783006499721 38.469739077761766
-3.099371371749556 6.108036159591494 -3.362164447195316
1.0929263067951018 6.732545907761138 99.99202112985502
5.139487260192421 4.206806882399654 -4.598639750156571
0.8939028065564183 0.7183091033602811 -62.31374854196325
1.7498412327888606 -6.461871358216157 3.7717674167600386
4.017983870809874 0.726147816019742 11.699479197130648
-4.7629255302517235 4.485552045161953 25.28014840978014
-4.791332187007191 -4.842967221007925 -57.92306436827009
-5.821433340645918 -0.024163602779281756 84.84158733234077
-4.616690227508473 4.205295629520799 39.36524021976151
1.5015494843919994 6.366349904849838 42.71973327817454
5.829602295446529 -1.9226519301652625 61.38993501799281
-0.2180833826369446 6.459716376695687 -0.9502354206092394
-6.403977403545144 -0.8919894391180299 35.177804046670225
-1.9883507351266887 -0.45418901841829096 29.689093402944472
-1.8701117059005998 0.8739054727204015 52.09743990558682
-2.5826041464699996 -3.4222213641931054 79.02576743167909
3.6274137751600497 -2.182859354574005 -23.99864785702357
-1.4346007087233332 0.8761213701901409 -55.68442616299645
3.680940220291751 -6.109145649816315 -9.49163907859505
-4.404582843798624 -5.084446471701562 -64.2826065676115
-2.118290270266727 -6.446765225083998 -94.6764922871618
0.43353116911483564 -7.023110372994399 -95.39479331932
-2.3157285166597408 -3.1367886704210988 36.526448129145805
-5.9443945305673225 -2.595963642006539 -21.503566224861423
-3.699844415524541 -4.223674389754135 -5.209044099499911
-6.069099905265723 2.894457087181441 -28.200258228941625
6.289274492369601 -2.586557239971948 58.71479868576995
-0.30722882190959855 6.745985156914575 -38.844600701814294
-6.42505531069969 -1.9276679427724017 60.34593705205878
4.838276224321026 -3.8610117277903964 -81.48519460155022
-4.2064201360156614 5.114586181755229 82.006864719227
-1.048505690407628 4.901439478478859 82.67313706637772
-3.4981656079036227 2.5429306374700853 90.34398226714283
-6.056975689229914 -3.4202212198501964 69.93574873180947
-6.645255041435006 -0.4834378711413021 -32.722703704893085
1.899106250537224 4.340586927516384 -61.22894718707224
1.8698389292947604 4.010538151208635 61.822647643763595
2.890193980626881 5.867792631905736 -28.030252362356453
-2.1201980745483704 -6.415080090776717 54.77943540905127
1.1789894480685033 -6.512207127969477 -67.01439128354804
2.4721892814657918 3.497194793653913 41.49823848523935
-5.26021331942826 0.2045017910918444 -71.16804997833914
-0.8336502434950813 6.416129123883848 37.57049192435977
-5.925657535685391 -1.7475309364042153 66.84992734526253
3.1954347868901296 4.308802352347235 75.66593104383055
1.8574255813538592 6.376752699097491 45.471834103539436
-4.340503890428255 -0.8873827165659096 -86.8602359271695
1.2778094722033768 6.37524260314739 -73.95250639298601
0.2552852137044276 -2.913142251062066 -84.12524930428161
0.37988991525703397 -4.878519455195861 -91.09980246889072
-6.538681278130913 0.9232699750718872 18.839270838716843
1.7591522169792797 -2.5337729824795057 59.095095578624075
2.30396815271565 6.063636463210076 6.08635864953735
-6.442679656704379 -2.059694124881844 -85.19950859381268
-5.27823810181926 5.334160967640041 -81.88916183367505
-0.14551449591068533 -3.0359476148041695 67.29752905637847
2.4238503496169677 1.64448131865952 52.99164695565056
5.844967657604335 0.8942070102182628 16.783198584756384
-1.1316697263810476 -6.500911109693226 67.77300669706415
2.5146137022638464 1.7771594320985846 -59.86784493751021
0.6130912930408616 -2.360493197839197 49.59891049109948
-6.162393811736839 -3.066567719352997 -1.9424060572659891
-6.6392509195229605 0.35307981298108243 47.062692565960674
-1.7195930313478196 3.138269291619497 24.38695789258382
-0.5404119747064903 0.5989513818377044 -94.683186972729
-5.223534928907334 -3.921992325345369 -80.67264910730674
-3.7239237070237703 -6.0835588328343775 87.13068237560246
5.769505789225452 3.1786241613451045 96.51863822124956
2.972153575361949 5.677917892148494 8.297607750249847
1.2656594829466987 6.647775968100266 80.80090520274454
6.938181720595092 2.467953680907899 53.71502034022817
6.432654356383942 -1.477481156749757 88.3190039062354
5.497090196647502 -2.823320172293814 4.871200640831195
0.5432230686765958 -5.989799914066312 49.596196230074064
0.34999237226668667 -4.469813543640982 -29.565417628898576
0.41593370327447676 3.7934849867276914 -43.238749712765255
-4.355449043073574 -5.167298284151246 -17.41713869661134
4.4395265577409635 5.152919497326188 94.2284875459927
-1.6140565154301216 -6.539692650954414 -38.96730265592905
-2.7083803293378983 2.5286904999419435 9.80475518882751
-2.9430915301027847 6.039486455585566 -42.13744372691437
-0.44226518309905577 6.586003981288592 63.5567588530234
-1.7276894961098983 -4.288120862660635 61.00639216658205
-3.061383474709342 0.1397925458948696 -63.65871872782068
1.3342916540821554 1.4574108185142223 93.94244120672583
-7.718390848416316 -0.11438281264496797 -31.115587117700045
-7.024372639435196 0.3210078654367344 -80.95492909613355
0.29707313813373226 -5.068646272192427 56.33732934163867
-2.2422735120714252 -6.530479244216695 -91.85976806699969
-4.625839354617353 3.3825665943649748 33.48453791179668
-1.4229066440436422 -4.149412895318704 52.04430849397537
5.263634504933754 -1.3791668350870236 67.23962356714665
1.6605546426098492 -2.4722236929685515 -68.20274979573432
-0.9201201360876715 -0.7745556607924504 84.87839407146275
6.512961560353513 2.1445076793919875 -16.157627255181698
-0.1916255148148835 -6.687358282989913 -63.71833552807709
0.6371800003539292 0.04146869183624324 -29.56540709383024
-1.4718499352790515 6.591980123103599 -9.497905147776152
-2.3655006794085667 0.6171042592232718 -18.32913804745155
7.000993316312276 4.284425288176784 88.89646059862955
2.8074951365601395 -6.11810820170536 12.884467094154093
-3.7880606979105362 -3.7059455796512246 -44.004806573716806
2.5223083502249235 6.208948051409107 -78.89260059675163
5.426921474066328 -3.661855011126238 2.049102012667242
4.27545997464554 -4.484712628111236 83.4228032535684
-6.912420042311679 -0.07416509522327333 64.27402170957583
0.3808464535874412 -4.864438834768571 88.99513717396394
5.917123073610937 -3.490218960189385 -19.067144587916445
-1.9374737638744308 -6.424528890634463 -50.7364070195703
-5.138061915220606 -4.5708442875861115 -84.23056131804802
-1.1522951729422142 1.9562878920044047 63.276048803261865
3.5620594523091276 0.9509242429499698 99.47029898747195
-5.945182552613561 -3.064777408212575 -5.906954798384627
-0.9040741086544323 0.9688320436424702 -91.62697463221305
-0.47847176319329665 -0.04084403689609384 -68.49710420174388
-6.054946793340336 -3.4496470036807887 64.6064151166646
7.025420590539029 0.4469319298978217 -22.66167104599539
-6.82039599278634 -1.2177513821889423 96.11028093366522
-2.9500702031789694 -6.1135905666689725 -70.25064587243212
-5.903221721196713 -2.975972621507828 82.46906374515181
-1.9268388043067735 6.505467733248183 3.0860991400235895
6.137854315626975 -3.014940455364724 -94.83497014041785
-2.0950554435915323 5.6924961936801655 54.06273970774038
2.2110332860113453 -1.7153756729571814 6.804156191157032
-3.149782788935276 2.0719178653154637 67.1510505340566
-2.1010599240751007 1.2049925274067343 87.58032957040358
2.4178400653799885 -4.538953815650909 93.72620451622714
1.6022288097315613 -6.521180640205084 -44.2772931910249
5.611389979032252 -3.022620296521991 73.05953307824959
4.204290456785113 3.744140183863165 99.58941057706797
3.803800216132149 -2.7068024355612272 55.70523899272066
-6.010943468462213 1.8077285091205444 -11.946845454944885
-5.736577639149351 2.4924104980561363 -34.45745993099333
2.300575983699639 -3.461143845165755 -37.65476909360036
-3.8888122308206206 3.6450212377005076 95.5502406299867
5.96016580501628 -2.556137028294656 91.27563258173683
-4.249893256892573 -4.887274240988485 -1.2312879979516906
5.108451080355584 -3.674435922961864 31.759032626744105
0.047071969610209985 1.223264954685141 8.151578061130936
1.999875482829482 -0.6190679728186418 20.149237586960474
-4.226815473053171 -1.3838348603890305 70.53140707149237
6.87490019846335 -1.2590084266466839 97.22894856643504
-5.624217772386709 -3.5408296439870295 9.89169137614553
6.243546895130302 -0.8721223846451387 74.79051925930561
6.3853544681910925 -2.091006695156441 -40.75279186198577
0.35899976257104177 -3.3045494190420506 -25.441898897939822
1.618224184932768 6.301364245181701 15.818970773059709
-5.064664028565577 -3.3592931875140932 -29.171186298733183
0.3178910610508261 -6.708914911631955 -83.79094883205032
-1.785289401916024 -2.201765327202472 -89.91518571261267
0.5294894734161971 7.137938371486861 9.302331697630704
-1.130906153620809 0.13325785114319222 69.41815075127211
4.862638360271987 -0.0774547348414632 37.32071795117783
-6.307232452152741 0.3552542380810859 77.67165506107654
-4.096806679791409 -5.3629998711613505 65.61850490101959
2.7992292839357873 -6.12498085526308 -93.55240586964115
4.27280756694103 -4.453996199275485 -41.50104797457843
-0.7689995070691338 2.05554382900256 -13.477801592204166
2.9199979595958823 5.957580846526824 -11.132785582341626
0.6447077974243174 -6.721144624099923 -11.08638979100756
-0.6662143319692457 -2.6329586136819487 81.32909658449974
1.8596376474293357 -3.206371910226652 -17.578789607547535
1.0652946225028967 6.823658925040514 -58.46844249582498
1.015345842544458 -6.7347245517013805 30.70357019333604
1.883321503005416 1.7497365930308681 -84.12093918482934
-6.547451028917209 -2.2294688267834415 72.38882255262216
1.1582751260554323 -6.491642278037593 96.56965101207503
3.724625865905689 -0.20479170027246507 -58.17632243511209
-3.4798400469583646 5.171714178776968 -76.25649520179785
3.7583639749608246 0.13912449593985965 -27.33826848484499
5.280734600497616 4.03328574110743 73.59405397164203
2.7597474419550276 -4.495402196996482 -88.63753248028586
-1.0049587623257252 -3.4057497689203244 -59.04674440336773
5.9078002741970845 -3.3762042785350883 64.34112061832425
5.235128262460481 -3.686787217283983 -55.59115587604791
-3.3918066499984794 -4.309496256461971 70.59947677343354
-3.9130013696090455 -4.913474597738791 -60.750375527196944
-4.589710996266147 -4.23112131404214 40.50456741348524
-1.6733701351037733 -6.5441732299098785 -54.73124383918167
-3.6625254941555307 4.478204207306378 -49.48305756970754
1.8357235149443105 -5.695014121141893 35.00385702943693
2.815070670221239 -4.8183761444917 48.19453793990702
-2.8621972381205985 1.1515891867955967 19.09719059693262
3.722735691610077 -2.9012245644103976 -90.8512086641306
2.9574283709519356 4.90487002183213 -1.1783087367958978
2.4641889247194486 -6.2603146500897635 79.69038658215032
1.5380932845440318 -6.564565937361603 66.11997928866437
6.558862926873614 1.1858720526170858 -65.14288925847036
2.56022520378267 -4.110938575490548 45.402455018246854
0.27208208304847686 -6.793173857588262 5.9440771559349495
5.765038204012607 -2.8682438104041283 10.673149923039992
6.6574914287328175 -1.1107773357736221 0.6545949536723623
0.746593324872332 6.769698748951353 -61.2754009240338
-5.8679190348381525 3.175957665161373 9.902624089723153
-2.3018885873810464 5.772156092234269 76.56186002866512
-1.3052690079695013 6.430542549346234 67.23709633418868
5.2559220154305555 -4.13453257262305 -98.60738529853226
5.5785886799305935 4.004894803532873 -30.23076159716787
2.729727368447784 0.05773534949155093 -49.890381009690266
1.7921128843553071 0.627615938296807 -24.607553515375105
-4.013997836266179 -1.3866181468346104 -34.75768807915568
2.672101539674811 -5.909049886723875 -20.84153362523005
-5.3792182576759595 -3.981749653233558 17.51286920314331
-1.5199181841106661 -6.631962468975703 0.29478594370847977
-0.29025340170646874 6.620709905869968 73.83147889940452
1.5255013910289121 -1.364922973723408 -96.42608624941079
-2.395551208588506 -3.56718974419919 88.52994204689523
-0.931928129117517 -3.548282192698515 -50.12549120319874
-0.20649793542828693 -0.2665316005931532 -58.59046440137387
5.985663038261869 2.597429924105688 82.88683473000894
-4.893736339590157 4.2995534403694915 50.1393292252263
-3.3696629734598487 1.0145285758360905 97.96807957995156
-3.949278380492628 5.68394637836637 -66.97772151197607
2.323154032064636 -5.860820457055664 -1.5517615001034062
-2.1530008044102953 2.5977829416964138 47.867582334243174
0.08077914581777726 3.6859754858892377 -16.978360089742434
4.853372504439144 -4.458092483876997 8.165374805671606
2.6423279444420213 0.8303953154110748 -94.50001272597758
-6.492095720858465 2.043792618717844 -59.45528392564646
6.321420621765667 1.0037327841093198 90.56942761498323
5.050658856459733 4.496914942334071 -25.106937599279217
-7.096165429402245 -0.2062296207837906 50.139678894941966
5.836825256261951 -1.4808950904183615 49.915985393943345
-6.211795848971688 1.3009529209980797 30.540686811212765
2.787687902399191 -6.109403078836862 -70.19836668652545
0.08256663064337445 6.6224568068273255 -70.38169333227853
2.2120401776406906 -2.6698047702930032 -10.076682901482153
-2.291675823029988 6.533089824038429 -97.5346393208134
-2.23388434527734 2.9728058758565896 -67.15600724269784
-6.382929384930354 -0.245112381882472 -35.38382748073789
3.4882731724229648 -5.889219806310824 62.50820806224068
-1.9548961583319053 4.198185443700176 -35.050082113297584
-3.9267401107211755 2.3899076681606006 63.02524872297622
-1.4713205215503151 -6.417726061029872 -17.299853794763617
-4.91442094503717 -0.08186679703056288 10.95821283032772
-0.5525530213008925 1.1507075363151889 -41.053264986277085
-2.865570750594693 -5.9377638345124 14.33620537901365
-5.242160550879657 4.0368309361755985 21.181202560932924
2.817189773655924 5.142951957715811 3.6919603468279694
-5.074913527797681 -4.147881975588933 -89.8404411060067
6.335181115850833 -0.6638451266076567 -79.27182187869427
5.51459976025757 -0.2910162297725122 24.442467555779267
-0.8052135065129666 -6.477451623464254 99.22906490574358
-6.222990612515066 -2.379681838760309 -99.94897302415937
-2.8877369370000228 1.6962023945667073 -9.723334129139214
-1.4658994482931478 6.6175337056562595 -14.167159015024474
-6.35473460964983 2.2202784395004356 99.01362833451788
5.317450380794687 5.697300748650875 80.70248998383808
-5.188254834107646 4.213561112635783 -40.17088210098006
-0.8220055673685902 -3.7668598265650695 -40.338705058827124
-5.083513802012628 0.7368951595825497 -84.18327662718073
-4.2104106645470045 5.3115129565998185 8.355364774384393
5.896184362273927 1.969887854734911 29.916693522205776
-3.9958023033630923 3.8314349357787845 1.709099866812287
-4.362811723681475 4.724813289054508 87.17180114237028
-0.11110900720990506 6.4392630001586175 12.32879185143283
0.3062319488464202 -6.675872449536056 25.21042226990848
2.9467870123839925 -5.5879601333714595 -6.546226210617946
-2.790253111059158 -5.577977955172392 32.3069488666789
0.14419628866430684 -6.785117105060537 -31.594079118604242
-4.683245242216819 -1.6424687469609156 -54.94287994037803
-6.2860734300479075 -0.881479199994007 -47.25566991995332
5.55897594814547 0.5501752688754432 -34.71413051180872
-2.4586312160460477 -6.330788020689352 46.65281428952566
5.418935961404731 -3.262065383443902 44.11506310380628
-3.158858458076101 -4.234976919061414 -52.92441036186702
-6.397623683778752 0.4879215191302222 27.841030448332496
1.6839814363331078 -3.22161132015187 53.365240605740844
-2.382608098871289 -5.163871323098278 4.632054859084943
-2.383260655571078 -5.697292572207721 -20.36720216003532
3.6305583861970536 5.329279571574043 83.76251936417177
-0.39976950477518836 7.298408004888053 60.65985187660632
-6.383308957350666 2.643175462143828 78.54489392507385
-5.106912046019132 1.8326982792121864 87.19955335070314
-4.18937586944254 5.465792320184043 79.44884058170454
-1.185699187200925 -6.738819564501691 -58.176114003305536
6.263867243783197 -1.5050672088285917 -37.586768065900536
-0.21443588705937047 6.230593815425295 -50.814991629985315
-5.439156847261365 -1.4981433259247945 92.29604370037437
-0.12499940714939295 -6.921422230707548 77.89396596622984
-2.483357371433721 -3.0403590235274804 93.53805022065296
-4.1940275629446155 5.270055084600793 -32.21061562705094
-1.5527547887603967 -6.395154378773825 8.479115184933036
0.11787550620781845 -3.4058350610734762 -0.8261116227636558
1.0701536179274096 6.253875553506416 88.01617102287021
3.993551221073932 5.348457458612797 -89.17937204836676
-4.606214908448971 -4.758422008185983 -67.62388486925327
-1.2429737787463273 -0.11815775957867869 -85.77112960495847
-1.3386769322135341 -6.495907922167687 82.77048747163774
-0.5899173607676593 -6.814475681336556 92.84024774619004
-2.1007124319923958 0.5981415447585345 -82.41398538353559
6.127398424903905 -1.9382318733501833 -28.882966808564987
-0.8827802615119866 1.3919166780085068 -50.370369582942345
-6.620014421178423 -0.11663389494620163 -96.0456987789485
3.3240081225160676 -5.683966851583073 -64.60519570946033
-4.4177338178221826 -4.964892756431231 -36.99839367761844
2.53207567008435 -0.03203896978738502 -32.4824343114799
-5.434719450823799 -1.1219934031606777 57.119217761168514
-5.272645964390416 4.351088680049175 -2.3560324632230323
7.3336540134802295 -0.19753100157023296 -19.49520261809006
-0.344446631325074 6.756758853907515 -24.99751112865858
-4.867662383675238 -3.318663090611209 -97.04851163272359
5.039707293173014 1.0338532205952338 -0.6837829619727949
-0.26805674675005753 -0.37435077760729896 41.20756047960682
-0.7191065253102509 6.180506541075216 -47.79270908542782
-6.421350534922841 1.0212104431140228 67.98444051666529
-2.520179653973358 -6.182626590054817 49.997502899280846
-1.5071459960867264 5.925346930781104 57.705065979593954
4.921874098130921 1.8579549654090004 -85.86050506830439
-3.5518587271734714 2.219349876044821 -93.72443752084618
-5.348259164135539 3.619693388686207 -91.58908158545401
-1.392249358982115 6.52014057070512 -55.23812817791804
4.694645796036448 4.174342065279386 22.670344691949786
3.2817516739863737 4.609957274179381 -96.69207936528994
-4.406282284862794 0.938531810590039 93.14993352470722
-4.669737543065493 -0.21098030892284078 -74.14875158500071
6.786468954934177 -0.6235381283830161 4.0290264703321945
2.545890061347655 -6.921282157602783 44.447345372220305
4.624790597397735 5.121347871812609 -48.573174300967295
-3.1405939830725327 -6.336168187774773 76.50284254570258
0.663385288328554 -3.522665743341171 4.812201856377253
3.014753338634268 -5.900415301228923 -33.011099025454115
3.7581109354226103 4.32853202293884 -37.774280941926975
5.51944902127662 3.2146036711183528 -20.024632464838515
6.786292272707185 -0.09868001277115698 -56.34355941756177
-6.045241679616107 -2.404167589774536 19.674352457365632
-1.5466304005403866 5.487681631733442 33.512314338350876
0.45131961916707186 1.8168131181479492 22.298392399608783
4.016381023943144 0.30311451387322164 4.856482317411716
-2.470685219468111 5.161934504034843 -60.12097983088329
5.28507983771547 -3.976562159575925 69.78781628530203
-6.3153431068172425 0.05492455297916457 -5.802556542785746
2.9593027532021225 -5.867264270420407 -48.87525317122468
-6.916402739579921 0.45484409465078285 15.528400520424164
-2.9359940749016644 0.22998970779443742 -44.53368582826565
-0.20703064099826068 2.6362590697464166 42.20563908622875
0.2680407522813565 -6.888506220676282 54.40058945071427
-4.621830739338661 -5.010471922822524 23.54200637663545
2.841562379040697 3.5245766134014915 69.30734929621548
-0.1656219924134564 -4.360970821986708 -87.37015523480648
-0.22777588518960032 -1.6322660159179174 9.115717522181157
0.6530365291835623 -3.7536136327754988 41.78443893015682
2.143425470439745 -7.082523882373458 49.34571121480429
-5.579747792413005 -3.35131062581922 -51.21243575865266
5.141976565389359 3.5536657795169786 15.256897482028554
-6.265017249130922 -1.319136901459495 41.97747826579889
