-3.3312512017881857 1.4825792397618751 -34.52555195639187
5.761447459794237 2.455703057553356 -86.8051748526424
-4.997942537812751 -4.182180251827835 96.7503106859878
0.6845305866418783 6.813570378563587 -4.699643560938081
5.181008664648923 -3.918217656541796 26.778077115780345
5.810307527082919 -2.5628529982995047 50.41583499496216
3.5491146361992363 -5.470896097576551 51.62630202007889
0.2923536994154902 -1.5153097790558163 -93.60610338396644
6.289022352956132 1.085875257139612 45.5645957437164
2.378233367865032 2.6189932659670867 89.00043530813662
-6.444432389774206 1.3600075542258467 -8.650878445915755
-3.6798902499002066 1.8515640897704702 -37.85351921273222
4.395293162270813 -4.779752579584028 -28.05739902095994
3.68922744306998 2.39838347249526 86.12140697819105
3.242959815405075 5.772406109441359 71.9698884288278
-3.3990026406791807 3.7645847266834864 94.5746356200465
6.640027647403697 0.954613550855721 40.63314700116461
-4.376505353104759 3.297806852917145 15.78817423930051
-3.7991641169401618 -4.731706584020668 71.59509888093497
5.373849102656398 -1.9848222078426792 -71.40789146437
-4.659936566056184 4.742204284340804 72.05591022888846
-0.44647792967146427 1.535684307944652 -95.69172333479868
6.42628563121767 -2.1693229605443185 78.91173464340986
6.74045541434678 0.5710969670362076 -99.62896570665261
-0.8023729040794116 -5.681072821165763 24.183816109647083
-2.3879910895810736 -6.046360613195617 -74.16849909888627
-0.6266148694074075 6.715469457529116 79.50823079130886
-2.598631334333893 4.051255473751311 1.345627358666209
5.9615571756851455 3.26281938138534 8.223673996912293
5.146749159091602 4.040428027167378 0.40711325329123976
2.309401852486655 5.661519333421643 -55.18964321695551
-2.8263292209091184 -0.8313545256610417 97.20277490515544
-3.245944367805626 5.746692192468082 -90.94133353279696
2.0787199810192605 -1.9612450116713915 -90.55119499005336
0.15128299907197484 6.5119630597981555 26.52490054834312
-3.570293195049643 5.706108826309261 42.21964729889673
4.561607646233129 1.9874825577461175 -54.3035237728893
0.8173921812639476 0.5449449205812182 -31.326606550913528
-6.265040527197179 -0.2247988673193828 -23.220421348231802
5.240728481859017 -3.7283612525469607 -25.002848975344996
1.2476280711728969 6.498073989172267 -38.54014474126621
-2.966784892522903 6.0696572876408155 -50.03894051928968
2.6706559113076174 -3.6809989824624627 36.18104840269836
-5.109991105895352 -4.375911514799095 -31.933927592595555
-0.5961158283956807 -3.5112688414541413 73.07946874903564
-5.308160739232127 -3.203815285013898 28.42425726606779
6.54394559475658 0.9991701374599364 -52.23510742658387
-6.654896624750461 1.7881818249178598 -54.90952134027975
6.715696347004873 0.603416373471391 -61.36670157099154
-3.82249677690483 0.7886429426303945 31.802060249842537
6.569176919910073 0.0820428491247227 -73.75398566614064
-3.789584337607598 5.200143498703349 -45.9335715169753
-2.363370918562279 -5.9158106983967755 -11.695101628712607
-4.1720300818098055 4.670123414761557 -70.34551617641164
-2.143933420465694 5.947106006630814 85.46430181231851
-5.712308524772174 3.4611127767488155 66.35680751075452
2.544652855707481 -1.0434627311374272 -39.148674454950914
-2.245115454303524 -4.881924738008731 -86.5983814511824
0.26104763318533464 -1.56937909966515 61.30917034598006
2.169746429811104 2.875527148989412 76.96206650277155
2.874766790447061 -0.6394412144203623 -96.57082229284192
0.2622029343296457 -6.179205475151133 -42.362988301441966
3.773884419957979 -2.525962187623857 -22.73019114401105
6.459545155753332 1.1300589505666212 -34.33603026724823
0.31401308780813586 5.5032174320297775 -14.43896079031884
6.132067665205115 -2.536484684229079 -58.185762355462074
2.342024898261716 6.483740243728921 -65.9862736316384
3.1622205041045697 2.3049463004575266 -91.41328890866444
4.508120359471327 4.544743759219123 -81.79325580012814
-3.9303631606750655 -5.190718705024017 6.8294513231826715
-6.032954184920774 -1.7963459106882884 56.11326623013937
2.5188385786396092 -5.083747643247348 -36.223828207615114
1.4424983604143276 -0.5517079344367375 19.30881635023212
-2.3921041640186376 -6.263669440289677 -33.37098706823102
-6.200429431685761 2.0979207583174784 41.33149516414611
-0.24147140426294567 -2.4375202041926234 -61.35958736272526
-5.931775932605442 2.6930471562777156 54.31034424898068
-2.786207953706498 3.4616315435047946 21.959726851871615
-0.5029078928218347 -6.277189025349607 -1.650754036012975
3.800895045750419 0.4472567494332314 42.14754757649809
-2.281581557627284 -0.6142696858568326 12.541732243895556
3.952943055536228 -5.032052729189038 -11.613166319768311
-0.7452409640737898 4.213610551515562 87.28285790535534
-3.261393928470794 5.741287204992351 66.70086230234726
-6.428071585341063 -1.7178435438233153 -77.22079600399564
5.136220150630921 4.091540201097606 76.7991275970639
4.5078297034904695 4.598768081358823 46.194240826800794
-1.1565859657144602 -6.284892806311185 12.588106585907905
3.078016538086983 -5.855138638047797 -97.41591197169075
6.393478710686125 2.2119597439749983 65.54827214046543
4.000289009862637 -5.185360591123134 58.015290828159955
1.28251725270919 1.0742523899090783 -80.69456406898563
-6.034913523397358 -1.9671655132070571 13.016334888358033
6.116381743068303 -3.242243564843785 -66.64586917924912
-6.430461350728217 -0.7218638784239286 52.902551599587824
-4.264683447740069 -5.123591097395922 -24.30609503816686
-3.4795362560338017 -1.3305836794012462 -84.22673137662272
-3.627487339306316 5.121209216900455 -14.869584582545238
-3.4620586129847712 -5.654887228342304 37.282410531386724
6.6507185869938334 1.8275561928435828 0.961782333649521
0.9948030720892945 3.286651104782868 85.44194672609663
6.407743663514633 1.8449404073835929 4.085299729694164
0.4591092126341668 -0.1744890705997416 -67.38724795817183
-2.806795660348395 -5.861219678943546 16.858314154278396
-6.808664195940444 -0.040890802280548075 38.47744006781551
6.230135582510804 -2.395179396820184 39.636946660907505
-1.8711856817908847 6.007438768025448 19.427318402189858
-4.89813423784901 -4.278718583569502 -93.81036813919471
2.5302774294906736 -2.677101125731468 -68.12680031874653
2.5923653127216753 -6.1543889179950195 55.1477349267988
2.793674215323159 2.7038328648625805 -2.126927538619524
-1.1345778996141123 2.12071598800196 9.962491503854574
2.6211043405245733 -2.2086193249642907 71.8554716626848
1.2344592140615167 6.503786246930297 94.21421768754595
3.1702836903555722 -5.975716446975097 -53.77908140314976
6.110239041320986 3.086827658046732 92.26757260367044
4.398301433155776 -4.798027229210887 -62.25692145790032
-1.7629350343374637 -4.868228140776927 43.2133821320154
-4.9076108686854765 4.693400050037049 -36.87176006146097
-3.522224897757138 5.403745103218952 -85.46271323156677
5.462972654856658 -4.002368156395402 12.924664187768796
-3.2105458455412563 -2.1654141646751066 2.7901967327477846
-6.037184500999885 1.3576421930376752 93.68441164673807
6.446225231045788 -0.19671960735799893 -77.1213243973717
-6.51540108642905 1.1479401829564275 -78.61117544648418
-1.8710806437035745 6.2662307449408825 49.17948134116427
-5.204812454270866 4.4763848857934825 30.280994935108083
5.9600193086605415 -3.2330658850616816 53.32789612932726
6.610048925061084 -0.9547995594711324 7.2947244903085995
-6.804597054972208 -0.41985747750649893 -27.471727924848107
5.468600763950525 3.8063407264483127 12.61557676704059
-6.626756515329493 -0.06607564910937104 23.480411448228793
5.318549997826414 -4.209159514008887 86.8158218778241
-2.3339305160461286 -2.2792966038979934 47.09383244370212
5.355148194824669 3.751977633542938 27.49046888329288
-2.8805710656195913 -6.097875865652696 -67.02607105659268
-4.4215412992184495 5.210322718442976 46.76442196565752
1.971832977575657 6.009504065911791 -30.429218820711487
-0.49241716460479523 -6.619625861011598 73.3017042383826
-6.3844261258875825 1.6162165528422603 -51.11787160493804
5.446000282118574 -2.976623832515672 -38.10306015201937
-3.5305207754455243 5.16297355679083 54.080274010638455
-1.3999279336778452 6.151689573647811 -80.62275623564966
-3.1753205045086768 -5.202479877485732 -79.3130453328495
6.193907267869063 2.3400252415839353 -64.86897803642132
-5.815027797584055 -3.5184878389835625 50.854225860983874
4.9339325800563225 4.0959864534874795 19.293662898619036
-6.31725226010832 -1.3179635688521418 -64.89264293297462
0.06585431580022122 3.5043499920766257 -59.932596390213455
-4.269118875856896 4.701608503388705 -94.03693608504085
3.5840518201385514 5.544478112778485 91.21179469926327
-5.989117105437583 2.168362361132041 12.253799926691569
2.6813964981436422 5.366392743573457 36.859435934872366
-3.842490940462824 5.559794578511228 -2.804950692093574
0.6710613729424394 4.148540929703743 -97.66305458678701
5.664278475675112 2.594845583668089 -3.6234149034079826
4.544492473889576 0.2144733821860269 -66.2738984921627
2.207763813354429 -6.270614309779922 2.270240619710852
4.51660890861401 -1.040032949346998 12.018566599166196
-6.054399501319954 3.248875850246087 22.396968216091864
-5.430216605511595 -3.6880511964129807 -57.4580320680001
-5.9186203738271495 -1.1508230094498646 87.0596618797266
-4.1992162451092465 4.72593356761199 38.77316911079302
1.9603612322771429 6.41425362386083 43.33968529688393
6.142733600075019 -2.1736519523540916 61.73013683726163
-0.14353740259139092 6.610563622114542 0.642699751574926
-6.434890632045895 -0.739549208734095 33.59179723893432
-3.1354328653426595 -2.7924573934907513 26.54905447900071
1.1111066865485972 -1.1400960243855969 49.32614176132309
-2.2769838656736345 -6.149064347957167 79.756432527685
2.915531621188372 -1.8380814912398333 -25.67785082214785
2.0051729671626815 3.159460801192269 -52.84544906722527
5.008381345576664 -3.929047992526463 -8.153522345351218
-4.04022428262942 -5.055664061351999 -64.26733515457327
-2.0620849335384817 -6.11163574894658 -97.7303647150062
-0.346333515794659 -6.754297494689932 -95.72419177536683
-1.0712789141698282 -1.1945915191975174 43.56860351375037
-1.415969530763094 0.08424154882575313 -15.126407695811393
-4.9285747032083975 -4.316073021660998 -7.745502338730995
-5.11010368089067 3.7287985050180983 -28.789568300497102
5.745652552691411 -2.902377373826473 58.78898370536811
1.4909003898226685 3.5448299388639226 -41.91577208545594
-6.786059717642285 -0.41349152223680563 60.213540803929995
1.6470063580627083 -6.535027410217992 -79.84780667929124
-4.452474520358529 4.814137508563687 83.87987719935946
-1.826265930605309 6.011922594821159 82.4749448087056
-5.5946715339671815 2.9653133583316165 90.7143970637417
-5.84811857252051 -2.670837609954726 70.31561649289407
-5.712168665129508 -1.8541266803819574 -33.37347459064146
5.439214745387614 3.6176296040627567 -61.12661773344633
0.8123475219461096 6.327593950237506 60.10851146492614
3.569378988097981 5.7357124200060365 -26.16397570790233
-2.4334188110890587 -6.27972740711983 55.207610182637175
0.8656256730337795 -6.744573885554393 -67.28090151490413
5.699502351450365 3.172619185567397 42.886475332043034
-5.778158238974045 -1.1879430065935765 -71.09994611490086
1.3862953719519906 6.385369075291419 32.74057437918971
-5.963723630153245 -1.899811661060459 67.17194097500284
2.206478825602156 5.95761941577465 74.83771974319177
-0.5375061053620533 5.283126573351241 46.468661130017885
-6.6250429470937355 1.2972799963481951 -88.52714755572607
3.5960012146321008 3.5163162786141573 -74.29930550981797
1.0369537159833373 -1.685704411222745 -82.38920588484008
0.5656744142713227 -4.151710783196991 -88.51149430748491
-6.721601019658976 1.7605649638347367 19.712603139414703
0.28876159298690585 -3.2925043765153315 57.78186258697677
1.9332917916473848 5.603543013742493 5.5488006824483085
-6.56464608550214 -1.8485082878631602 -85.272060588646
-5.015754765762011 4.168618460422219 -79.89648270441363
-1.1426254305505552 0.35487327217418263 64.11042842942379
-2.2819562651594314 3.2104928046924837 56.621402079286675
5.273612262522495 -1.272330351386087 19.71866717469556
-1.045222170246856 -6.127043243990499 68.76906734605151
2.9606848306656373 0.6551266358066989 -60.01328202082269
2.1752123435589823 1.0210654075386334 52.42397536992986
-5.889882486319682 -2.2295815465374598 -5.667069221315174
-5.9151272396468455 2.352198848935201 45.91574389514128
3.291803915890171 0.15609577915616463 25.43223329028899
-2.183203936285189 3.175494773222912 -91.66067347038312
-4.593672178598406 -4.658780452613506 -81.68773717888521
-2.425148602293886 -5.801632534234357 82.98349634572075
6.185065939202996 1.6430191457324415 95.56934330470375
2.7502259156899336 6.232576830573061 8.975828172072527
1.3556492093526802 5.935505718146595 81.52066140099267
5.872036023314687 -0.16791122437956923 56.92428741131721
6.465164125962126 -1.036950925007092 88.22541573531377
4.514485336825517 -4.8893755308081905 5.214481064139287
-0.4662513619990119 -3.5111059587634617 50.888358814231204
1.7875211169926581 -3.491319998099825 -28.722507773744788
3.018699302432171 5.993351965525849 -44.017632556016245
-3.4581869760605466 -3.2126545054631825 -18.0312219841503
4.574007225638254 4.812771890271117 94.7804340340068
1.2837444056607938 -6.594032417281535 -39.29725678037473
-6.004769882190661 -0.25363038776295677 3.555738293153153
-0.0027247527797440996 6.727968232262792 -42.26426301611447
0.27888307275903035 5.226768601731726 65.33572998514258
-2.4426636272925073 -6.410806460713924 61.58915202182841
-6.196471561377916 -1.714616965512708 -68.13315597827999
4.737143397189835 0.4421362951660307 92.94399160735074
-6.006584869713191 -0.05526088924638804 -31.193028732359906
-6.298269246948118 -1.4254836022492388 -80.9335211713596
-2.530217550798197 -6.168550389442659 58.73032915689826
-1.5101260117425397 -6.543673268081601 -91.97471699494557
-5.404935579554383 3.688936759429249 34.26067463888916
-2.618458950817401 -4.113506687088024 52.69772457043138
6.674913272024476 0.38196114354127986 67.75612781729764
2.952527830059731 2.045577603956752 -78.16534580956842
-0.37176944614227836 1.3702893641472846 87.84101234837644
4.923252951175232 3.964674995185765 -16.19466768974375
-0.3887446861679553 -6.54507113319616 -62.74064586045177
-1.613733507749323 6.228820128728313 -30.1015320692772
-2.711582465749869 5.186015267405395 -9.240492780600992
-3.7695847728832885 5.434786269598826 -23.54310559097633
5.282263973359045 3.8027419429931255 88.8950049110252
2.719555279169763 -6.154288387954434 12.091074149586039
-5.804907834466408 -2.8360960813775695 -42.77142027675287
0.8889775395296793 6.540194894685924 -78.59433197544986
5.206894746263483 -4.079953249667698 1.058135636879155
4.07675077310375 -5.261063243605114 84.51101816114478
-6.696858439945381 0.9566869990063382 64.16165714671882
-0.7713994180965464 -6.518506521009741 90.20046427693401
6.635813688081871 -1.5518498310043374 -19.741570211394965
-3.57693600509806 -5.492322266199579 -50.52570187342681
-4.590015494266426 -4.10913656498805 -85.15741573771169
4.243401958395822 -0.46309666116212644 65.42079381367016
3.251578524563523 2.28767605210232 96.1814445123334
-6.44709687500665 -1.5568939633916434 -11.71728321504208
-1.1639084918638045 -2.0777325762969747 -89.40711053970263
-4.875616993175622 -4.3112029259169296 -74.67074311305483
-5.39400212024665 -4.279792911481228 61.45042227837444
6.493582411245594 0.253608070729273 -23.212635257543784
-5.734431510013384 1.9870745013691828 96.31816832922158
-1.0377998331501268 -5.923839339935344 -70.70661749769198
-6.366309779221245 -2.3146311335264746 79.97173754630364
-2.976914309029038 5.409781654284823 4.160486040966764
5.740213633694855 -2.7496384909580573 -96.33353102320133
0.42912270923184603 6.5600156422583 51.31846571066809
1.5890201966749529 -1.2911220438246893 10.432485305902246
2.330160479876422 6.305313245997443 69.19196151417466
-3.6862768409485493 -0.3405685191429748 89.72705984549036
2.6871281311209594 -3.7573788311978267 93.0746047330144
3.536082211982405 -2.578118933443186 -41.442650683329326
3.6060399582192866 -4.45416781402663 74.17434189420338
4.413705266055707 4.432880735088018 -98.72869220217476
2.8548799832495213 -1.6869257277455938 55.815611101077415
-4.859331982936474 3.5357296905373365 -12.047826304063125
-5.059519399584483 4.039940708805246 -33.99104112758687
1.0006396689638848 -3.570548544660973 -40.33110977098697
-4.16924887468402 4.428904193214326 97.28457563084191
6.251406369990696 -2.3846748383225282 91.80004509235255
-3.3635555612552257 -5.717804372049417 -4.78734263954779
3.6624602650371223 -4.505290291779691 32.542011466676556
-1.2137889903345103 3.8153236579708123 5.986022347789531
2.2828937027135354 -6.245019273921732 24.33586922258889
-2.3266667391538665 -3.010008634910878 68.77864446204205
6.326238671249387 -2.5332920935836607 99.42950991493841
-4.196859363264741 -5.240678186709818 10.98443706827824
6.565052168607392 1.7248085484160427 75.16667013403965
5.67322826558111 2.923333638174972 -42.985810802038344
-3.743918198674547 0.6399906655431261 -28.69551917953946
-0.8431714763926047 2.119408553374016 15.393461451112547
-5.5743913528456135 -3.944579200031704 -29.008536512065962
3.2902692455702143 -4.134643399679238 -80.24016809778298
-3.5747468200162182 -0.5147173452158024 -87.16994056910242
-1.3333770813179433 5.540681099643118 8.749111816399429
1.4856943955566333 -0.9455418348136364 67.11301948671674
6.041457401178174 -2.188601020481083 35.02203164400756
-5.251170071523904 0.5791623863330554 74.48637548024101
-3.3563245848238097 -5.5267159565361 65.48268645501878
2.7946842706280104 -5.876389809510288 -93.86636527359879
4.334265687275647 -5.239124567106275 -45.803890242162126
2.2111489689095074 0.35835011878117906 -14.189024237097051
2.744724619390322 5.567996003502869 -9.883975466702168
-1.4741233798732516 -6.155508356263329 -8.511566437821896
5.422226503164821 1.096047937079346 77.73894081144805
0.9624109201838809 -6.481237411975391 -17.593914570823706
1.7130147189041633 6.538666051645253 -58.27972573144388
2.3225347825435882 -5.634576325465913 29.083973173987978
6.852824956860847 -0.3800036703578511 -83.65368335793683
-6.301194168338258 -2.4172504715995715 74.71547687057975
-1.3395391699244537 -6.682171452765323 95.90265743740359
2.269678935984122 2.315132782737652 -57.25527294209059
-2.2559935502910817 5.331557903397258 -77.0404255000869
3.7135992013368075 1.9734812730304476 -28.96227603384788
6.095665699206785 2.766396660017506 72.14068116244003
3.6460057466172917 -5.429295910430484 -89.71405337319668
-3.1010845341817546 -5.582149559601483 -57.81182645458688
3.998912213924599 -5.203913834221258 65.02718117135477
4.83939097247281 -4.431524239677908 -56.36198457561964
3.1421793226230688 0.9010996906000366 72.25945125933823
-3.783818418673158 -5.339261981379519 -60.570074534445425
-5.161620312734049 -4.326299681731772 41.70862524523878
-1.8889892639988233 -6.579805880453169 -55.143121182365306
-6.224491678756965 2.1029086509918824 -46.325436293841726
-0.29915149910098143 -6.494164300058278 32.99672844156443
0.2137013975174491 -4.289878450353754 47.86875151910882
-3.778196693739775 -0.7463320371065696 20.104452772461016
5.651402838204089 -3.307178958995902 -91.6668628977093
3.071330313575678 6.0319781554438885 -1.7717292723810074
2.2880019207692097 -5.508333688374058 81.85025602911375
0.28701108534467573 -6.600843764557545 65.44495287752156
6.420959644889012 -0.5591058643472507 -68.41681642686993
2.269845953566551 -2.780334752958854 44.79747236340532
0.7917456133814498 -6.770179008003416 6.735001623726443
6.357781642108985 -2.5535013961999766 10.291065767855727
6.275922239190458 -1.4693663408552577 0.12014217829302286
0.2841143183530086 5.539973316437763 -63.33065567097011
-3.260442851761365 5.373804843613748 12.02960856611438
-1.5514382891160352 5.2164432099019 76.16448815624435
-1.64490299693214 6.4224021946580105 69.32077625864456
3.7035991188936994 -5.512337403781402 98.25614482955477
5.153710019822352 4.48752829372882 -28.723412457437203
6.216683442828996 -1.5641382761111382 -51.42397096368249
1.7983613566762973 1.114845146046294 -23.39169788636285
-1.1871854553061365 -2.8449064129503667 -35.924690337921064
3.1624940290741606 -5.824519666033301 -20.12697061487014
-4.786375683476426 -3.274620736699057 17.46968790058886
3.7241741777887056 -5.4508665932760225 -2.7840925470924343
-0.6389233803713824 6.386286590346686 72.4022409776975
1.0930808968173296 -3.8290085362858286 -96.96527275944729
-3.1889718964647105 -3.2477277700355143 88.34009900182757
-0.4715399613032335 -2.8583620920785044 -52.8748355803633
-1.0257699182242743 0.9476632828229503 -55.81632785618793
6.529938892877396 0.620997410875533 85.58189133095394
-3.97765614731277 5.086862372074281 50.88641612040128
-4.227707142366904 1.6723604339903388 99.09480318992888
-4.1727545678020395 4.543110665351581 -67.06015049424866
5.807033555421073 -2.0024349380669775 -2.663948147435933
-3.653544716190501 0.626634525011821 46.47421542540842
1.0700362693044712 2.7636408610215537 -17.409713123439197
3.555291724216467 -5.018713746980979 9.056179215439398
6.4934251582930145 2.611427071629461 -91.9933225793734
-4.0320026329001575 3.225499713495952 -56.935890268317394
6.727293896400821 1.1110905237152426 90.33855732071233
4.037146727901902 5.145454027590771 -23.03563480919057
-6.130188054225333 2.18797765339903 50.678516807734894
6.719037222060738 0.28796133086312325 49.580880327429604
-6.297128473954898 0.8491466419760484 29.98475041350425
4.546074367885011 -4.5844997380783825 -69.85874435508165
-2.24251256904891 6.35734830350649 -71.94659299851011
-0.11501285749133276 -6.643013003873145 -13.884574680730529
0.006911708271833961 6.59299835869791 -91.82743634679237
-0.5550977748846356 1.4456630987417463 -70.46328537305938
-6.608976528131201 0.06845456055790648 -35.95838129581606
4.480143794662807 -4.7999004092379 61.942366498785645
-1.9180711401416244 5.2934996286239056 -34.350650670571255
-4.417753453527089 4.739500426096056 59.55641457717172
-2.498103359143136 -6.034332437914788 -16.826064119747834
-5.925365871911269 -2.9313144061139615 9.754598475078756
-5.302378819420035 -3.827427186275987 -39.26844641357731
-3.7642731247229166 -4.123552638922522 13.722977281837299
-4.84846948772884 4.695383488539149 19.280317849193228
2.076198374220117 3.505783535747407 2.3232930782542027
-6.74763148933749 -1.4461269799883885 -90.41378046831252
6.514848864819804 -1.8269940102444766 -79.98956922515805
6.407682915872579 1.4257987319241199 22.83721819368784
0.1571117896805323 -6.556256009947394 -99.80350253422255
-6.287888023446126 -2.152702704303729 99.09238619529866
-4.14665253050906 -0.8962414534551014 -7.57367775422433
0.5611602120904617 7.024008650842571 -11.720077598587375
-6.664687903984104 1.6810262361217752 -98.7914786841659
5.097785798323196 4.177991132164919 80.21028580601906
-6.297319477261047 0.6353224832129909 -39.47050413328212
-0.937234748028402 0.44764886868700665 -36.58377427845548
-6.634694472941883 0.9825037874078425 -85.39880878000235
-4.112394788943464 5.333485716713346 8.77006713494735
6.8048194878505885 0.6277724713989612 27.279829567673126
-6.133873437146635 2.685593728381018 1.0767267580409583
-5.960598351347403 2.8203510256893374 86.77338641323827
0.3651190406151002 6.636066277410717 13.732459722099131
-3.4914044443250463 -5.67337123572598 27.396820345622185
-0.46350654457468143 -6.705162646273587 -4.8142685461205605
-4.505857892943075 -4.96039734864631 31.365330424513832
-2.6434708440066013 -5.987830194378226 -29.29299092137923
-3.8088591886679346 -1.0944016385014217 -54.200323584553345
-6.269600677134693 -2.0294850521484884 -45.69165446777322
3.132115173309179 1.5862360943878437 -33.768076890824595
-3.0010598810884956 -6.099515132161855 46.148982376836344
6.4326468569975725 -2.213237223450728 45.403895123781936
-1.6427468159534766 1.16539502897471 -48.646464806888176
-5.514057338959392 1.042106856185121 27.290069620976467
-1.0064752302467483 -1.014634342601663 53.450787546458145
-1.0528760817983556 -6.39514823062387 3.7861165910550003
-0.3166097263625875 -6.796263720281903 -21.284353550943674
4.346423095465989 5.16603640600364 84.72553488702125
-1.239321676017066 5.873876724424255 62.2655950609643
-6.726552830189659 0.42603970691204307 78.78821872744206
-5.779900888264031 2.041966357239997 81.388659079833
-5.005774706313466 4.35260228504058 78.2468058520297
1.1690445930032336 -6.474368462536328 -57.63795145208012
6.591215357708517 0.08535476236683544 -36.96964314420048
-0.4910060095497344 6.501584266668232 -51.5401678030454
-6.638372907695544 -0.8856052536979245 90.05181985120183
1.3580251919641046 -6.866786266359057 78.94786094756668
-3.8783239435943715 -4.906591489385051 91.05531140345575
-4.072482474114736 5.376877624553942 -31.34417950583592
-1.7501168094047066 -5.731143185163713 8.79365677515112
3.1514741682035554 -2.251898845857667 3.139603166237131
2.5347608000803152 5.750923373776422 87.61048285957098
3.151092232826611 5.440074749043194 -91.39154369308531
-4.656617952171451 -3.9904046345641326 -69.01062177939093
-0.8683242669909915 -2.4877259166347865 -85.87418132952904
-1.5822893964458318 -1.9909720880726862 83.08502911297035
0.27854278108084807 -6.53880060716029 93.58580198037312
-6.097937128666127 2.893956911663893 -82.5345525534999
6.505407495902964 -1.7637989680409163 -29.13394178558559
4.0150465838717135 2.758551841147255 -45.58451946832267
-6.480973939830539 -1.3880944192959537 -97.71235184876242
3.112012142948431 -5.947671487752762 -65.01261930388694
-4.362362432581539 -3.870539819662712 -35.33131974914554
5.728337457726214 3.0110525822298833 -31.25634087496766
-5.479593727400761 1.8729203602976512 57.94120925082266
-5.1848219392791846 1.0441381318863885 -1.3098122759326516
6.32925885640975 1.2771055763804646 -20.487497459912785
-0.8660403780846235 6.870462200918053 -26.572231570248118
-3.9459145449569837 -4.226584569872628 -99.85531735774858
-1.2463714567015052 -0.3976924717748621 -6.153116678086571
0.6314371524940904 -3.0875694520767345 41.44848394291542
0.48790582944126504 5.351260091338302 -48.154244007578114
-6.021617036076883 2.8155133487682895 69.72527297631643
-3.6229666394366733 -5.466467036008809 49.56639001569904
-1.9491405968014528 6.073326011475753 57.58833471098114
0.16891967076800563 6.758572540304116 -86.65509550003202
-4.463741990304079 -1.3425176324403854 -93.0004344768823
-4.703810595976599 4.6395380617031154 -88.56286594070635
-2.8432940954637 5.776636307703727 -59.14563925121004
4.7883753035173 4.761133079020066 23.08818156363983
6.2498148347932805 2.275655582834677 -96.70158515680332
1.1986219844472352 -1.2805279043673061 94.60270953517332
-6.655809575919951 -1.701472669351628 -74.241164530914
6.249223897780278 -2.407653934313199 3.3572219658524696
3.9219413542828545 -5.024285683822781 45.583360546414575
4.011293288144423 4.936225641783387 -48.5786371037595
-3.8268698121480673 -4.996870601860481 75.74015385691023
1.175454488697716 -3.620276085318205 5.097978802331157
4.23525173816103 -4.776922964571156 -32.45901889248619
4.953985974061814 4.062514074829832 -39.500123094732324
2.9959360753405395 4.5945111701147985 -20.15464764430297
6.772201402354283 -0.48481338961670034 -55.880896885449175
-5.916767415980924 -2.5353517426052745 21.0591515925339
-2.7496617116229127 5.604801907260496 31.40665990839336
2.405918431653192 4.416585743800564 28.603871253301566
1.9896095428844398 -0.4973103955225678 5.941232375011303
-2.5962098292573526 5.952083008403347 -63.42381846014103
5.126604475781855 -3.3280905296855696 70.52726084588207
-6.382180925439441 0.6552952716763164 -4.921366332844054
0.8575228699158741 -6.462689431911937 -50.144295297538186
-6.671824520120893 0.9379259125601456 15.600391101035642
-3.957750411496286 -5.133927793922934 -45.619080442804304
-1.230461926478631 2.72203454556112 42.27774522921589
0.05950268602946979 -6.781904064850938 53.39278740240482
-5.402566101026282 -3.6920320614421507 24.310805019708422
4.131956136461487 5.095382660039175 65.6419249867491
3.1701223772454146 -5.344017370634078 -85.12821352355388
-0.8655066566036316 -3.270002259561635 7.692208026447578
2.78400525540148 -5.829904627505556 40.08392455555487
-0.06259322993724915 -6.666899402277502 50.32132962609866
-6.3261961173774734 -1.0495252600743994 -50.10618824951565
5.393311266993706 3.1811562914600153 15.876555524058432
-6.408727258081599 -1.5571849176592103 43.81279713484101
