-4.542224335272601 1.3072503515058245 -33.072161883056815
1.419541480360462 3.6742466740007087 -86.31188312715118
-4.188170634246067 -4.837653364913337 97.78515026247764
0.43577774266425884 6.589528863575622 -3.6869105311732717
5.757989408146651 -3.5904622139826596 24.491822810654217
4.861036547794381 0.10814230091725985 53.12538243707009
3.481027959494732 -6.139092617387303 51.32594780801001
0.8134833854442295 -4.084805318970266 -94.2981818859827
6.51391173472775 0.29801434776181324 45.406063783992494
4.104182182335392 4.3794550793787055 87.48874175665831
-4.836360465921083 4.496893988675793 -10.520925327144967
-1.3137231047038143 2.159573519784298 -39.91697518400616
3.4555820092431704 -3.8772089000806793 -28.769944644716556
2.5270179524114758 -1.0291601119122866 82.25325736538373
3.3597495621646063 5.742596629358974 70.57885033913686
-2.7607971684205177 5.060675315440061 92.47510686709234
6.519293658419321 1.6087806679113796 41.296750611944404
-4.920569910184836 4.425404091691986 14.12651722431303
-2.9100844265235515 -6.357417759966722 71.20749275036293
5.4005229722610695 -0.7038945171756241 -71.22104970442838
-4.474423126577967 3.4713027153022247 75.08587045091802
-6.236751160266809 2.907451023565353 -94.27881107801592
6.031608927392645 -1.3434099573522489 76.99737559159506
6.994487175502605 -0.23187592888529832 -99.09149746156852
0.684027924997551 -6.505702685899145 23.356078074866126
0.9604022383684365 2.08492758811717 -73.84866363907545
-0.7932482721364515 6.722213172375175 79.3247618378029
-3.835058052421591 -0.11116803912350531 2.786029722048622
5.504042841484357 3.071102829433737 8.45919546066724
4.574320480752998 4.729924640769879 1.1435459887636372
0.5237096164349401 4.7705581000287545 -54.42627195736256
-3.1029000827888082 -1.2466388050983013 -96.36771379161698
-3.019277172070081 6.199212238863541 -90.72093332445674
1.7273417092083603 2.0174958664002935 -89.45054717487862
0.6639198094338478 5.370933205508228 30.846047876828063
-3.2627985631661875 4.875094573739301 45.18494340104261
4.26755227068061 5.189190986432893 -55.20794798682573
-0.37372767442876165 0.6570722118509349 -32.09251409725167
-5.735909549694148 -1.6468338306369634 -24.30159807032314
4.918376867891988 -4.4720570070972805 -25.67211862542986
1.798507315509315 6.007179702540108 -35.40634402290556
-3.9931797759855088 4.890700688270886 -52.94264653970287
-1.5978963470842165 -0.743971178347878 39.119052855584734
-5.2310257679458 -4.401036446511504 -32.39323540505254
0.6426870902478355 -3.564013324540896 74.76406948083408
-6.1993658503229385 -2.731093288393541 29.480402801243955
6.062531176259322 2.340790284835146 -52.728248875721135
-6.41250715791562 1.1227196542418818 -55.348968533070554
6.289336866324021 2.2064275480591675 -61.48431532097113
-3.667823366804639 1.9467406556717006 27.888491219998482
5.214922725059027 -3.977638103314382 -74.44672437749149
-3.247144404563112 5.557190371320646 -45.44889114324144
-6.334890400509153 -1.7957150686304078 -16.019476269433362
-3.1664730864342365 5.6276293724785935 -69.91683133415319
-2.2542417835547512 6.24038854357526 84.8280545881537
-6.040568843924078 2.7897680551592248 65.40496290016992
2.8294821769766423 0.8621103336741271 -39.29438366682559
-3.6199672238733642 -5.277118053538696 -87.55919952359005
2.1699358919533958 -2.885929148660619 61.92263798949441
2.114559020726892 6.455280461517886 77.68352785398139
6.093280527543939 -0.4153342562005987 -96.46559555568062
0.2832166218924797 -6.0465937285088955 -42.16659615668653
0.7397000025435315 -3.1228724855519285 -21.039515893790835
6.55664698081796 1.079088554024986 -32.67866330751978
-1.142205109381711 3.067941934124622 -9.464830095230313
5.599892174036947 -3.7699180669757046 -58.84268011555441
1.6181991671843297 6.1562343755757345 -65.33225165141184
2.455045512875662 3.1681719687272714 -93.74851723084713
1.721212341557628 6.198146683762612 -84.32061239787252
-5.073548278724493 -4.409029155012972 6.434551892615249
-3.9479928692549753 -3.8260970916468566 55.78723162113747
2.225515392816692 -6.162484172356622 -36.24106594926417
1.7938632791953115 1.5979044478240059 17.79146544301745
-2.547551895250335 -5.615579223749389 -33.26658475082396
-6.093167853134919 2.4163773250508833 41.563377741547015
-0.5026173588717148 -2.637741808921965 -62.90637447109685
-6.108408426352661 2.888734491005495 54.14198211527219
-1.7498543686804255 6.255215395684873 23.199268544379223
0.23182277073151647 -3.376830003144536 -1.9229995327132163
4.641181904873776 -0.06852919064369543 42.76436078089612
1.063782011216138 -5.915414299284283 8.893696349486275
4.549697308500937 -4.804860776656981 -14.499026943164806
0.09428651835330337 4.9261558748772645 90.25286522491761
-3.6678207814029467 4.709654971810457 62.98051357070062
-6.5182830218995536 -0.47816604975217364 -77.3881097396854
5.799738632895637 2.2731916890884705 78.02684810688626
5.279926138477053 3.549958672839924 46.44689840268786
0.4134812368289542 -6.308470087052483 15.81127375079288
4.302151481751384 -5.334546152547242 -97.21529938269904
6.385678326301364 1.148871762891159 66.52976035916801
3.71113431624118 -5.311604464801576 58.13152594946076
0.4524320851460465 2.4144826498929732 -79.34707635276318
-6.60331530255232 -2.4341876180998625 14.866762516772704
4.944935493560872 -3.9889343632244376 -67.94166638586461
-3.8663425288697697 0.8993805076891539 51.81248207754265
-3.4192693818767235 -4.115231918903502 -22.810926958576857
-2.5962258906708278 -1.7638808402349553 -83.74038287834225
-2.632365368741523 6.025726333448928 -17.154500454698983
-2.273913751494052 -5.708135307396749 40.09802956002074
5.441886919499311 0.5358622828630377 2.811747734691723
-1.9169416570920408 1.9962933541437138 81.3342922451434
5.9365814487847866 3.2176535563434863 3.710835144821312
-2.2280560955258264 0.8144956705376848 -62.527311552870586
-1.9971972541659393 -6.506724546873097 16.928104168359365
-6.183342110782889 -1.6718202004601226 38.75488248948283
6.598173497551411 -1.4269384368971292 40.32124695116049
-2.1080689145672027 5.706866095863804 18.51455960606696
-4.314146458231603 -5.283611769425189 -94.64661489335514
-0.01892883658477622 -1.901593968299787 -66.7853580007599
3.1371660935629793 -5.190375897878093 54.519798901033546
1.9833568406707172 2.6669586375283862 -3.1675736374510737
0.668938279670005 3.778494770639163 9.415804838009922
1.3812532923191372 3.329210642277437 73.23865738182027
0.6778588806817056 6.377146797091192 93.46903170563023
1.0565504064672415 -5.973683939786068 -51.38235733728116
6.187674834854364 3.0132307196616317 92.70416125390757
4.779814363669558 -4.849441009556081 -62.12640627076679
-4.139225443701556 -4.820571029301864 43.29600218102831
-4.171591542968576 5.166441717559133 -37.250344272415624
-2.2318347164475774 4.251580325698186 -84.34430882825755
3.3891367629500104 -1.990106633720519 13.886138165730152
-5.314775339621017 -2.261167530027703 0.960416799085164
-5.563212605017633 3.6407847972528424 91.67151015625073
6.641052586689003 0.07230731566389503 -74.92021334989472
-5.938562760557457 2.9703979167334342 -76.96171982042874
-1.9195941097824745 6.5674419118284515 50.23950102200194
-4.980839931001729 3.8412376905400345 31.475692281750636
6.058320560816722 -2.743027282737838 53.00301611003961
4.837353850994337 -0.7680288767386609 8.097977819524605
-6.781835956264859 0.12145651759356568 -26.550777932817393
4.638479368713956 3.632512343659974 12.228036539810622
-5.277448686641255 -0.3141660320733853 23.922454514712502
5.365623605003714 -3.3746583171924813 87.53032929694017
-4.6295435273686545 -2.6253065947774124 47.158940163355304
3.183514563849051 -0.05098662488466399 26.73425714606173
-2.031810107313577 -6.36245417562638 -66.02057927747596
-5.395817578931746 4.944634152375019 48.43648881952854
0.4985697006656248 6.034736606533174 -32.17136477710888
-0.8794103865219804 -6.4851747343659785 73.66823456526824
-6.762614906860757 0.6858955226918318 -52.10712244851506
6.070875864693521 -2.737251298587805 -35.611929592337674
-4.670500274883694 4.7122194145136485 57.0218371507813
-1.2449986710333527 6.546981871903746 -78.28531245386004
-5.376559631642472 -3.4164650734266937 -77.48699423240848
5.156238817187959 4.301182969489259 -64.77544539170079
-4.231727974441171 -3.2016762831402423 50.22545025492949
4.699031374608447 4.89235901424377 18.365431627079804
-6.568774750104729 -1.417992533030149 -60.342244332887354
-0.2896726803254074 2.959075177506567 -60.39735384122771
-3.6911592995240823 5.612905225115542 -94.56841121880619
3.6369409751830823 4.8792365958396795 91.0373378579207
-4.704034558414322 1.4314905246841643 13.936387380930707
2.561266691296989 6.127030890321592 39.03583506222915
-3.7760572098713086 5.597940217629304 -3.2184636788164824
1.6003083553356827 6.301262835475867 99.74912024465546
5.581110631788311 2.6017731897348964 -3.4664934706329014
2.0740642882198412 0.5547347192121707 -62.54366080834723
1.635666475376296 -6.292541519440635 3.6083823103740023
4.112549805908685 0.6430373046395378 11.967702681804928
-4.581913236068136 3.924043189357172 23.82349725872685
-5.344739150947292 -3.8830178074056794 -57.852851341259054
-6.4481712272485066 0.3138438675465755 83.19718217858045
-4.672071383276544 4.49930808988228 39.541635686497536
1.4655355295851191 6.304031891232986 42.66795624525272
5.724376538720797 -0.40231374280672083 63.48500437443542
0.529269898943688 6.639272854615856 2.5799696260182183
-6.1984391740856735 -1.1501318080978626 34.753937696889665
-0.4776964770804891 -1.1718154441547028 27.789635699707866
-0.6661271704780323 -0.17888775632162646 49.088925719330355
-2.381111476999266 -4.706339795981262 79.58868403356205
2.2167581290438996 -2.140198770969507 -25.542144964385265
0.44186124990877085 2.1826692228149502 -53.00257895743971
2.855430188428885 -4.8135295774885245 -11.380894732134017
-4.487066336286046 -4.888289756161376 -63.70780373680655
-1.65279643590247 -5.8101540795994895 -94.7272526788937
1.3200124259374784 -6.743102398923208 -95.91397348529205
-3.293884205615597 -3.339124560602077 38.107536404713834
-4.921281745375671 -0.263439130117443 -20.424802878635095
-4.498995682680775 -4.765411611746248 -7.367181863617378
-5.902696497987817 3.0250065753001043 -28.301551825854364
5.920284830992085 -2.9533936291963285 58.56918587579144
-0.07506625778057327 5.668410334657917 -40.09308638378022
-6.537961163706561 -0.19268334738306248 60.14873196605139
4.447223030723218 -4.402899313847325 -81.03425913134721
-4.751897066458667 4.05481941171865 82.33174852166376
-0.6311760779282773 6.584374360159474 82.35994135846845
-3.154905942305868 2.8859036758960515 89.95619962094233
-5.99764697859804 -3.4289736172855942 69.97259807849571
-6.766157075919548 -1.292476746481625 -33.32372593393406
3.182981677129802 4.535026089118553 -61.16930007999005
2.7233661377013356 6.167988659861383 60.70586501471861
2.4437907379022925 6.167580728412548 -26.334794745386922
-2.613954668529622 -6.365243832677663 55.0925703616376
1.2340207131201786 -6.544487955751794 -67.23444187536268
2.5036235586431212 3.5254735739112624 41.64527266202607
-2.6186294955913567 -0.0368077408459076 -71.3847019055795
1.5074236223386666 5.791552717108808 36.16170746151171
-6.173955727946674 -1.566943177303927 67.1765061404844
3.992318375712634 5.573782180989046 75.47555394658264
1.6947939400432077 6.2559764230620685 45.87196473287125
-5.495625074457744 0.028202120557121013 -87.81577591877459
-0.5030078021141859 6.533440909429594 -74.93194553739441
-0.2350913706182467 -4.522551984090655 -82.38370098193855
0.7033409040270606 -3.8387735143231447 -90.82333270512052
-6.5647655304752925 1.9438254392551682 18.668831848161325
1.67593185182481 -3.2782815263689677 58.85144945451018
2.3088936426024094 6.1415343659759944 6.0409238067844075
-6.441955533424935 -1.8619265449304194 -85.0456391632876
-4.023549180245125 5.703244387026247 -81.29545601936222
-0.5125241065019966 -4.01991613513878 67.0841954341358
1.9421983798174123 1.6385984054748073 53.66765404430986
6.728361630646941 0.6729512258881954 16.084272409351136
-1.899894838708378 -6.261190662558947 68.09560862668835
2.5532163253501423 1.8091900200360098 -59.8491958156096
-1.9575285625566246 -1.7943488112743735 51.509240363985654
-5.466604170305317 -2.355405896682362 -2.6821845316034745
-6.5871144114971525 0.07686263278803973 47.00853388305531
-1.8667197062433367 3.138739559327087 24.37613092755736
-0.6473608595457663 0.6511701006134416 -94.58850890694295
-5.306831477326107 -3.9033087344836437 -80.66329300206333
-2.131453386984279 -5.945073870052023 86.7801575722937
6.053529335208249 2.5132673035178836 96.04032452326501
3.754500468600824 5.528369021986849 9.69408289487968
2.1679920007088147 6.2175837944984185 81.0498936683728
5.652351640635973 1.460954342858415 56.61350513141527
6.758257836620343 -1.2608518085100784 88.76055717758899
4.320735569957924 -4.267119065346493 4.407948497822013
-0.4771050207437535 -5.310697051304832 50.00843628480752
-0.057465391342303884 -4.4528470033915974 -28.79864588132135
1.0973395619570299 4.5744622871654705 -42.9500271991485
-4.671904627995871 -4.637112149750189 -17.057654119667472
3.5917564336433645 4.232597877424301 96.24944091753707
0.5645204756338854 -6.687367294187762 -39.57934747046731
-2.578131395512369 2.5155976409719463 9.817841453403442
-2.9619393222372534 5.981745267234192 -41.71362002598652
0.1760325091857473 6.63948278112019 67.05032100702401
-3.167083259022215 -4.580092759230321 61.871646743725925
-5.399307017506623 -0.43362743760867545 -65.42751031679049
3.1535681759173193 2.1119154092836543 93.83510647258062
-6.848689064290074 -0.7442100613552026 -29.90099662040408
-6.212208622537813 -0.8086423660172462 -80.89219713106827
-0.8255280784888468 -6.567041497284102 58.1522079509962
-2.031248541438043 -6.4334139725988315 -91.62068045969708
-5.365819185982569 2.9431296059588585 34.94362595017979
-2.7055878632826786 -3.7239880421849705 53.37363497994938
3.8374768694022428 0.06975339847332832 68.05759900396833
2.7667535392993923 -3.2473876467962977 -72.42489387539253
-1.1060610527294341 -1.4177281198915428 85.93970348071127
5.0360128608638925 3.112064690604555 -16.408653013323384
-0.161316155461688 -6.691941364864761 -63.69323881581653
-0.5786712915825701 1.7635528063881694 -29.05943476031727
-1.648181571633437 6.5714028145546575 -9.646508522037857
-2.9893201225752484 2.5625943669745297 -20.888929001074327
6.050105941445057 3.5332637482920455 89.29759536366393
2.0531417739014377 -6.2278164654632 12.703980634024754
-5.4507443046350454 -2.4868600590376047 -43.109320080345924
2.696605123941995 6.11772605554602 -78.69428934327327
5.369128147650952 -3.576056999470641 2.1255375878607357
3.023248311249047 -4.579249758221168 84.69488693801344
-6.08463850815401 -0.16786216369299534 63.89180824255928
0.2991761832557296 -6.79281476330351 88.74330466035238
5.80193078644148 -2.8097394284608863 -19.569126382805713
-1.851104001271569 -5.989669746155815 -49.755309185437625
-3.5163305710069377 -5.723737048084807 -82.85183201772713
0.9026829629562628 1.807030820909666 66.02436709037943
3.36301479915417 1.1815690123479463 99.95375381084443
-6.084230544240168 -2.7116959773820284 -6.04376566104893
-2.3712982846136796 2.73676670238272 -90.06793162974107
-4.277833355997569 -3.850917628291523 -73.67127798478997
-5.40961866023224 -3.367135352878059 63.822963014835516
6.33889087315324 -1.3388115848787734 -22.175899088242996
-5.753009825182062 -1.7325790162273265 96.33946501719944
0.7948564742578275 -6.431667864362218 -72.02061066570508
-5.633443636200752 -3.217355756689352 80.89555259788251
-2.4286676572059847 6.2968103470405765 3.5769098182664942
5.4665091557029974 -3.3228424716837717 -95.26102613876141
-3.00671865520888 5.513357175113254 54.10231019638459
2.4893021839458407 -2.022039282899218 6.886989611545988
-2.1747784534941323 1.7626947905963044 67.11967672215634
-2.372475730409595 0.26646661975100083 88.03109989155428
2.5592823387938166 -3.518354114453184 91.84056847766868
5.864006697300702 -2.7408930980212407 -44.55432624886275
6.052307018605326 -2.7938949836172116 74.12053493640362
3.5051619244648453 4.229215122393163 -99.87674969907476
3.5653267165894773 -1.4808093657638517 55.637970188225964
-6.179013038073184 0.06521108670754089 -12.850013137444943
-5.100055630323596 2.5118802331117625 -36.015418803908716
2.4821107537222633 -3.334923453047751 -37.44331166400291
-4.266693568218641 4.443999070752665 94.95299144744489
6.372958838493437 -2.4561489843053783 91.70835046974061
-3.6116433923905573 -4.884488455754462 -4.039019634596369
4.9023829114859865 -4.1757556842310946 31.811167116142684
-1.9825571969070506 2.559562882692132 6.338194051606261
2.6850805312373893 -0.2844443870881158 20.56999073962305
-4.960425165222564 -0.65887702401375 71.41155134191683
6.212076467393162 -0.7904464095156396 97.37431912770671
-4.327777305843067 -4.224123164475118 10.918656817957142
6.289964748527512 0.779561372476775 74.93798803679368
6.5650545219524785 -1.9534240068932753 -40.76193715720085
-1.8268430636613613 -2.0615123116866583 -26.370410328056078
0.11972930533711235 6.633997681646044 15.892737006551975
-5.550690190056553 -3.5552985908751396 -29.614670605134556
2.354244996337191 -5.9631607313728 -84.33688073553978
-1.4682602912369809 -2.2630010688094826 -86.26606610411025
-0.07976778622426317 6.572007081819729 8.4743972545802
3.007736046637296 -1.5657306855337 70.86370220715936
5.428355372733377 -1.1593240448258917 37.10003992918205
-6.3700670122854275 0.373615138149311 77.03592812827357
-3.7806811947012258 -5.647795514371861 65.13580391927054
3.1338674901374155 -5.58799981155131 -93.79874274544655
3.754716743364518 -4.31499031590642 -39.74694197568714
-0.7683587290496647 -0.9743858522314953 -11.391259133560261
1.504038936644143 6.098619886848797 -9.50583115564958
-0.0676207795516322 -5.965219089497489 -10.607089096113784
0.027606758336075177 -0.567638159868644 80.49793428834232
3.1954006731981615 -5.505841288108792 -16.82216417325589
2.1080097815766488 6.032445917494107 -57.43652150688184
2.605494131444305 -5.791066285598133 29.75983902140398
0.3040606752416573 -0.0987308362237751 -83.36704859983723
-6.56457180189991 -1.6585912428601535 74.37365709288838
0.4950881686040562 -6.9010498174559345 97.20505860514177
3.4073115575864406 -0.23851949862622154 -57.587790606790755
-3.28626955404315 5.24092437779681 -76.25939297926391
1.9984942935031969 2.890206593891238 -27.796337822351752
4.671463191944986 3.343101590524831 73.51270057072232
4.260076688327994 -4.87727504387397 -89.59542728820054
-1.1530309975123676 -4.551136940692432 -57.68373855898315
5.418390089556696 -2.825448156490275 65.73333583920234
3.7058007354517017 -5.1382861766091885 -56.144583445289655
-3.3731944897081556 -3.9170899571414686 71.11906610695483
-3.8013222648079017 -5.505809753997778 -61.01237999485536
-5.006776867325141 -4.653824960289122 40.40098982636433
-1.6699421069593021 -6.342036173818995 -54.62837855853316
-4.925208572723607 4.621443082130152 -47.84292527229681
-1.2372428568238771 -5.9284978636701595 33.11957206641256
3.7121410875406897 -3.727402667979392 49.37242561997572
-2.9735636106423557 0.5701681662950976 19.960279901962053
6.475910524417294 -2.025358152702783 -90.71773388167455
3.6229347584159965 4.781389703489736 -2.083608744844363
3.295662303442376 -5.595338655318747 80.9676140075728
1.2042996064248437 -6.72598951406773 66.51477027393115
6.04835804346239 1.266025635356306 -64.6389502548904
2.4275857521452777 -2.46399030520353 46.70191500455828
0.31875187925924287 -6.586145168474792 6.146003077669922
6.455296864329114 -2.4615472482289045 11.135125250485967
6.183726729089751 -0.22654234804811427 -0.22662329390987612
0.5816361113803828 6.673159011380174 -62.44282986186048
-5.921086620574618 2.5392764890167494 10.064101374154951
-2.764660725476854 5.743119521948733 76.23385312694798
-1.0594147190248178 6.092691940930755 69.46537691116649
3.110578755305388 -5.932017589337068 99.0821241480232
5.388309857483953 2.4716743296119232 -28.438328029375867
2.681236388457221 -2.816893207694172 -50.94588816400661
3.1171297345667526 2.0616803135010393 -24.389393982428654
-2.3401421008618413 -0.8801001474405583 -34.88977271587155
2.531279097784977 -6.113821611120178 -20.462719424029356
-4.874012668293355 -4.4554969183292785 18.164609136810167
-0.7188826573350506 -6.525893281955317 0.41300764710309107
0.5390609162518587 6.496761635731524 73.18653546702005
2.3293928145133087 -1.649743769517041 -96.2369032551659
-3.891210198856145 -3.304424358827854 87.0693083774953
-0.20261164653930236 -3.4313066903393863 -50.07280777420987
-0.2561189156723846 -0.1404990613570938 -58.423039055144756
4.925977175253415 2.69880414943104 83.00242083623823
-4.270890983081833 3.8168902030796845 50.67855448692288
-3.0617673470839177 0.7077199688862237 99.20910635494272
-3.5167449213549387 5.656078548196599 -66.92619993627007
4.9664894408904505 -3.686568294609064 -2.256995904206534
-0.3978353452098362 3.917081428402952 48.102972194643804
-0.7986239168439069 3.6638276643864534 -17.12670787502083
4.772816845796206 -4.693371557249168 8.621194774768867
3.979396344089522 0.308016320196994 -93.24116840190153
-6.46196367118292 1.0898237165049265 -58.71596359102918
6.134606191845949 0.9884194636194409 90.3314795415887
5.109130963434314 4.244292653794548 -25.015821318441223
-6.846633096427505 -0.016028678053456438 49.71240794295609
6.270302696143986 -2.6674276666238086 49.44391299945205
-6.479546202265221 0.9012316420914906 30.375768544001033
3.4449217900119993 -5.618363746087356 -70.16670734222208
0.4690196800802293 6.734913375740534 -69.50127388684601
1.2876234260580839 -3.267747923084364 -8.489271688177569
-0.764240488356777 6.329040073694289 -95.03970640570137
1.2441526123358124 1.272712741164138 -67.44527531239558
-6.693585053856562 -0.25187303224840013 -36.090354610008475
5.054338834267058 -4.4677891427176935 60.96400657162892
-0.7546011928071328 3.095852150980097 -35.37187250372111
-5.406217078531841 2.092606926366789 61.602484927508534
-0.5779724452778796 -6.872587743402973 -17.32245173936944
-5.940720425104288 -1.959616639898658 11.702183365123686
-2.2823477429362615 -1.0867367811262894 -41.0955189809779
-3.307002833380566 -4.104463820640021 14.495631720736128
-4.602640879530512 4.292699626290385 18.16508220677399
2.9169309399325307 4.191859836774106 3.4825793350504255
-5.932625699948748 -2.847021005524947 -90.22185921041695
6.6829483986048945 -1.264325027399186 -80.0114221774763
6.208966049895727 0.7026996979679406 24.234013528309653
-1.2777597929485087 -6.2126409751992435 99.78438017604725
-6.255754474252643 -1.7591311155201823 99.45998052673433
-2.6032473752413257 -2.855290724772789 -8.28684902639344
-0.9504053082520487 6.602905499680684 -12.775944528227539
-6.437959296934669 1.9735197401147522 99.2861602866295
4.5329869082411465 4.19993347241284 80.50958532475369
-5.477237740840878 3.453557000743863 -40.87201521770053
0.07226190093763099 0.21331791541131992 -37.45992555749804
-6.569254784305631 1.353386766878636 -85.32953769615881
-4.010307903888889 5.304492170351255 8.953056385683686
6.528882129382031 0.9030092378319868 27.971202088545695
-3.5077626884795543 2.523140108592995 1.2677258109858371
-3.75109058818372 4.837045025452434 87.43560487521816
-1.3967620364638007 6.177719570692311 11.3649092173914
-1.786452421228501 -6.257844969294355 26.524255881039167
2.77775015146882 -6.255273251773969 -3.8067174889911524
-3.742280002391537 -4.653544189364897 30.547133854012085
0.29276221588907975 -4.488503278912813 -32.00478183171445
-4.329678525854282 -0.7007794781238956 -54.596130619895966
-6.186462341593181 -1.5577227847294612 -46.98076720745564
4.134800009698763 0.5975179769891132 -35.22752538200532
-2.6654815431717633 -6.416039382929943 46.2252101512387
5.8865035800236205 -3.0909867035925944 43.91821325018932
-2.9604199147388828 -3.1169840322323323 -52.826524842950654
-6.547698120042241 -0.022748596280394745 27.606634612460187
0.17905690592934786 -2.460281761700955 54.78371404435125
-1.9437037303278715 -6.1062911129368915 4.080736754834837
-1.9714913808299042 -6.394434587659346 -20.65277374264168
3.4776619854526207 5.439383822714999 83.84268563328247
-0.54973513833169 7.038162735146666 60.93010032687248
-5.99171896236525 2.810425694645117 78.65606659098194
-5.754859644258843 2.288840970309642 86.29554097225378
-3.8899447721362472 4.833382478046303 78.91830990450845
-0.9889665975167328 -6.654701033446089 -60.91763872773596
6.779233611218945 -0.6685453942962957 -37.71426143792043
-1.1128977487167504 6.759654187497486 -50.73748138298147
-5.506155536596038 -1.3044783649901766 92.84928268888228
0.00575802713609401 -5.0862403740400275 77.49901309412022
-3.9522929626342065 -4.643905313489137 91.15036173149693
-5.0238401284303285 4.722454171811506 -32.06774651684933
-1.7613933990246786 -6.583930155323553 8.39050203381041
2.62040456680167 -2.0070321572176857 2.287770627643812
1.688062365129878 6.282128090087868 87.53968118663826
3.352828355001845 4.877772459669228 -89.01293434995674
-4.627433073611844 -4.454664721301158 -68.03298614837963
0.9788433239960656 -0.4152953813316931 -86.22668119409441
-1.5898825245419885 -6.551035728948678 83.52468919104015
-1.2313730791906579 -6.636659373008825 93.2110816666766
-4.072680914703056 1.8699479837287163 -82.43212687143837
6.378649839664629 -2.055215615596257 -29.21062883792705
0.46286893833470233 1.8975431765166018 -48.83236988326181
-6.778858275056435 -0.32739062161980165 -96.08003140909123
3.2484756306561273 -5.683487821177566 -65.26381214853718
-4.368488204842474 -5.1295736086942085 -35.68366080324683
5.035466175354996 3.000730300785247 -31.340568920224715
-5.584818062310728 0.8711063912209821 57.16653169062918
-6.196458003177522 2.536875846482143 -2.406592002045762
6.52717708508658 1.1961249162593162 -18.736348783768893
-0.29721710700362186 6.576190148752732 -25.554490845389427
-3.4561898741113173 -3.822965358306955 -97.70285636037187
0.57913416692206 -0.09539167804600379 -2.8237782548994725
2.4443216102472483 -0.0021553041008470775 40.58936067717697
-1.1099999917174987 5.79398987383086 -47.86961149312874
-5.8158685662543945 2.270383656018957 70.53306025653067
-3.1182632507350037 -5.809377129251419 48.99681730975258
-1.9229779966034126 5.874477523841932 58.46346173283779
4.482102942894314 2.922770720431583 -85.13779308789151
-2.2410918448241763 -1.4337113861725248 -92.83107983598688
-5.619495977777192 3.596403287620185 -91.44160552674408
-1.1552359123398404 6.41851217441898 -56.898241163164805
4.831407933553777 4.4716875394689115 22.28070305116514
5.519137804535931 3.2612712896368237 -94.53264064410482
-1.1021888417915984 1.9054074932001637 92.31025737615067
-4.78948861869786 0.3059577011262297 -74.01117428396728
6.8593765108752125 -0.9566509844952833 4.098243694373768
2.5064686192127876 -6.151759815151734 44.93721905795016
4.468106055804315 4.635198921901546 -49.33478340712365
-4.299809455919216 -5.539554362742175 76.02103903976167
0.6301037066442237 -3.440607510124703 5.000328942637953
4.470439731981436 -4.799939097249357 -33.95717369825456
4.784913159126528 4.366639948521322 -37.19556755984929
4.044065097813708 2.8781031424359425 -21.540741915926546
6.404116940369787 -0.986188789565601 -55.57132865063184
-5.149679947175488 -1.98196861518705 19.351843892396737
-1.7725398868723383 5.711335278297218 33.1630196381549
0.7752184780850546 1.2599427692790703 23.74644889079298
3.8822685038094416 0.2311348273599339 5.1492953399336345
-3.2808390236670744 5.977594128875728 -60.58538878767221
5.004792479342348 -4.170517515247969 68.30964197286617
-6.306083122500388 0.5204400111048312 -5.923861894788673
1.4848195450615342 -4.5779600260424544 -47.79898338799933
-6.857769508268188 0.4226131880688831 15.503450024432222
-2.841352171432716 -5.5842583795548055 -43.993277902853336
-0.7510410040104161 2.8080516765154337 41.620766858748986
0.3573711024429008 -6.6703307232816895 52.85034173856686
-4.29509785407279 -4.165073985667541 24.380155173692206
5.021089287377368 3.5495338260745455 68.04663642587454
-0.07358507489446292 -5.249803514853134 -86.47735951937851
-1.116606885699666 -2.0264873355430915 7.441229933665314
1.1204205986836135 -4.052987065876188 42.47076603592065
1.8801557121242183 -6.817547140806213 49.16128392101802
-5.654022589797688 -2.997706701201921 -51.30791082627408
5.263876566456897 3.7614636272197193 15.297088683923537
-6.717715524898536 -1.4844882540941138 42.343388728313265
