-3.682675404031463 1.373429634269818 -34.000975654385286
1.9727909788373172 2.117562450343859 -85.77800392275964
-5.428673825499615 -4.401003822121458 95.250980855795
-0.3148456111525542 6.2541129112636815 -6.333143094165051
5.417444711719353 -3.354783283649303 26.694733217745917
4.389512372108418 -2.146668521580069 49.51797899269423
3.630084282808955 -5.235053783691345 51.67632386213223
-0.4249706686652294 -3.9223776412290774 -92.30057872955346
6.825925322478286 -0.9426276724603307 45.53292568189941
3.256135658461586 2.8601119985400665 88.76702237219388
-6.1625769852628745 0.9733658977207791 -8.43552613305945
-4.0500811454607035 1.4868031212747963 -37.44121798312576
3.227795663704449 -5.371211170145575 -28.391280165271823
0.032289120366351454 2.5801656216047206 81.42562692849911
3.3778225100676504 5.893541915372237 71.99380367404962
-4.043763935811743 3.1684323780407158 93.83481028475245
6.347357382062682 1.3457802640498138 41.266906971018045
-5.190241939685429 4.334305435543255 14.491412959476145
-3.7072079629396075 -5.520328745775633 71.55677235279678
5.416965145917883 -2.0439020572357363 -71.47426975471386
-4.238556406054506 3.7083727366642822 73.0458628539848
-2.551508587055552 -0.06218962464596167 -96.24113680710701
6.418676132455002 -2.236062792894823 78.91291457381715
6.503513006806027 0.1381135940099838 -99.21438895892712
1.5756297498599685 -6.378869447653616 22.382119482910827
-1.6656360658151157 -6.363094780044367 -74.37445144054418
-0.6402334940941696 6.647367907991027 79.4780392786619
-1.5996719647613393 3.3682525874663645 0.6549275823407485
5.5126284814644855 2.7725613095765076 9.010495696724718
4.349535393841704 4.955284615792418 1.0708828505598973
-0.128975547155871 4.246577378608633 -55.32546201918568
-3.17208591692461 -1.5162278896756514 -98.8147013081861
-2.9137559176121433 6.1014248758784495 -90.82654901901671
1.491656403980775 0.961416324113378 -90.04413598646912
0.19040664075080033 6.557802682256406 27.292564689573272
-4.01991263235698 4.246771354962412 42.68632474514745
5.411297308308684 3.583197251309315 -54.86445559971177
-1.5153608817834727 0.1895369845274007 -31.38457026943089
-6.310128898336099 -1.1848068285014919 -21.876934664985097
5.244065912317625 -3.9688806508733006 -24.870525227551994
1.1929228282473743 6.3669509391992145 -38.67041566625179
-3.525092575816236 5.622050461551068 -50.94675193833072
3.216673754029119 -3.8255674401492468 37.714319725997996
-5.04787821889927 -4.373387665678726 -32.04808445578947
0.34876908924564565 -3.871832252699047 74.35830160224464
-5.736191417096581 -3.6104006273010287 28.76723171964506
5.5344898435352095 3.3393077476380206 -51.6339236230174
-6.256836142417894 1.2679841363908033 -55.28826219813319
6.72475570499515 0.6779873099407092 -61.05809251811293
-2.973687813667597 1.6499336144567922 33.02045089482293
6.3461079032577405 -1.1626097621412077 -74.31363869195422
-3.436528562281016 5.660648867984341 -44.9546143577424
-5.628133354380244 -3.2696202844399527 -15.059489848928829
-5.094795537021496 4.305489524949629 -70.86157018294209
-1.3854489321239079 6.300885231492708 85.11457645347427
-6.260643532864933 2.7487273448764795 66.45043803875899
2.0872781335090824 0.6439511153487479 -39.84345465154428
-3.2957092859147346 -4.164440428645476 -88.12884872447215
1.7266281753756827 -2.5144520429469424 61.09608082649145
1.8016300349283632 4.2107380669570125 77.67845775968742
5.524095780448688 -0.6414687111024693 -94.68146434717366
0.2700595018410716 -6.1777314455956285 -42.39187598000212
0.6189140925157991 -4.756602898799817 -20.81630996089287
6.386857660560113 1.3995516070810496 -33.82966272393761
-2.85844513221122 4.144618564145529 -13.25635178563097
5.893177402935449 -2.7773784047736436 -59.052532389448295
1.1285973348862086 6.499602469431904 -66.39510174678335
2.7000199376151244 2.9100039326224985 -93.7659595195753
-0.20202762674068359 5.089550952277652 -84.49046688194228
-4.1004782783697085 -4.607852150026928 7.672529454458694
-6.155767940097525 -2.2560244793876336 55.33948145115287
2.466649378433536 -6.155970281889644 -36.37609909639838
1.1775159858412148 -1.0309258779251178 17.55352666251156
-3.127329730170816 -5.7019074564836725 -33.83558934858461
-6.1264804671664415 2.133068430568065 41.26166224520649
-0.2356051644896151 -1.1768094839700278 -64.8187910247944
-5.791332816602487 3.2140007516463247 54.23014082646976
-2.439357452209938 5.952882427792645 23.58513410668238
-1.2144833774505015 -5.970681435357102 -1.8839249008812404
4.634721052391848 0.10515870478816931 43.463667985955794
-1.3375999539344932 -3.4321338732740885 11.665793367788886
4.830782672786265 -3.9786901716677336 -12.165548524730232
-1.1679484600547996 4.268783292867414 87.7350495203332
-3.2077268135921377 5.964296989109181 64.73160261701118
-6.265774671530058 -1.2159797352627995 -77.31565711522616
5.40184379642883 3.409011201292501 76.66886801465724
4.84843085602785 4.191066918386622 46.000243160255394
-0.8552103164390058 -5.713261687882131 13.833751559334118
3.380851978319608 -5.545131831802513 -96.72337706993756
6.175805022438486 2.32161864144393 65.76733534377192
3.9819882088939136 -5.359486456666078 57.8083047347082
-0.9143887502470598 3.1814760833647537 -80.26283240321507
-6.248137192457256 -2.184626706872998 13.982995328092102
5.822120969320764 -3.252759786172876 -66.91192967863053
-4.28841059177835 -0.6436373028720297 54.022013306482876
-2.7130806133154697 -5.678740851713811 -24.43755444710177
-3.076179822484163 -1.3199165584618018 -83.02466173117531
-1.8590812738381899 5.466542760231514 -16.16537225092992
-2.224678340267667 -6.108273211314597 37.7556733276533
6.608576068329931 1.9692522976032834 1.430105300905496
-4.344774616313356 0.06692723672300721 80.5301636143967
5.761105948237077 1.683473625030887 4.81256657510073
-3.2686733913926185 -0.3639617749316485 -67.39837732581174
-2.3204549445278886 -5.927353331955454 16.34761057058154
-6.654678484328987 -0.6027284425494488 37.80128073348719
6.163841569841627 -1.7412646315409426 39.90288933594463
-1.2104126358800702 5.6411501648462785 19.787120861163363
-4.049160692693639 -4.729115643936318 -93.48698785486475
2.295349399568386 -1.9010057157815963 -70.87913449369567
2.62505213924495 -5.611702040217657 54.4732908906493
2.968975445426103 2.640787792143501 -2.1368323851504085
0.12737494035344388 4.261891262139737 9.053437865044815
1.871421574652624 -1.8232858221236579 70.61127964864883
-0.055962535645051784 6.746587898670334 94.39913519332165
1.6202310521105223 -6.16685033493181 -52.44665123761406
5.8778746615478 3.2748999689730707 92.86829744334322
4.260611771638359 -4.808340293498525 -62.174098514331774
-2.457496811595249 -5.897107382663056 43.26054488082935
-4.56292291901489 4.937590726670428 -37.77273046369664
-3.7910328189286475 5.534103299211516 -85.1230194239938
5.559260276744562 -3.843615069171557 12.586955022541463
-3.8686654656427573 -1.7419071382928575 1.0244628164103802
-6.2632085984873855 0.9840008856348668 93.58689110816849
6.507826023217519 0.29442937515755396 -77.20558967403589
-6.106524873090775 1.6171041813516853 -78.54525925780094
-1.8282327578260105 6.223666239594426 49.3064392303987
-5.138361921028371 3.996834626136898 31.30821771129354
5.9480906388916255 -3.207220107014928 52.79382718068532
6.845917086791276 -0.7261386945525281 7.40810621763149
-6.654963553940278 -1.15581415220148 -26.42365773303359
4.844099157364074 4.455816319345974 12.16128746172843
-6.460050847575753 -0.7692244047448713 24.1558404330477
5.257767913221577 -3.751851269501569 87.04811058793588
-1.0409822473389696 -0.2594822291741221 45.03937648758511
5.254868192532357 3.8705962633403304 27.06368770916303
-2.342198502399103 -6.606508351417512 -66.44233556207337
-4.152977781488314 5.151860427559452 46.48243283386877
1.533038267701258 6.813964675109621 -31.342377371859552
-1.3461370030542659 -6.546531256096816 73.64229481262689
-6.16643942301231 1.203397611992268 -51.268841903400485
5.872340916825474 -3.407854620555737 -37.87953622492335
-4.645768452780212 4.960439949266221 56.854949024958906
-1.7025655907497723 6.436500235460061 -79.95873621192852
-4.417300905108945 -5.109715110171296 -77.59040322757406
4.19650375169078 5.03952673305347 -63.292047801758734
-5.072025227679396 -3.578450069966392 51.346230816432715
4.46025834812685 4.6279551689066 18.85542048621105
-6.509079266652207 -1.7572960743632688 -63.33278893818665
-0.6239745685182191 3.2906255882277002 -59.124769836418395
-3.530788538057914 5.389942786861748 -94.30455045104199
3.695991894340127 4.851439162288253 90.74099972054577
-5.560046977489708 0.8023966373830134 12.898717544324622
0.9321601698203266 5.230863460685974 39.402862242535754
-3.048886227887899 5.806814868377631 -3.757819899181353
0.8071165759408581 6.839989672905213 -98.41170836607105
5.693046184307059 3.0968841324219127 -3.2270389939128656
3.6470255989975113 0.7662012923150154 -66.11906144240346
1.1937899833653562 -6.339340670482733 3.1983685756612203
5.940817336731172 0.6574057533710396 12.23160120005458
-4.843826543074003 3.5975579870524284 22.385910622871652
-5.44171972197203 -3.6701792929724135 -57.375719865926506
-5.818632165606598 -3.250734225637133 84.2510627459261
-4.110785164834873 4.265646256293107 38.87049432676246
1.80015472412405 6.2370628720135315 42.522216002197176
6.202568544012665 -2.4596573049871866 63.7216487959737
0.3874327477088816 6.702977664316178 1.2191998353190288
-6.635756560401117 -0.6850702989712334 34.34989622416525
-2.5414712339121897 -2.292774488065347 25.934350866256203
-0.18269069421374348 1.3620456000074992 49.32260238404015
-3.356672107924838 -5.082248881667132 79.47501865217713
2.204677013783277 -3.6499819532318787 -24.71228558828884
2.2807518150933963 2.588243345615398 -52.110222813313705
4.3849172709265325 -3.7183321956354707 -8.730672372925255
-4.4539121494727905 -4.517610229916419 -63.61907143927533
-2.531234050149212 -5.233305833704317 -96.69547615567315
0.7975941731432116 -6.693036080439152 -96.22533251714522
-1.8294594258584953 -3.1616906782205043 39.35751928392247
-2.8068053383312854 -3.21552654761951 -18.088333574472728
-4.388338501783574 -4.719882764286403 -7.377367044296863
-5.795093134365056 3.6773056199231346 -27.659462360906247
5.953859332501724 -2.69186873456947 58.51264680277084
2.4340671514287147 3.0034673132867264 -41.383490849967295
-5.33486788981462 -0.5766969501252381 60.11744327367794
2.0027132513690296 -5.552556330087378 -79.22766232231457
-4.672132361748654 4.710609754075314 83.85487120472918
-2.0133878883195173 6.481097193421312 82.14993228155612
-5.59430289449079 2.9684998454362668 91.11097977218739
-5.83160462462001 -3.4109511467904223 70.61620856710965
-5.950297148871549 -1.6961090396486396 -33.191343372372934
3.8428579090716664 4.782562108255574 -60.22634302377978
2.4186823257461287 6.19647972373137 60.28397938255379
3.1336539691271015 5.949057921463557 -26.104982535587407
-2.4334188110890587 -6.27972740711983 55.207610182637175
1.2725917537567317 -6.682590935334779 -67.21245351473652
5.162627801321544 3.812396916930558 42.53315204261719
-6.446435554705039 -1.7199137039334662 -70.88741474329925
2.0414734290508916 5.798374669610079 33.70222924931714
-6.529431967260271 -0.5632790209398372 68.26102466044387
2.7187644107406905 5.528827285814156 74.88624078770991
0.12268746344658549 6.397753633276939 47.196811326506456
-6.680073605680087 1.3210480693701616 -88.3235481490287
0.3751307259608297 5.361044879884824 -73.6417145531044
0.20972306127575843 -5.082638629827633 -82.10380003095766
0.22050041558216976 -5.12134891314921 -88.99966954976847
-6.522964720858778 1.1812142547902968 19.065886983008344
1.9537660916032715 -0.7823839355778874 57.114700967957305
1.4659371501148006 5.938961427516396 6.4290615677864364
-6.34787928491809 -1.7444613434478624 -84.87345641985863
-4.857625752956881 4.355105990740503 -78.44186419170535
1.15056443578285 0.6398379440566923 63.52061115478252
-1.7857183152269744 0.7590340026815598 54.23847765008677
6.5741180171905045 -0.03155646695124814 18.12308937457932
-2.088443069837581 -6.2881964252476985 68.38459638455869
2.112677050225877 1.0364267106744751 -60.378678588642636
1.3429396721503437 1.020863480265113 52.304427669716894
-5.054626581585808 -2.5169371693170803 -4.965140360290414
-5.80983603976784 2.8266903934426018 46.32305082633292
-0.20860793804478295 3.3500532903542495 26.016913680596517
1.3527961895267766 -0.14154380537572558 -93.34025351115092
-3.6413132148729703 -4.368747354574557 -80.63280256234249
-1.506938415238019 -6.23286307668895 82.93287783408142
6.040251042380142 1.5225905191210791 95.56031048490196
3.8658240444674665 5.454259459199079 9.3721053260087
1.3918883554854713 5.830938258056365 81.55837090904666
6.274565835041777 -0.8317337882591365 56.289186471373675
6.391930617255691 -1.2377723569565406 88.39527439187138
3.5016482053508464 -5.447863997288243 4.845322364601068
-1.7143776916511433 -4.3278345218511145 51.21156805992837
1.8508540561675129 -0.4226628938229712 -29.42755681968484
2.717221674548827 6.061048317722154 -44.22902678513842
-5.803340718791401 -3.072547681147015 -18.44680607278549
3.784773447780398 5.084272028901522 93.74238110028209
0.340174341078377 -6.592396258702035 -39.090197823996675
-2.8223135018400365 0.5293042138915931 7.112340974531184
-0.23858444319599548 6.6997448649307945 -42.200281473681045
0.798864110780098 6.344883266391345 66.29905574023525
-2.2531278726709236 -6.095136111154079 62.21134861232137
-6.4654021081900375 -2.1036766257402886 -67.94797542514775
3.9088005722329067 0.9473545890866903 92.47500973398118
-6.399734628058881 -1.0396130213392347 -30.42719805118936
-6.1024036874178815 -1.6385730985678106 -81.72875910376523
-1.9978189109162212 -6.295093959507917 58.304862325413374
-2.147550053017649 -5.952628517391525 -90.3610872482003
-5.171806488255549 4.369735647551054 34.91071840793601
-2.776200747271724 -3.459016234205845 53.73830019224638
5.968533552281853 -0.4395566572238663 69.30084577245051
2.5887662344148903 -1.6166857179197966 -74.56435290609281
-0.17460323567250863 -3.582447606161815 86.82322174541589
4.96307736076254 4.166487816938214 -17.241669497629186
-0.04742533482568978 -6.783174660051707 -63.17585693464517
-2.2599651625242583 3.63222707385162 -29.57223768000366
-1.7216319762980479 6.164461399193865 -8.88807189717008
-3.762101309397032 4.964826741412822 -22.705830359568516
5.820021301092971 3.808876243077548 88.82095183080406
2.711993737826357 -5.972509029905445 11.761592219464355
-5.306813382429039 -3.0818887177200907 -42.719484709594106
2.9727111226189815 5.885985723607367 -78.52553232939438
4.390315565988713 -4.560257750999124 1.07438779296998
3.9186856235691008 -5.487140135273905 84.88111515808991
-6.76608462976386 0.33864245894360495 64.55794438134079
1.8067613926980548 -6.491676757158161 87.59974195826595
5.75867167825276 -2.713296313629086 -18.747148712505183
-3.139149141635156 -5.446242097530913 -49.86532087246124
-4.8113444830107825 -4.420740663844091 -84.95036819511819
3.6474979486114356 -0.0027981566236547073 65.53062035690014
3.669142990160663 -0.037487186567819665 99.68450035149661
-6.345508764642039 -1.6245874254669739 -11.719487225992832
-0.3370010996095796 -1.2850136388681133 -89.20586476802605
-4.699596410066699 -4.407220032400994 -74.77153102390318
-5.685221877361058 -3.8143414053820535 61.76585709463888
6.513180176058767 0.291401113137871 -22.855057176987486
-6.401847312970477 1.6401607581578461 96.39555713509604
-0.34551096979322704 -6.699093444677524 -70.97589479559241
-5.505331666524042 -3.528203249428853 80.72499269430682
-2.232167494172809 5.884562632293874 3.1842423829594266
5.438145625280146 -3.4601969604013143 -96.98334633903762
0.09114645480393249 5.999770464186896 52.072706016346665
1.5263731837930699 -2.542961059850236 9.324522597303556
1.8854244725622806 5.240384299895852 68.83188042836653
-1.7649505180846943 0.8888872216799653 86.89879721376916
2.3282752345778985 -3.291494818474572 93.27724810447961
5.907966555771427 -0.48339217721389993 -43.45308033975317
4.979383124257895 -2.333601229793273 73.5096953568505
5.302286176549869 3.7644401284811275 99.50980726687092
3.6837948670755467 -2.30491823637912 54.72804673068779
-6.601340784708498 1.561226739138935 -13.44541552478466
-5.658867073452825 4.043946073321781 -34.59668945779059
4.441636618896453 -2.0480738881013756 -40.454611911469605
-4.663987148525976 4.6622882154120955 98.082612361777
5.622959555771053 -2.9700540101277255 92.7331500907906
-3.3682991702336307 -5.517493517984096 -4.701922536038386
5.237350173543042 -4.1767233306843545 32.3645529234122
-0.9149789472160239 2.8401435285036136 6.296596829575249
0.21382868470117508 -2.3286180719030494 22.632384253156253
-3.049648713404677 -0.531503742529486 68.22899001814558
5.584740835904261 -1.0655083142245865 97.83324737933563
-4.174017640958296 -5.451792671109495 10.971712770609356
6.671182704221444 1.0519477717239145 75.4249813065865
5.4362187295932785 2.907848581231077 -42.70920444285105
-3.80009319168456 0.7288176574032642 -27.251750263391983
-0.7809705633428036 3.7751724442003125 14.370537595597952
-5.2848083155886325 -4.043973628732051 -28.70631516113499
3.141851033458015 -5.381672672163339 -82.9549898472104
-2.5026749301634403 -1.1504766493144878 -86.72749474778603
-1.3223684825874171 6.7316285045887465 8.717391471439566
1.1732989907391134 -0.8666780576922323 67.76280330763444
5.73061577038916 -1.7844206068355246 36.72898035760058
-6.073839777801804 1.4097787393457042 75.19046380242001
-3.8834213558927493 -5.533046425887502 66.26082053765019
3.06714878917051 -5.823564070059511 -93.85595080185246
4.527134878230563 -4.615121819564749 -45.745283167122786
0.8326412917118069 -2.091690275566888 -17.158837807458884
2.932548441757558 5.918101804655079 -9.809270433324333
-1.1430647555846083 -6.122951406319469 -8.25884011433761
3.644810000391428 -0.26716015371199153 75.3236244428772
2.6300091157502092 -6.123091620776617 -16.210029546750427
2.0487644096069055 6.283372495591336 -57.904562901426566
2.4487367571287266 -5.780383100269883 30.74887362304147
2.4319748814787454 2.7000498367087578 -82.26572632145698
-5.720200356862267 -3.102721448375212 75.55643301159526
-1.704742477987617 -6.105031580853287 96.2087705300409
4.00108074993892 0.1961334537444574 -57.6201599570966
-1.5280323487640544 5.039441650288817 -77.24275019244867
2.2603115362128445 3.5787847909668895 -28.655650144121577
4.926422613962305 3.5115188670918593 73.2486820428397
4.261576633807243 -5.196548530884923 -88.73053538925801
-2.885419042220253 -5.606572849593055 -57.64775487787584
4.024812146569128 -4.86251676892306 65.22384112240789
4.457550130123293 -4.796998391167276 -56.20812682431477
-1.0343758742099558 -1.8482152969314753 71.6193086431345
-4.098457189394894 -5.527603931887262 -60.77703989408272
-4.718493319226442 -4.599348777169384 38.97770846240573
-1.8889892639988233 -6.579805880453169 -55.143121182365306
-6.551919698965126 1.3691603184139054 -46.86729594515256
-1.3262828425604467 -6.552369877262853 33.278461795860586
4.287222304467887 -4.943891530566371 48.34813004469209
-4.271395839398011 0.0760009021236788 21.765947843649464
5.32712818678362 -3.8790212281250582 -91.4690988516669
2.3856332036483208 5.7543281974689515 -1.3569650213245446
3.2520083865091998 -5.473653654047582 81.61908992442294
0.10571380752540073 -6.345627379782673 65.47519788684363
6.479731434955994 0.1274905459673749 -69.40758052936691
2.914533206582716 -2.9317040038709994 46.03564950407984
0.7622555824957606 -6.817651033009366 6.629601397499353
6.4565363511034715 -2.142184315363676 10.105206547297868
6.766376882739978 -0.9064722433017405 0.314387269161723
0.8452607602968172 4.073031648112192 -62.871057115830105
-3.5239385103967815 5.460668752984672 12.34077101864752
-1.0017181408826836 5.645530610335891 76.85268431388656
-1.8662286165359243 6.16129737408456 69.54075393902612
2.7919309473454628 -5.8437084170017926 -99.96542771374274
5.031378984442458 4.2898076563764835 -28.602673451131647
6.123408466169648 -2.0697026008597326 -52.23063912954339
2.7041260648998353 1.4386555016058231 -22.84118796853915
-2.000101335921565 -1.5823753161555432 -34.47840914790512
3.4078368779102486 -5.7881047799382594 -20.814930581223678
-4.438035789830273 -2.943866134186089 17.149252002461957
1.2513657754755374 -5.795337721903818 0.25447929753462345
-0.22984550221110395 6.105134119583624 71.75654657420962
0.8244788691579086 -4.082634282191298 -98.03153509711983
-2.6147491289299376 -3.98951287286384 89.5206244027344
0.14919387968132553 -2.3727893030485228 -51.65195420872074
0.6671028772863384 -1.5130374892677554 -58.44630766521683
6.673833677104491 0.7625136847677472 85.97354475149312
-4.004952302220367 4.8903030080818475 51.196120234606354
-4.3640898528340735 1.2345112901342845 98.98562154502527
-2.7236678541312522 5.476848672630797 -66.44851685380581
4.031269657652088 -2.3273788933421464 -1.8768992346854194
-1.456151882101917 3.2684551923337675 44.844198548801636
0.6076413875503452 1.2590629291790103 -19.384992308992143
3.8720665966812455 -4.787646233636663 8.310489898205322
6.039002227939355 2.505827246721821 -92.708897100635
-6.060244495381852 0.7892608912810029 -58.63666730240449
6.637981000936478 1.3414403096936431 90.22609073013284
4.766559397264797 3.6525709330548053 -24.261934222440008
-5.598763590623271 2.2575945544877856 49.857872465327006
6.6172827277104345 0.17705241451571077 49.966965395014576
-6.508081176720051 0.6886593140577321 30.14565560359964
4.265032481822699 -4.8135903640711275 -70.69338971297708
-1.4508368738677324 5.872943103317051 -69.92622939480283
0.9817576158479602 -5.900305209498575 -10.27459587691196
-0.5082045460830791 6.572802441674651 -92.82783723958647
0.8827114749375096 0.1372605724108289 -69.01223425330343
-6.559189258380793 -0.059915715558818965 -36.061209032775956
3.3883645085107186 -5.227072899120577 62.073584765207286
-1.8043709078958439 4.26653028651495 -34.747348886069375
-5.618592545571925 2.9260596475009857 60.92363078138706
-1.4567617281040883 -6.000959064792701 -16.86299888200618
-6.20722163163582 -2.588429738714729 9.894767492067887
-4.183197611311848 -3.062117203260326 -38.915964408368325
-3.7717300752716763 -4.707911680654652 13.837023774917162
-5.031940342466217 4.205694140906497 19.516599700796995
0.6689055294297258 4.541714198961828 3.3826335853046423
-6.494872015829382 -1.6491839684939984 -90.15121040316508
6.530885528738979 -0.13202680076591652 -80.56462487599207
6.236797894695025 1.3180066273003976 22.918677997022456
-0.38343994693355743 -6.1849540445448925 99.77015824365203
-6.409044919914174 -1.6913211337480196 99.32756868882218
-3.898023887066211 -2.16205183807788 -9.547388174755188
0.24809104910932755 6.768504041149914 -11.689438800322568
-6.446135298323117 1.8162044802502715 -98.47581201563548
4.941068465914147 4.283376222634217 80.39622832862094
-6.372230076197623 1.2076799803886262 -39.549610656175815
0.2841246947070365 -0.12185652695840246 -37.281660770486425
-6.648675922201877 1.651789557258662 -85.02319487692434
-3.914230403518742 5.176327015887838 8.450988951732807
6.820876924894995 0.48183165246981224 26.860699567919205
-5.3228165355830255 2.1563697721214106 1.6988002045888861
-5.739025035047216 3.1614781399358285 88.20017829812073
-0.2587415686479335 6.706194599110698 11.599995307195869
-3.2631318039202437 -5.836560321650559 27.18815387585983
-0.2115193677286461 -6.741608614444015 -4.834152219231618
-3.368132419642298 -4.814381450063164 31.58870105761273
-2.4815678197246958 -6.307922082424554 -29.066812661680544
-3.9408837594837425 -1.0426309859868492 -55.81142226692261
-5.905438630710684 -2.6452427065623003 -46.165847632912744
3.1990955505184027 0.32216366132898566 -35.424124664437436
-1.5663871366167872 -5.3950792415105475 46.48296183063327
5.006740392337309 -4.41594082304905 43.83509418882837
-2.703075355223557 -2.3141196876729975 -50.94631826436018
-6.192689865104302 2.633701955335141 27.261080444761728
-0.3308104483677251 -1.7598174911371747 55.16958763042856
-1.7734594185422015 -6.46096632623937 3.4942694464346085
-1.9995997154525107 -6.2461098086569695 -21.148011096231986
3.0006896716328004 5.687561391584205 83.9584609802874
-0.8816168036527046 6.655475640226865 60.348089310770554
-6.361722195407516 2.2565619284886953 78.97886710382105
-5.056755197982753 2.168303598534298 82.51256659235862
-4.429692596585971 4.945586255802978 80.40740092204068
0.16207682314130384 -6.166659443271631 -58.163057033252656
6.486057708215902 0.917596211002656 -36.67021655442491
0.25102893480022104 6.6250355563651 -53.05032999921932
-6.849118105978032 -0.28684130868835855 90.72942836105004
0.4080432469960637 -4.716957782907767 79.32073093215172
-4.844732349362768 -4.747719155596216 91.4572737835324
-4.291769847791827 4.7911398418037825 -31.783215910654597
-1.904466391087398 -6.131568193345636 8.75766957310181
3.0771859631977407 -2.515071870334904 2.763245134866404
2.1558834807611365 6.099535294499736 87.88206147194308
3.1006547403618807 5.350133749966708 -89.57423091342687
-3.141045233701745 -2.44940131681103 -70.83233286257696
0.8571413578302919 -0.6069942064268391 -85.62557616830676
-0.9340892141445611 -3.1302073965285526 83.98348770330338
0.6349013244307931 -6.787381156609672 92.63621052869273
-4.022420421687751 2.8348034282507624 -82.24965346844895
6.331002003623223 -1.9597718042565022 -28.753491375233743
3.496924550269751 1.9159757820951329 -44.817148710076836
-6.24176566851215 -1.3916923491541542 -97.52539155345049
2.7779935735657117 -6.208584104156332 -64.85359743002917
-4.979940388792728 -4.073510111498249 -35.955032005731525
5.743056067390125 0.6525962648791901 -30.402466578288223
-4.8828608403047635 1.6541646185464653 57.05184866326099
-5.8581349012535515 2.4340587152736437 -1.8760325292447992
6.068323164407025 1.8510974546291852 -19.71905827206037
-0.4547296348954619 6.871685494590094 -26.2634084056384
-4.748925717688864 -4.600237042132363 -98.70653175016402
-1.8925780760603659 -0.03642821786412294 -1.6370758259884681
1.5615826367576848 1.6554135419558407 42.7236942484144
1.3440911727166933 5.830796476919815 -48.014674340540616
-6.290764115603872 2.115598544094813 69.44524035520729
-3.4139353471393816 -5.876583886475932 49.20279083082068
-2.127126681599303 6.006015693757774 57.78023268539443
3.372445963233313 5.3004000904129756 -86.27216833261413
-3.2169763698236333 -1.7320508016087002 -93.80631432436276
-5.360528472100749 3.7505904102923058 -89.66101030129536
-2.3900930397521543 5.807891042768554 -58.03857976795558
3.8192077376553777 4.724586706024292 22.801966264870032
4.914196848361655 1.8877399499543888 -97.11257225097897
0.6205331465473288 -0.3723643216699741 91.65631078611501
-6.547848289024802 -1.5907675916085597 -74.61975224857899
5.691277998423253 -2.9384968555334168 4.723655391006322
3.241820364079889 -5.819976116574824 45.748179905489124
4.288813680042364 4.9913425266812235 -48.764562338502756
-2.781315903346854 -3.310703086486275 76.00253056041751
0.760850351725879 -3.113977975548719 5.372327035967426
3.5206543799394057 -4.728643040620938 -33.161119448690734
5.314704644186319 4.407206654497897 -39.91032420462245
4.566407885386975 4.737989868879003 -20.153017415496947
6.5969424955730585 -0.1617148665100037 -55.962744387570766
-5.6775721208638394 -2.6294825954929357 20.810825133290834
-1.3376059966203957 5.132873226017824 32.098855199355754
3.032194540901691 1.3911862030905648 30.620399443061107
3.0189541747369173 -0.47146518641842733 4.9085651514543835
-3.00938148687574 5.142125752197482 -61.80996703706778
4.95708753481904 -4.483965344336235 69.49894764818357
-6.306328932516478 1.6316590914713545 -5.319817433953706
1.5034382820084615 -4.453673504844936 -48.727059521410034
-6.422799962861183 0.35057915351664426 15.829513523734978
-3.2062913702818108 -5.734063266404517 -44.77791190251395
-1.468112192203804 3.203484312111799 41.44959064304445
0.1896350441859884 -6.775239423942335 52.91026837585379
-5.35693683798635 -3.5223259389159294 24.63420795298457
4.808565575388664 4.31189104483628 67.81840817015299
2.0703258085337635 -3.850104672762947 -85.5811376737894
-1.172738360296283 -2.4892602843903697 7.7108888722363895
0.8402252108756854 -4.297804952551628 40.485668840804706
0.19329683479231058 -6.414457297454932 49.96247173010524
-6.357396002385721 -1.5452461667426407 -51.394190282067825
5.233319653574709 4.190526142790815 16.11276526215206
-5.878653523847005 -1.6549275244269293 43.97120047765153
