-3.225457175171705 1.4421029599374242 -34.27439044692461
4.203971341112567 2.4965070938415095 -87.92602126093318
-4.478059397706731 -5.199117719025082 97.21127185021616
-0.05532471589769512 6.57449075427686 -7.398977405738802
5.3789697991485275 -4.287993822418406 26.906791982352658
5.940295128892931 -2.5067803901134704 49.915390157092
3.630084282808955 -5.235053783691345 51.67632386213223
-0.4512419158651091 -4.1818748868010545 -92.90701903744643
6.6766970402574355 0.3506616451225635 45.86020782287545
2.3758908586517697 2.4984686496101336 89.74139735596229
-6.520158152942267 0.382713013237159 -8.946927352358196
-4.0508276999871375 1.4753705811166928 -37.4585620020577
4.606659012764947 -4.598900608933747 -28.008907355124126
3.449257512917037 1.741755380439523 85.86715292763341
3.484889478274116 5.929449029877274 72.03560857036375
-3.467242480690288 3.0717953019068704 94.07201717729612
6.175279359563767 1.3677882057677426 41.16972818760209
-4.847953969066804 3.858413482935879 15.273015523984297
-3.5492004747254393 -5.559439688896586 71.12716681322298
5.3516807116294 -1.9840050136299345 -71.43117629590468
-3.8594206648818763 5.328861594260693 72.0478849845264
-0.8100889133183281 1.3405847367142 -96.43347715161934
6.283064246083391 -2.2500584459314066 78.82033691112876
6.48211380488394 1.3977110698823294 99.83155607057267
0.781849850802299 -6.224891440402938 22.597640694972853
-1.541507751065185 -6.316636326638748 -73.9655744889986
-0.636863123918598 6.65026966110286 79.47966733128638
-2.5154378400941897 2.516393619475589 0.8137700620046516
5.346142198038328 3.302623959592197 9.04218424795242
4.66532952216377 4.721555374855463 2.1348924121283908
2.210274753479505 5.023667246738718 -55.21305329093686
-2.825291394139064 -1.4537258451142034 -98.50186301114068
-3.170885437864748 5.684433120698948 -90.92633391038869
2.9868306812813543 -0.35181338859470757 -88.2061037956937
0.7842738372764442 6.431480070961087 27.35654749196034
-3.7000883167335057 5.026113886610648 43.307450541519955
5.411297308308684 3.583197251309315 -54.86445559971177
-1.4794364286560282 -0.4349076926735972 -31.301965808521928
-6.65489766923002 -1.3329127096954483 -22.184268912382766
5.234475228538793 -4.066751994163198 -24.850039287717696
1.2177204561614514 6.405166952785038 -39.23283527550351
-3.0531217928770964 5.686038362198575 -50.14900410294964
3.015594770209466 -3.2515732545080804 37.283448190855275
-5.04787821889927 -4.373387665678726 -32.04808445578947
0.06431389155156253 -3.3379046599451216 73.56566814653685
-5.602490338844332 -3.33735543732253 28.14463419367159
5.860421631352093 3.043945153154059 -50.94457969625654
-6.549405844173868 1.5725647802902138 -55.19724300823557
6.736684722134671 0.7341683945065852 -61.29174723225452
-4.2401544003463485 0.17870156069389143 32.04004894171253
6.569176919910073 0.0820428491247227 -73.75398566614064
-3.764021036470406 5.411046988757557 -45.99374050675596
-4.953888036042068 -3.661826892483976 -14.802334502790142
-4.991791672688253 4.533048360838217 -70.91276775028118
-1.6611454025358756 6.198738413688635 85.24366785218042
-5.712308524772174 3.4611127767488155 66.35680751075452
1.5489994544895211 -0.2617877750790473 -39.18114120886686
-3.0370554509591257 -4.949498032936594 -87.21217435404581
2.0553614290058215 -1.8618603165661654 59.841251775262805
1.5717617150928747 3.9536192132175816 77.89978636358498
3.5726920624118437 -0.8247297540667666 -95.07692111818123
-0.43769728271575087 -6.600089692986653 -43.51035818693772
1.6271049834308435 -3.016493720570445 -22.095831106928365
6.236939012109423 0.7196873875258363 -33.563761515886796
0.3278612294955679 5.037923887175193 -13.953085816888382
5.821029731887417 -3.1481245463570153 -59.09496603400637
1.3901942824289129 6.536260036168319 -66.66740209862171
3.4961472348266547 3.1064712282491493 -93.95285111771084
1.8802170254763284 6.456695222810552 -82.92211972289078
-3.9700278482248623 -5.501930263260906 6.448588999599301
-6.026654744012686 -1.5875035103944568 56.12362114010949
2.9178103637058066 -5.7280873178810765 -36.54367186504223
0.24963432288897577 -0.3939464377361794 18.57963670209663
-2.219273446561468 -6.030547763878508 -31.70309074302631
-6.035198820858742 2.246402540265056 41.469211864941904
0.316549833766041 0.48153897547835783 -64.1279408697984
-5.97886058709146 2.7877155534963327 54.23348600861447
-2.8820345137380547 3.4230956272994284 22.760214582369816
-0.6603101220795566 -6.176799833338315 -1.5440459398439357
4.236806008156888 0.4743337605351196 43.441331721940905
0.8520220804515477 -4.030382855961808 10.120313928866404
4.734047673486022 -3.973204367845078 -11.660796531202088
-1.0459091686681634 3.842149058468563 87.6672168724539
-3.2625176254446084 5.743270551555004 66.7037035310522
-6.260071144457881 -1.286359013913064 -77.33609144161987
5.429625382550572 3.8538887835857616 76.71370678988747
4.906933225978202 4.454082164414386 46.09657110824016
-0.4742212403500641 -6.851856742508252 13.68985855717262
3.377654186578173 -5.541324912957734 -96.69378347981976
6.175805022438486 2.32161864144393 65.76733534377192
4.092110857044558 -5.010597217617249 57.275868278913094
0.04049037308106804 2.692075109860778 -81.15201733147485
-6.347129464563152 -2.191330346808112 13.721743325129145
5.671820711905529 -3.1558894152331085 -66.34503943793861
-6.430461350728217 -0.7218638784239286 52.902551599587824
-2.7130806133154697 -5.678740851713811 -24.43755444710177
-3.977460274338016 -2.140091835629648 -82.95566140382329
-2.5928937331006816 6.024413823776087 -15.41997433528551
-2.3595017206647895 -5.739874961975727 37.61022359127857
6.6507185869938334 1.8275561928435828 0.961782333649521
-3.3260950917183476 -0.04228718585766489 81.0340918716863
6.537918637857838 1.9074310255409184 4.624832465869479
0.3960058855420572 2.0032006541669602 -67.36456866334821
-2.40859840375694 -6.379409560166117 16.39486491503041
-6.397012942163673 -0.28726247185755643 37.81836248333551
6.541130366041879 -1.6156438837082279 39.339022306103544
-1.0857760520458366 6.155767581190847 19.69590649796853
-5.224950648782643 -4.134502735318216 -94.42046187626109
1.7315540355464378 -2.601592143754653 -70.1953866251855
2.8192964388971666 -5.709778775401858 54.376480142465226
2.8968308250584145 2.866589122622797 -2.0092194495881692
-1.273247373356815 2.6788781652167613 9.90544805317782
1.4757215838894078 -1.9522922140082803 70.44435345015714
0.07896937615385141 6.661990331282796 94.47749999010622
3.2594073560615247 -5.775230851290979 -53.73391916610312
6.0057701672717565 2.6852632051859135 92.81417019130703
4.270686611651552 -4.8597877699023755 -62.09098286275831
-1.6445476643814962 -4.73583459903071 43.097709131182555
-4.635242170719817 4.60167053851673 -37.984828742473184
-3.531304320923782 5.499552888872615 -85.46284750946505
5.502323431299068 -3.4942330601183356 13.206639917606934
-4.92475825532262 -0.640818096940926 2.87308099640371
-6.412022132671187 1.1624337863358412 93.50271044002875
6.724598575577481 0.02545496659856515 -77.5938395694805
-6.195587147432337 1.629724675446927 -78.64742856843031
-1.8520813406779115 6.237195360259365 49.18800522806712
-5.381483657667052 4.0006906676009875 31.1550747036776
5.9355785176575 -3.4187005353876794 53.121840348561804
6.839253072309305 -0.7287953257770631 7.409184851491395
-6.5755888832743725 -1.4090637776363883 -26.892701975901062
4.099731556249847 4.237672994308916 12.337983500264047
-5.862330466838208 0.012862779420544257 23.39374143014329
5.257767913221577 -3.751851269501569 87.04811058793588
-1.0867536105894573 -1.8281160421401068 46.69766286124256
5.423222563046734 3.7827656203211766 27.447035955228536
-2.1844747370750057 -6.581095053614104 -66.23607863828053
-4.243610016231445 5.2701026915104725 46.980753917994306
1.942341910760829 6.091591305219253 -30.2294512908338
-1.3771519771070004 -6.2325084059952145 73.6595172615728
-5.93587540215713 0.6718479232948866 -51.248641311595584
5.98643798715208 -3.2433011693279012 -37.768196533132986
-4.196626586625657 4.949053040020561 55.87183420836085
-1.7008908810007237 6.4458837001771085 -79.96065895196973
-4.345350153362509 -5.130807241344697 -77.59211106678973
3.6671095390871127 4.733670787525846 -63.5277083427371
-5.662296607087059 -3.4650236785500765 50.95103036679429
4.955365447255515 3.8481695938218277 19.0844712529809
-5.946603958346218 -1.4093571241296192 -64.8337036225712
-0.049950556698126425 3.5310329958162767 -59.427391940283485
-4.295059079235087 4.686237517793286 -94.05681633249846
3.8378458492814613 5.346247001226991 91.71802673751526
-5.785221791470421 0.5847686257660568 11.311637629992653
3.825087608644577 5.059316501533261 37.92924852160617
-3.6582800496899224 5.538591158941446 -4.232411161283645
0.30621848275305885 4.764000194100603 -96.61398222741332
5.855811775570582 2.825864332525848 -3.55585077040289
4.657765881990985 1.0608390262580927 -67.04403448320349
1.4379358731846243 -5.964894119431859 3.27979289810875
6.386785574034697 0.8794305774713638 11.516954718399456
-6.054399501319954 3.248875850246087 22.396968216091864
-5.430216605511595 -3.6880511964129807 -57.4580320680001
-4.4264596811332515 -4.371605276134521 84.60564111986572
-4.084843818258418 4.261740860552632 39.50466392659318
1.5254619868036452 6.381950641525438 43.04999415412015
6.319793899121719 -2.4423454994481184 63.70027824971515
-0.1284678873079845 6.581600095049226 0.6251263320671233
-6.537439230050076 -0.6837165476250215 33.93730323194622
-2.478066359051986 -2.1919340769977302 25.969557666217415
0.7243321084512423 0.08130896158309919 48.07949131155314
-2.349155871627649 -6.492097084744603 79.59764028055201
2.389444792866506 -1.659161563184628 -25.43878794753984
0.5360089355412141 2.9665477080238603 -53.507603106570166
3.9925200313629174 -3.9416639540757075 -8.857296102060603
-4.601711601753785 -4.824533045160415 -63.50346262527675
-1.9864934006759054 -5.770089589147831 -97.7504241189262
0.5875683540203553 -6.740978409958078 -95.71093549147663
-2.080807686960374 -1.7918076218545498 40.40398799604277
-1.8275578619224186 -0.0489641073892719 -16.529726084455408
-5.036317151230675 -4.5425546160132955 -7.870226741310388
-5.577496534726813 3.484396063302761 -27.697378769172083
5.853447401223685 -2.975093668043218 58.64750329123099
2.127525340324695 3.5049541298708786 -42.05273421208294
-6.332812891526404 -0.9769822937722973 59.923909371974396
0.5688799195355885 -6.358545580824544 -79.6078445237338
-4.583017254738117 4.584200880505446 83.53358823291954
-2.172326966835632 6.388049044326565 82.1189602784539
-5.5755535927334305 3.1307218648019366 90.8964746583952
-5.8015925717169745 -3.4393380800521838 70.53744794392838
-5.74637794399854 -1.8362769231662133 -33.42761046867073
4.121196438195454 5.0784061685471125 -60.641129623315145
2.272492920504791 6.198440921152877 60.478103191420644
3.3816177213738254 5.652736904230086 -26.034630513392184
-2.4334188110890587 -6.27972740711983 55.207610182637175
1.0595158336594603 -6.57162970952774 -66.98647796473917
5.234027872443295 3.6045271151104523 43.42132134740001
-5.822704584717063 -1.020610160065934 -71.14115935469553
2.0803789809544653 6.22386428816023 32.96810274057884
-5.980860461628079 -1.8954512546061102 67.23965335041319
2.307180664612777 6.003849401098787 74.83960250844333
0.10976885837731482 6.431355848581725 47.14286337751499
-6.605196513654888 1.28561314910087 -88.49494830060384
1.5599493136614433 5.0472017182954385 -74.0239052927823
0.3290642995466505 -4.530969454567265 -82.98709782133936
0.3575130968390348 -5.170802271204821 -89.04458258172717
-6.589585907450123 1.3063506807097829 19.156452238598185
2.475456079659772 0.3392621342456865 58.165425898837924
1.6314308832665958 6.220993007717256 6.03041259025864
-6.351476350895653 -1.845741362099956 -85.24304334846148
-4.720884929428146 4.739135744312189 -78.76419115889577
0.4062510235448905 0.30074498145793627 64.2119502025263
-1.6335122385011625 1.215057230747288 54.131481278047936
6.533177717779977 -0.5713750337312964 18.66101078371858
-1.4616219881142745 -5.806127600842444 68.73982572792603
2.487101004639126 1.8305985332800796 -60.75184768335068
1.9895840035985883 0.109408615791177 51.9882387207444
-5.889882486319682 -2.2295815465374598 -5.667069221315174
-6.182575262015326 2.455630400666309 45.703598823370655
0.8795162191668806 2.84880601478317 25.63879988442435
0.009504320716795966 0.9372048904466774 -93.19274609422536
-2.3143908303397844 -5.191716529888258 -80.64205301540247
-1.9670767777086389 -6.014508509738634 82.9940745844623
6.253309167664795 1.5756791583110519 95.5454206936417
3.106773243161437 5.993787611684274 9.024296582484215
1.2791115585664554 5.805372432189504 81.49817111446336
5.836413717513371 -0.18124581405731213 57.070595553760036
6.194118579435266 -0.9328101158375489 88.43194306011348
3.692090832132971 -5.485639530017028 4.827886345022683
-0.6085875748343091 -3.9514995527515286 50.85167968200321
0.9109647760047059 -3.3661548461775457 -29.72273188466843
3.0232276728975314 5.991393968924761 -44.02382495775763
-5.585664046701828 -3.248809986541586 -18.857227681694525
4.6717011381767986 4.646345881130293 94.8045782256988
0.9151861311696373 -6.660432842902882 -38.988191851505064
-3.5064036656318858 1.1816741641820383 8.17302112884069
0.3812504786064154 6.410889293815651 -42.103277416946625
1.2997931328135843 5.033633613485003 65.71387165724195
-2.2603596640207866 -6.178690578960317 62.26377518891147
-6.194284868383431 -1.8127452054836906 -68.32554387954647
4.310194191474854 0.35302296339709827 92.09416809575582
-5.804714188453403 -1.4832559309625115 -30.1692084725449
-6.174889580574035 -1.2304754656269972 -81.22792253348567
-1.9978189109162212 -6.295093959507917 58.304862325413374
-2.2700770637828076 -5.968383771599707 -90.1777144392185
-5.1859148801522865 4.43637961451657 34.12881562583743
-2.6391492025582988 -4.04649555322811 52.79114573170775
6.741683253773084 -0.6038419979833394 67.99626476469506
3.5214521383239807 -0.7597398499897704 -77.60163372285886
0.0056941484051494795 -3.569168615578956 87.26288360792617
5.161645680495434 3.7380764176169934 -16.872312144267738
-0.29240518491086176 -6.414383395541095 -62.97680419510287
-1.6573566123804777 4.430193187458187 -29.8573411388437
-2.2308680727775703 6.20352940424542 -9.973607741429232
-4.423383739208044 5.227232616951795 -23.607746673457946
5.812346005540868 3.741390664979962 88.80548692064721
2.5908723411766656 -5.842757481906978 11.72438508755402
-5.907967006080268 -3.0703566426761806 -42.65533623527521
0.8646271817932566 6.301918331844757 -78.60724232822554
4.390315565988713 -4.560257750999124 1.07438779296998
3.994184588681813 -5.413982635377621 84.91998674354062
-6.315420852436517 0.5683927172576052 64.7913895080295
-0.10784269707793162 -6.532437834086714 88.50973005255138
5.979522029264305 -2.1119747313984356 -17.680267374299536
-3.8436156696389037 -5.551216705471299 -51.00169858799739
-5.059069558684604 -4.730732849731366 -85.04431259561119
4.3761791966609875 -0.32068888542941515 65.7541525846235
2.8333479685264162 1.4306355901155934 96.28527907177327
-6.409197796057718 -1.4636585340748776 -11.657171603340203
-1.8574622808504584 -2.396471050499808 -89.46026971162391
-4.650674590190668 -4.3880880313340125 -74.79915742319426
-5.685221877361058 -3.8143414053820535 61.76585709463888
6.895934027935435 0.3647000078906068 -24.35392843064897
-6.214288302008 2.047309748432735 96.52459733485736
-0.35462303691109076 -6.945075639653795 -71.04120438077697
-5.2490631163613815 -4.135689265445705 80.12786550958253
-2.1154072496314416 6.146828999809588 2.8275820214381677
6.467587125405836 -2.3304318292111534 -97.47569684997659
-0.20980769108508748 6.667608588318126 51.698306699214996
2.3137085686383525 -0.880855985840347 8.959850832503603
2.6446848486068064 6.236613495100366 69.0566761563746
-2.044422543953243 0.7684933368679964 87.80686749148866
3.0947989319729907 -3.9354045228907353 94.25246680949134
5.344577365264973 0.5469449360486497 -43.750400118018774
3.587116184434055 -4.152345987053815 74.01389956562171
5.417608832146871 4.211493369393508 -99.45939644358634
3.5348081768602397 -2.6407694453040103 54.767634013564205
-6.694767462489446 1.399094292616998 -13.079840681154577
-5.401472324759432 4.087718491291505 -34.894356752184166
1.6249615750055884 -3.0763128278260568 -39.97135892118766
-4.697532410242687 4.477576324023411 97.26668848199634
5.95390609000698 -2.3997755309234963 91.48155448683505
-3.3422069718905076 -5.545785520731338 -4.716206927024756
4.791420174844478 -4.205692194234375 32.19220985683287
-0.8891971937257458 2.7172195954866014 6.269135731091475
0.2247284103057201 -3.9839116660000817 24.368146108279294
-2.707311173702678 -2.9527411210625942 68.36705656605888
5.479408674621435 -1.2547066029482246 98.36898456456147
-4.24968785906797 -5.389854383776046 11.022447302143005
6.638237616608642 1.4018538373762 75.36241672469927
5.36583293154729 3.4330708891398243 -42.81180449779215
-3.706809905605225 -0.37365818027240105 -28.693412300255634
-0.7100930335035384 2.206455056157494 14.580320047327884
-5.288034440791554 -4.047127161629022 -28.692996280693425
2.7346070284347346 -6.0573620528642 -82.4900480377794
-4.021054820415571 0.039676098542981014 -87.4217784344374
-1.3788726799278583 6.243517899282985 8.845483684413162
0.9020725548140952 -0.9621088257614163 67.3345770689449
5.898039836029991 -1.7912045481868868 36.090952257889974
-4.611478347214786 1.786317379666934 75.58528256872471
-3.322802510299858 -5.467312128789297 65.50846808170071
3.06714878917051 -5.823564070059511 -93.85595080185246
4.548541133457272 -5.0285536790539584 -45.54719238248643
2.176586543719316 -1.2040151942630537 -14.64338524303912
2.797187290677398 5.695785071017553 -9.584012068121579
-1.1794311517279725 -5.879432623637628 -7.973449130300527
4.164101205435486 0.7719183686970067 77.45587748670752
1.6097734662057133 -6.373113923225278 -16.492295671755226
1.8818100185803546 6.524497454137571 -58.01213187270412
3.17704259612879 -5.530645152811774 29.042162105915892
6.308601731631484 0.362174607163011 -84.34778959211349
-6.28131691152564 -2.374266272295101 74.76620334450057
-1.4148911769430719 -6.6061444928060515 95.99545511433679
3.045812010106832 0.38265491879968744 -55.96270024476358
-1.7161929266384557 5.28854799037058 -76.70580195859908
4.159978579312844 2.451784352411648 -26.057796778321084
6.260298994416976 1.1504014287131257 70.6044575124311
3.615756509256147 -5.54171553782876 -89.3331665775319
-2.835869034043967 -5.635983872112968 -57.70464661756936
3.998912213924599 -5.203913834221258 65.02718117135477
4.8538199606155406 -4.55103815829186 -56.43045565056127
1.8068602380540828 0.06434869652442599 74.18825269748288
-3.512838313868831 -5.477976237076647 -60.70356407218582
-4.897646597358668 -4.399459328339029 39.15472211081987
-1.8889892639988233 -6.579805880453169 -55.143121182365306
-6.549124223922978 1.3683313853898478 -46.86576971974797
-1.2970301813833367 -6.560036872347128 33.37660174434734
4.515833094791934 -4.748790706899288 48.19389469429477
-3.436970776593589 -1.40422846348451 21.52766324131819
5.218268113676441 -3.786382010991112 -91.3235281245983
2.3799807403417703 5.768531864391112 -1.3797147167842854
3.429844601347349 -5.795152263877113 81.36990943228601
-0.0167293937124649 -6.544896945709142 65.07013235974188
6.5835397217110465 -0.1285483061424132 -69.34314296912996
2.601511479792666 -2.562974336326481 45.553118776252965
0.7914443295157231 -6.787491920437732 6.609532227889763
5.47229809338447 -2.600199723825162 9.996759809176742
6.45953862939456 -0.6398826870971246 -0.18377629405815385
0.5179838696930534 4.73727846681087 -63.09084145620914
-4.242661362387319 4.96827521753735 11.811890106939815
-0.7570068719911237 5.803444992494196 76.78207046798957
-1.8400594517599616 6.329675898006763 69.36550433179423
2.8489974863736136 -5.603579311429728 99.17739492736054
5.03343088514284 4.351773544593373 -28.626178757246613
6.435100382337394 -1.6858777409528676 -52.04239946958998
2.506481794971425 1.408279654550594 -23.132364447331003
-1.3746985952326463 -2.731460973564023 -35.53226514163744
3.6335827478428535 -5.79684826983817 -20.746062525777507
-4.853709822019828 -2.845915251922865 16.498517292202838
3.6115322406830286 -5.200322942785402 -3.4281996287530667
-0.36380511033272966 6.402920537765259 71.84686418749074
0.6862259000599713 -4.055223534006216 -97.64509694516975
-3.6830837690430323 -3.758287164484334 88.56721596535652
0.7201577996998147 -4.6390146952503315 -52.19705084667282
1.365526707602736 -2.1273342671200557 -57.4749531905462
6.734354794184806 0.6839918877968606 85.77718836842817
-4.093406049909894 5.216832768548318 50.88616885738096
-4.740065403330846 1.3080547141225143 99.27980107051272
-2.9461035501319484 5.063201308069533 -65.43720160176524
5.340695059243629 -2.241445376734122 -3.0827798111728817
-2.249816915909359 2.692604258583437 45.62019120320575
1.548898031079869 2.6453074457898573 -18.094286209152866
3.8804535470361667 -4.890301848951294 8.266806641715563
6.4934251582930145 2.611427071629461 -91.9933225793734
-4.4829416335164485 0.8253882708976992 -58.48748467962526
6.727293896400821 1.1110905237152426 90.33855732071233
3.677269030840197 5.6654757257858055 -22.768151137127557
-5.9170339457035785 1.9613742319210334 51.203436586369854
6.7506413710087605 0.7273622640853431 49.18964539921098
-6.368783010973941 0.5017236714957624 29.664390573196744
4.240023100034993 -4.864660906483483 -71.56689305269454
-1.2697028714567786 5.955174173062586 -69.58871390226767
2.0103956865136854 -6.138242758296149 -11.530514747634665
-0.24587096635361666 6.664852211316703 -91.49609116198852
0.3337498071481597 0.8196576299180298 -69.87818409762352
-6.608976528131201 0.06845456055790648 -35.95838129581606
4.444810874405984 -4.871031020815972 61.41478037297728
-2.262805931505038 5.036684176752127 -35.25213604363434
-4.772767467557454 4.902669077152676 59.38910739087292
-2.435594856150488 -6.157393075789772 -16.938015225040104
-6.108227002099943 -2.6047385936385132 9.52635875794384
-5.244298538167199 -3.7305364604255598 -39.59534220742023
-3.7355547897841244 -4.328286930245072 13.490622893316257
-4.379818207806852 3.9541817143300984 19.12318323404254
1.0877564164705584 5.480609183010251 2.9177168041430814
-6.783063164414051 -1.4797979968898956 -90.37466609272879
6.554765503495259 -1.6005183307935544 -79.98551337032613
6.407682915872579 1.4257987319241199 22.83721819368784
0.20538964581860075 -6.433348229243958 -99.8831433615814
-6.254971463900324 -2.1609669573776906 99.11570915442691
-3.35589230652643 -1.5205555565897224 -8.31815077354393
0.24833812404162794 6.7685046568923894 -11.690081626470509
-6.386759314165954 1.9042167137835277 -98.3727176561524
5.13404526076348 4.312418345268436 79.55994951263956
-6.690471504685358 0.9338769813575404 -40.085877260705146
-1.1641682587082467 0.2794240558288199 -37.18814259196162
-6.648675922201877 1.651789557258662 -85.02319487692434
-4.050663713721991 5.031946492763957 8.816186608351389
6.597592715873587 0.7721993853890139 27.345542886804882
-6.066277421529656 2.150086173145225 1.4159079313683964
-5.666286490037164 3.7112140228052297 86.81704439431988
0.7888588372626713 6.614312704793608 13.471399768403003
-3.0157991329004004 -5.762778780341698 27.36904965114187
-0.46350654457468143 -6.705162646273587 -4.8142685461205605
-3.9627155693691263 -5.271295916342625 31.878139128422838
-2.5107087958368446 -6.2187008727002056 -29.04889949136591
-3.497764789614199 -1.6357009917207939 -56.10839545767938
-6.165850994766987 -2.1979413100042935 -46.24759390575009
2.4784372785528364 2.7571815368426633 -34.725276656067926
-1.2675168087977524 -5.564078867262373 46.369897225132334
5.610835865151201 -2.7282897308616416 44.01506438743685
-2.9064536546746167 -2.09369240023055 -51.19049305504169
-6.179981060189879 2.5445851083197053 27.5023687899623
0.6274871740903023 -2.1343534000980444 56.285769649164145
-1.6149156659939286 -6.2560101941260235 4.347091380886532
-0.23539277126055724 -6.53008594559807 -22.143269617766368
4.278710792322756 5.2073309134462535 84.70430948505377
-0.565847563009947 6.082019342346686 61.16108435936662
-6.7749416405097564 0.6374262641880384 78.64220048419092
-5.176001727432656 2.3358151171390626 81.47361167463532
-4.360860345372933 4.964284885739349 78.39408477296517
2.063802270305979 -5.830767027159372 -56.82481600488183
6.569511918085013 0.591047654389372 -36.94685724548522
-0.2814820166452466 6.459034355602457 -52.04687200569504
-6.693819918547803 0.15944312747475453 90.51437736134994
0.7994250861410537 -5.164921189491953 80.26518550208576
-4.383003159048229 -5.158269956811035 91.24301514868067
-4.0391791505650065 5.213657971068564 -32.19392197188805
-2.083746935190294 -5.636204970437812 9.10053167148449
3.225026114352409 -2.203970019615981 2.496067142992751
2.4838698286004726 6.343261701266012 88.60441650813748
3.2677307081119813 5.363670857074269 -91.48521142619138
-3.8826976189001363 -3.4599897713757026 -69.37556892410512
-0.1469867868693543 -2.662436702111475 -86.08158026711823
-1.7270754392404755 -2.145614195557907 83.268805222368
0.23695386515875416 -6.87918831127083 93.40722030355943
-4.87320472870882 2.6501747917557874 -82.05507891760871
6.331002003623223 -1.9597718042565022 -28.753491375233743
3.49257086221153 2.3448471490940515 -45.355385787969254
-6.506455520729185 -1.1655534169838706 -97.68474934845626
3.0254082628238423 -5.644074889312092 -65.11122775315378
-4.493726160494383 -4.078928928450967 -35.8683898004855
5.566885335621136 1.8418770894462375 -30.91593976383451
-6.209807627481896 0.9755007027765802 57.46527805869642
-3.5364691278793883 0.7147068437039131 -1.0976293132884074
5.793405732130125 1.7116748718841122 -19.87330942704249
-0.3299774410311191 6.800250030431933 -26.35962382207581
-4.916729207487078 -4.547087538031746 -98.79140844962205
-0.5036606811428209 -0.2766090725903936 -1.7707307778210364
1.5387106310836152 1.7713222058972264 42.72047199744223
1.8037908706878856 5.729712614577924 -47.69030996114172
-6.454326047982426 1.845362237745698 69.13035452233356
-3.126971652366016 -5.715926353480857 49.187718693436025
-1.87908389497904 5.897835491709738 57.689247888448634
3.586839117358053 5.333113256957691 -86.51439196236568
-2.814080064684493 -1.5939644227817908 -94.06547874518297
-4.694342469804427 4.638908152166744 -88.38656077718609
-2.2773971448127353 5.465696879069701 -57.964608998891975
4.5092100103035895 4.618271644125777 23.804719734553114
6.1529050956449804 1.9521610094618718 -96.36346667341525
0.9331759130381647 -1.691053107727165 90.87527110570112
-6.655809575919951 -1.701472669351628 -74.241164530914
6.057705877022345 -2.7669184815678474 4.052699588317169
3.1356458482072864 -5.812085013359045 45.605548775106946
4.288813680042364 4.9913425266812235 -48.764562338502756
-3.1055886178146874 -3.5945796024568044 76.02726720063437
0.5983428863539746 -3.693433538401396 5.117507067718505
4.747686165766993 -4.443903870704815 -31.97257299697801
5.197057091994527 4.344445446161274 -39.83752281583961
3.596555000459071 3.986348011429489 -19.68664164467086
6.456176955559764 -0.0850327200086066 -55.72988129096307
-5.978191842964451 -2.2852547880268217 21.204838484737625
-0.5940989003494572 4.445246538316907 31.76173272305858
2.7172459387411454 2.4947975252716716 29.856943849613224
1.1766849699735673 0.7912364600554236 5.032276803824706
-3.1553750032104375 5.775609205770758 -61.853576913041664
5.243760951704511 -3.66415319580616 69.40124167274332
-6.437620480198089 0.8110833958239871 -3.908336962282642
1.577274055325299 -4.761706719735857 -49.37677812172317
-6.535791630733291 0.9305931834479146 15.334028106889459
-3.9907403725032546 -5.245578834428253 -45.984549926451066
-0.9839192294715914 4.426138058287683 41.243310875631664
0.2454596933409755 -6.7968267362632035 52.90906377894397
-5.194316734838309 -3.9084355153216124 24.198294406435778
4.159076723431497 4.346546028656061 66.87216808076558
3.5099611230028747 -5.02167933297139 -86.33695114234354
-1.2749879240052175 -2.844714808691404 7.707067802624484
1.0496347729719628 -5.323035355736318 40.00256419995243
-0.053159208467231905 -6.774529654579947 50.153233925175805
-5.629115492363252 -2.857172492443507 -52.07470469152261
5.20923176925387 3.3793142129685707 15.879033556728611
-5.606757194004707 -1.7030422070229745 43.04388039462879
