-4.2927814929419315 1.940946660958359 -25.77798095279043
1.5442265172505296 2.191585327489733 -86.4749513048616
-3.476085834250693 -4.846668397271933 98.46271858963924
-1.1085446967259251 5.338026099665047 -4.519465597936349
2.4706079442178637 -4.84358974965321 26.247611180537717
6.400273584909716 2.092481190109255 48.76125003486521
3.0137488261395946 -7.90191763899936 51.77646011136822
0.6420537604167958 -4.432503961607819 -93.6825190692676
6.13297498514627 0.07906345060084777 44.26594678507755
7.3957137228111645 4.186052765892799 84.5336098471098
-4.711013286092009 4.894374440051723 -11.297487667141521
-1.607108347853055 2.824548347776648 -39.5343202341394
2.4923807222902394 -3.3054093217097904 -27.867345025057105
0.6903671205798303 2.030396387912414 79.16351597621448
3.7394087295715153 6.864919089581274 71.81323721638488
-5.084159051761873 7.122950691307662 92.61752669957524
7.198956634848983 1.0235723215148296 42.63804809453846
-5.235194139351292 4.680504616371194 14.140463960861627
-4.034255581453465 -8.461036506438385 70.47851338548783
6.214465589424335 -2.163668523990167 -70.24236934990323
-3.6475066589610607 5.738031707593512 74.04048820457756
-8.293046326628811 1.4871084699282 -90.87296862814999
2.480781957506291 -3.2836442638771324 77.19692852858854
7.925325579147446 0.18660484152397322 -99.21572519292218
-4.241592815880612 -7.841340927733304 20.077585634248905
-2.0057264805532635 2.402679685726358 -68.37731459384544
-1.125537524685361 6.723533834455405 79.59488521467807
-1.7397497032727558 0.13822418307930462 2.9224302492114655
3.0083061698713696 1.56235666533421 9.605450080318104
2.14567778189791 7.397181518827967 0.9200696686343344
-2.2342245934989418 4.080831907661 -53.134955553673464
-0.4565505365579238 -0.24435263585909095 -99.24837364389901
-0.9650631868868109 3.5784835247538944 -92.93454757393442
3.057514917068091 2.151112662118399 -88.74278649074812
0.2012977966321794 -2.772725308189286 34.74044661383839
-2.4476173097904304 4.977507127263506 46.228100267232755
2.445209570231636 3.6997700554907422 -53.41225112397796
-0.48356359102373275 0.41717222888395145 -35.67515733058588
-2.8210687169099504 -3.685161830304275 -25.249049526865612
2.095459963707227 -5.933498220754638 -24.690076376093426
-0.05400586582352376 6.8219242511059965 -35.62426215616923
-4.492670094263242 5.538556439930348 -51.318471189742645
-5.261583105418322 -1.9891324884415935 39.77377809453661
-7.907937145348748 -3.0319444629253023 -31.11138225795504
2.5627895688217004 -2.478373282246597 74.38282714181253
-6.3126966514279115 -3.175786371600408 29.974946974580817
7.129875680380259 -0.2867471993002154 -54.58289959970585
-5.65228173614968 2.4166632017675487 -55.59449359700304
6.103649393266861 3.271890029706697 -61.60896890225109
-3.2712717933667927 6.160953763347075 27.209557606306724
5.497347676972999 -2.373053770736429 -73.94867106560208
-4.153780307657429 5.870393723584717 -45.71743058943013
-3.841582521298986 -2.526860909836487 -14.542180377525993
-2.0321256481498615 6.926126895715189 -69.90408093730119
-0.8501879148003676 7.980605608219102 84.7359397409246
-3.6350706667685038 4.206777242125324 65.76666925481021
4.283387827156612 0.2923424760773437 -42.3167508753275
-2.8450267953629447 -6.2810679671689025 -88.17943311550567
-0.18921156437980718 -3.892193620724106 62.73433495199462
3.8217712223371105 6.59920379137027 79.56421084661359
7.928237826721909 1.4904531975381818 -97.39828469232447
4.9068434912180585 -6.4378642977691065 -39.364862807005174
2.026314629623365 -0.8880282021195185 -18.017492973018626
6.235605429988542 2.1485448688388686 -30.847895188714457
-4.831162117774194 7.312626067400325 -4.430365110557147
5.666870541540526 -2.689491318407592 -60.084484912200956
0.5542720859397523 6.739731617001932 -65.15802761589265
1.45880617895458 2.4765809604533042 -91.63123697591459
1.9840566818918202 5.521142642680496 -87.41772625174626
-4.973830697092131 -4.219650426868286 5.101131050970687
-1.084417473870528 -1.5792276890429764 54.99559641818589
0.43432981885552085 -4.852546851542349 -36.9572738889945
-3.1086519500102305 3.312578392610487 18.68085673697194
-2.8171509190412967 -5.88021615561144 -32.836630413471006
-6.486509830494363 1.542286748960555 41.92423733479529
-2.993598489455463 -6.102053226157836 -63.63639242670021
-4.455409275264979 1.8668271588996184 54.30194057511866
-2.5152734699481107 5.9955251586342335 23.734643256366656
-2.2433270241748287 -3.7082899614294984 -2.4164854557659603
4.338194365047107 -3.784837173733474 40.2957788887123
-0.3959823821887058 -5.390210637326526 7.006636278081129
2.51938979683943 -5.976378116538066 -15.050331463696995
-1.3063320003282848 7.261503171303307 90.29930517448986
-1.5764506721970388 5.203455463151219 59.68622956324419
-5.772567085714116 -1.1263367969396874 -75.51718844667546
6.180076971421416 2.6681828362396334 76.5459064020984
5.757516056544726 2.6840980839911093 45.92551954125005
1.8436296978959352 -6.650578008910476 17.122589643370063
4.59838594000646 -6.635895969245618 -96.7977780310013
6.770859841635305 3.5878430120525384 66.46669700785205
3.896550720027296 -1.8908663175003104 58.336263550952076
-1.0103415916507186 3.1980560162310403 -79.36387629883312
-7.4132225453870735 -3.950613365615777 13.430505188307867
6.370933758907938 -4.38687502578675 -63.928152037093284
-5.753678036680844 2.065402749359932 50.568546384319625
-3.425327533063389 -4.893784297554349 -22.60700883825808
-2.446815669756351 -4.297438678919497 -83.59316339770753
-0.06285326741659047 5.753900745532049 -19.446645112308744
4.828098389082394 -6.742233341812296 38.124921476164545
5.760408846193902 2.5845462859085537 2.43056120959137
-2.898642879918497 3.86822410376941 83.42511937061101
7.350392886208859 4.838353489475047 2.755811731623493
0.14586306176387528 4.098756713454075 -62.59534884012082
-3.841692475557614 -5.622313687736502 18.02652024157614
-6.600114553684204 -3.8976020387673738 37.27959323029661
6.832905062008288 -3.5496033323490646 41.05793920516851
-0.3608513896211828 6.655261384052775 16.749146313919592
-4.694370540485056 -5.528314544492433 -95.29592516188673
-0.3864196626942502 -1.907407060196301 -66.20695248317496
1.7068094410964727 -6.265187865484667 53.57379170547641
-1.9378456798992632 0.8893012771813347 -4.901128021727569
2.0565570120654852 5.167990383159396 9.820509981232036
1.0921122900306188 3.8832863922268412 71.46485285179944
-1.5749144158681823 5.881846204443787 93.10423394964121
1.1637152893411753 -6.521538586029303 -53.79938946269536
3.298399320652978 4.481390833914839 90.17068140296168
6.500707298505013 -4.696422515416137 -61.97731384646333
-4.964618830515673 -5.454999162821308 43.48720239466868
-4.524257075263524 6.200807896931017 -37.12125281957371
-0.29464140173786313 4.530632297896154 -82.66774887760008
-2.0589824463207616 -3.1753175598411025 15.783182550481337
-3.8318949174074435 -2.0359080182110714 -5.27823899146841
-5.796415567829649 2.9178667828088 90.92201505042294
-2.3188854875406353 0.9288552590330361 -76.23764392140697
-5.355954765741746 4.252393186559741 -77.27825588971015
-1.6381398095476698 6.451185908586786 52.19998180152403
-5.463201672226842 3.232889774941327 30.822450089913218
6.204034058983114 -3.1360644641534234 52.77111137560921
7.892052925565754 1.047008129310199 6.284329326055301
-6.41078938839669 0.06145975030087851 -28.969183990992725
3.80227333818247 4.666943730938655 13.746221520107905
-6.269592963425061 2.9510706488307346 25.93061143035573
2.8555198400193547 -5.666083282514172 87.65665434615136
-4.770850992186079 -2.941590382668155 44.323628077109774
-1.4001309508049704 -0.16564463343900876 28.370687564263882
-2.673192224187353 -4.668421811971439 -65.84414402139856
-6.703948794800626 6.313062677948949 48.67859802718384
0.7141122592640847 6.257628011452639 -30.851739391999303
-4.226471189154484 -2.7838850561362425 74.96613117463748
-8.772155958988991 0.6849360857400388 -50.63653441457455
5.809970387874581 -2.6787328096029923 -33.21931873417235
-1.9349223179572885 1.1363612932965104 54.280368520010256
-2.7399454158698804 5.971021320113325 -77.72192703760523
-4.4340460980047816 -6.268287332452549 -76.25061320507866
5.079658544359677 4.57340402855393 -64.19045137073839
-4.717261607111205 -2.637407482343601 48.831963935538894
5.964691492892063 4.106342207251252 18.024935957199588
-6.556342090201305 -0.7811691239115486 -60.68873567134983
-0.832666133399045 2.2153071667487723 -60.00965075165618
-4.840338469874077 5.715635336935673 -94.02665521018703
5.226364845395216 6.764279978905559 91.04963045694392
-2.7105146515862013 0.9932050512594622 16.034552006573843
2.156097127788635 7.393993219347268 37.44394456390041
-3.6523472435514184 6.267853564731809 -3.4621456719329506
1.033267427982309 5.302301260646503 -98.96102961643336
4.8055683637509174 2.9721729773438503 -2.72145677786794
1.3499385982435181 0.3602113279558928 -62.61493238230294
2.946425468009791 -8.6610490041083 4.15926868319207
2.936451494886669 -0.9168379874650764 11.942559944199942
-4.966489699150637 6.051134500525961 24.08454597109506
-8.216565921825492 -3.01637664036032 -53.7709034452302
-7.575332452299418 0.7059060475379044 85.1993513050568
-4.2974494290182506 5.848852240413292 38.35618341204161
1.555199184526904 7.514683367641981 43.666617129616554
5.227222120837317 -2.440186969431668 61.35897783004615
-1.247816351638573 6.406429703537154 -1.374040266775156
-6.017485317264952 -0.574305085280746 35.282201932244654
-1.548642578645778 -1.066849933631056 31.525150465650093
-3.8731388570132275 -0.14987843636040193 50.94171097258951
-1.873687863686643 -6.057062067007324 78.79188812442281
3.5651143616100547 -2.4240434704075335 -24.214923452906227
0.5660231758145844 1.6282924394760139 -55.432936796971745
5.173277928326052 -7.147490618839198 -8.659738498998026
-5.55486963878241 -5.154897758033679 -63.634520236173564
-1.8787676841581606 -6.639319666777739 -95.1076393788612
0.9208738635984186 -7.808221142912876 -95.44178844452948
-0.5051337608347601 -2.708566615939669 39.401501346180666
-6.737604615715645 -2.98541523746028 -20.001295984518396
-5.704801581709803 -4.442090757779955 -4.284032579683922
-5.867902921672299 2.79608977381449 -30.65622496081305
4.624844940033853 -4.714869683980786 57.22075045489527
-0.514836843438078 7.880692848746945 -39.551682336736086
-5.7495107779422945 -4.51432529461873 62.230364489355075
2.9333573427563997 -3.7480920094853176 -80.01310523192554
-5.775989978844191 5.231890941851929 81.95436894543926
-0.47790695030553715 6.230710204632679 83.29973023784353
-3.5109961669470997 2.558718610224379 89.73846683873282
-7.628218401627585 -3.9129352987890798 70.01925689110075
-7.676879287450908 -1.544820784038723 -32.11160818867408
4.151174502979203 7.465698105017731 -65.77220262440537
1.6487858996176317 1.1317232232709649 62.95517802218951
2.036502324557706 6.502544023975698 -26.4612717692335
-1.8498145453726693 -6.627307625238899 54.91056810781322
-0.3507959834875599 -5.8808584993767115 -66.82999922687624
4.355779424618336 1.316956376260043 41.879583264986216
-4.125525213545044 -0.8380407151274013 -71.18206335012474
-1.0387893572743139 5.526422110824907 35.12002165700515
-7.268232054109779 -2.7378496529556746 67.49625917554012
4.142611423220691 6.4745975161900775 74.86978472057615
0.0012273399004383012 7.038417264981466 47.05843911865912
-2.9819744127395484 -1.0079166044206556 -85.68111861851975
0.3550563828738775 6.5714168656641085 -77.002841237434
1.7005025796373907 -3.6083045881431586 -82.59031089896847
1.499478141438195 -4.697688279475486 -89.79309030971623
-6.901671098820303 2.6642473888738962 18.13380403160054
0.975218643716467 -1.6237491412508447 56.86482136043766
2.4474212709139698 5.843341292510576 7.274061581690834
-7.04435115578441 -3.0821082940349296 -84.13965659646519
-4.962427799032845 7.640016576109012 -82.39033991556893
-0.7630338953866189 -4.448571361981092 65.74599228394047
1.0105769770094088 3.0630533258313495 54.33041974468441
6.002431231725406 -1.993483584006816 20.707757638853003
-0.9286480125578347 -7.207773690143603 67.82236142931782
-0.09416931564052788 5.051113144160095 -59.30468444637412
1.2787266798203234 -1.324770512227786 45.90712610209488
-7.154127530951013 -2.8967435091960567 -2.492909498512572
-7.989974837926584 0.6395412785379156 46.97479755217465
-3.585032221751956 3.5215121785372685 24.73020745199092
-4.350522877050243 -1.0790665893754912 99.30959063405498
-3.3300700899255933 -1.2611734458618729 -83.25519354894696
-4.729173273691315 -6.8229518578961885 87.21515011211504
4.213568911936418 6.8347824795521115 97.07561610846716
0.8640521985634964 7.119647510099619 8.13378604615186
1.8724276256231263 5.8812726202240775 80.60514697879583
8.536019687890578 -0.29780490724604824 55.10343251504463
6.2812343281460965 -1.7892195661368382 88.50212475239628
5.531031601399958 -3.056654328457263 5.0940765794230645
2.6947154342666253 -8.583109935574257 48.96450398444441
-4.944433629353071 -3.0074687341216464 -30.992365561767855
3.8536281899000207 4.360039581049313 -43.03233848469823
-6.95482909224117 -3.322927105334954 -17.809874932215536
5.234999475825866 4.00958673311567 95.2654305669873
-1.6140565154301216 -6.539692650954414 -38.96730265592905
-2.8195397903343276 0.41356763269211994 11.271283546256994
-3.160459255952776 5.669960322324948 -42.91563687429307
0.7688713383467737 6.657476672985022 61.530243073021126
-3.7818011807935332 -4.905287334624077 62.089510799207964
0.43369357325736757 2.0236452441368553 -66.82051535278154
4.6541111674205355 -0.6288106180765567 95.50230551811845
-9.416895899633728 0.24596012509071197 -32.96623915654694
-7.637545987752587 0.5808383866203141 -82.30810263108843
0.5796225101182927 -5.278912549981616 60.237674337276424
-1.369371714900367 -6.593170390291533 -91.14170749526065
-2.6448437645548117 2.138404070988648 34.68944211276178
-2.659626056607747 -4.621267481617632 51.20717520280021
5.911853825033623 -2.633570808542015 66.40486438562769
1.6238431149349184 -4.229114198873147 -68.96228565219188
-0.20544037662464754 2.682770204011149 83.93960911133797
6.665960363481028 1.5200381792475286 -16.184834378608965
0.1899178941306 -6.680033170197374 -63.71754212449418
0.8709194375057999 -1.5592271874742798 -29.99009222812524
-1.406432048820711 6.782650434244692 -9.27094628074598
-1.4981146715188725 2.5354592217068532 -19.95739375458064
7.166791184788833 6.095544806580218 85.75965737242687
1.7380455551802316 -5.965752823011012 13.07587831803681
1.5753422668174055 0.16627828353416524 -44.654275657546975
2.3049148364962315 6.238017474921696 -80.41154048469717
3.129396153967859 -3.9703044055318304 2.6505743585967507
2.797482954052958 -5.356700706069293 84.23877954130629
-6.059456048143147 -1.8863041048968883 65.13540875950713
0.021112358974029244 -6.327229654471218 90.28574453335487
6.947627532622176 -3.5342074580089133 -18.660417012554795
-3.8022416636584504 -6.444529023691879 -50.23539864745636
-5.13498620831364 -5.807953170671149 -85.42064603499641
-0.9650795104423504 4.663176550470804 66.8229536099147
5.637934633714208 3.7104589491543445 99.81604682420331
-8.320658126008988 -4.425164947348782 -4.2361228675140365
-4.111394547638362 1.6038601061909703 -90.54806128708088
3.000425866653946 3.805680369733529 -71.82489698066287
-6.328940521526803 -3.971017819680237 64.15530850014478
9.12582597215074 0.6555825563506883 -23.432885428300022
-7.119830300824086 -2.194578717173863 97.06718277735104
-2.834360890447449 -6.684405571783334 -71.22972876740302
-5.135007179628423 -2.177494050111457 82.35544769330006
-2.6002756002778686 7.756453918033721 -0.7781887930229772
3.127348236322621 -3.3240497498959316 -95.13273947937935
-3.1367186813464283 5.025939121352893 56.463551150681795
0.18091026511314331 -1.8512321897657251 8.761604231894129
-3.272034316599643 0.9522040221331785 66.33039682354752
-4.540388718696534 3.9937781361183635 87.77885938594439
3.471020579960193 -5.779870496484856 93.82724357467492
0.9199315702905677 -6.21525591650522 -43.751540203777424
7.968197182907636 -1.926300906723308 73.23416633371917
6.1290562201890655 6.51493702436361 99.39949000638957
3.700490233064294 -1.3740576695106457 55.506610951096235
-8.229010928052931 0.7844358195699659 -11.951980199272072
-6.2566598515243435 2.615524405277105 -36.0153517887013
1.9628689010850677 -1.683676923140561 -36.201626933149
-3.4354757269414318 3.8824079380208474 95.29143148114164
5.4143602629017025 -1.7848320411069825 93.10439795982265
-4.581648041308509 -7.411918779664583 -0.03269696545119813
5.590467690730483 -3.5924438886183356 31.28138081087941
0.17026937512523313 1.3748505065497598 5.156872593778683
1.463126908032923 -2.18551681238843 23.019461965708274
-7.4858309084925105 -1.0235134825727192 69.28189706091034
6.957140786445489 -2.2298898255325543 95.43638774089413
-3.954817253659689 -5.12172777604361 10.738880557841906
7.195625883550236 -2.050071859710682 74.76065954337659
5.0642867706699235 -3.47115182832536 -40.255475739432704
1.2901712954428561 -1.2634739140193765 -26.056412542384376
2.4345197886036747 6.002031999907601 16.050903941845142
-5.299426199051756 -6.099739643650761 -26.51130513523987
1.4167660471645074 -6.805025397957762 -84.84494009270804
-2.550484600335377 -3.7369511190338707 -92.05884322598385
0.8228252810376226 8.309867586093464 6.926444970059142
1.8656296799748315 3.655923633789412 68.69448434275895
4.885737682033798 -3.9611862972126426 36.582205728811935
-2.916403528659979 -2.934400135870528 78.57451770347714
-3.8335335211981194 -5.0675668742558955 65.54939529029964
2.090507774301617 -8.189391907590037 -94.30282188815431
4.674115754027766 -6.465550653221222 -43.05980214332307
-0.4887161067194304 0.5453666748805168 -14.219277124481811
2.3634658801472446 4.148638329450018 -12.308959820207377
2.741162475791799 -6.946499224974957 -10.816312531728553
-0.31682745204837803 -1.901226443916369 79.46832624912703
5.0781474642767 -3.5291882948130833 -16.687331648872227
1.1761649586260174 7.407759977381608 -59.15625632929806
0.4016573272310582 -8.069225994498858 30.458611878168632
0.6167877547714901 1.2692818019638386 -82.78654809037016
-5.429217178217439 -2.3633502189673647 70.800308379228
1.494238651175415 -6.435521036528673 97.2199221672395
3.4481874156074626 0.5678892765558112 -59.53648536499073
-2.48887383579999 6.186286394157583 -73.8471483906496
3.7154377423738087 0.48293620630984957 -28.988524585965386
5.252583652723851 4.21731689233195 72.71349280451085
4.234609125139021 -5.8933247192005345 -88.60404429839812
0.09327013150805197 -4.267670934590433 -61.44102914107089
6.668004736827657 -5.421512149205114 62.35833031827668
7.433214924538591 -2.5607089047874956 -57.18741042804503
-0.6926254281466058 -3.9422562294091827 70.11623070880283
-2.0135560645946082 -2.33466726031824 -64.20375208106348
-2.960851257267268 -5.544756844194357 38.65434735448846
-2.265561070408041 -7.097236207106463 -55.242564068749225
-2.645617881889897 0.8607967090344862 -48.863065094278724
4.135229971895504 -5.325652099402761 33.18306022584239
3.7703003904739063 -5.394787438017718 49.29550946204834
-0.8306109042661324 0.8480243972474392 18.972327440840804
3.6940172796487896 -2.5154757437609088 -88.9733593144744
5.793864705111797 3.9334667869624016 -0.24032823667212755
4.301167153622123 -5.051192871848428 79.72796513952655
3.142386141513128 -5.216267005527398 65.14476106465267
9.282439513232388 0.26068787436770263 -64.72066559210764
2.534809133584507 -4.7192012473926965 46.21004140246093
2.164586925798372 -7.4215206338974875 6.071290922654572
6.0278189926746295 -0.4447342535076423 7.832036363820119
6.284352299026986 -0.5474276233411505 -0.004514706513422673
1.5022769910821006 6.256208661810141 -60.911518445247665
-6.434016004517826 3.953100007618568 9.055769859614188
-2.445901015694439 7.567222384096225 76.35187288593352
-0.3956894558208732 7.124026471863873 67.5128180944404
5.049936654813952 -4.3105989360681365 -98.37181298680635
4.761706705538373 4.493962541884034 -30.468089787190333
2.8497582401981134 0.4018239159515635 -53.53679860426081
3.5600323887506233 0.35106703856381083 -23.088973851131573
-4.226011318620293 0.8487012674692416 -34.92155235104152
2.7423392754667644 -6.941256045029509 -21.729882666182398
-5.416764600886793 -1.9446179056782325 16.015976327616606
-0.6902810500378805 -6.179460679431982 0.7740868350648932
0.6785655082085292 7.018269613919003 72.45813647106743
1.4292712937746264 0.4017360654016473 -90.18511247337064
-3.5150917172625538 -4.071185285915117 88.24235384495232
-1.2434990707603335 -2.509905370867792 -49.07233724597728
-0.21323331914248933 0.4348825158492182 -57.943529596651956
5.361864166456429 4.278091388027808 80.29312743264478
-6.835996866556318 4.020083488554028 49.25194298513219
-6.171023406529327 0.45341595706190674 97.06717241048021
-3.748358250163904 5.515880580092081 -67.31463749472938
2.6202722599689396 -5.939183268746777 -0.13730694387734424
-3.969766431617952 5.729330801005327 49.25568682852296
0.5486418344020612 3.5108548532241657 -15.938073834946511
5.555035834738055 -3.167887845921367 9.63942002387201
3.2865239197056004 -3.181311065832685 -91.53314832926364
-6.096202301054608 2.1522373499088343 -59.30529450738796
5.976760185040354 0.5978289683975304 89.79138927219901
5.765438549732394 4.592650141799992 -24.79335618257699
-8.366111917523138 -0.2335460660188564 48.65626093425375
3.8086502349765645 -0.41378129385245754 47.90808679786628
-5.620373602259868 -0.4020363695400069 30.06019785890594
2.0356019002423524 -6.089875350278013 -72.4593058732456
2.732131302901564 6.314252722136277 -71.52495022289072
4.818718338857504 -1.2977661437196717 -6.983109391043838
-4.499721819957291 4.535147576748673 -96.86797776933705
-4.305321544934759 3.86410399195558 -65.72699338600357
-7.511886404823222 -0.21533513714314045 -34.95217259879438
3.597121006619262 -2.822516359967241 59.47189291435955
-2.094322168593203 4.908830558544661 -34.23777096199847
-5.747141675068759 2.4039752846791247 61.04518460214664
-2.29520163158813 -6.164799722482848 -17.06084437492416
-7.511799608150448 -2.3494328816418353 13.58495770461342
2.0787263515704844 -0.7864097947813401 -40.70617792296009
-3.2224251044823387 -6.082066935062391 13.894397460201622
-4.844587108020773 3.7238068117811687 21.25006123107509
3.257924827751082 4.759438137012767 4.516938961522389
-4.833870770628719 -4.260909995261425 -88.0805230616329
6.003281628615763 -2.1314219622957564 -79.49299598856581
8.28041971614497 1.5688352821004867 25.27298504810833
-0.020182246936928605 -6.425915190151393 99.8129175480661
-6.683922366942967 -2.5027843542156316 99.85078108045896
-3.490641177029682 2.497509429905398 -9.078285550092447
-3.0212161709883483 7.840630711528507 -15.50968386729965
-7.911841943848982 2.3657859428832895 -99.24696746611623
4.040348095951122 7.411176035317378 81.29161036795104
-7.8380556165989725 3.4235573736486815 -38.04422624269862
-0.8655862677866868 -4.8308080481300815 -39.845161638682676
-5.953353682986817 2.1279497829763403 -82.17112407360128
-5.917328203871826 5.581465001479478 7.526268332047617
6.139531337913416 1.0944047285381724 28.035941845479275
-7.328654609621768 3.2542666327021608 2.738793388132364
-6.031525753172979 3.854862702726522 88.77338966591414
1.0247836551502076 4.7945569516784 13.376008478684186
-2.0324434385700605 -1.9029097899178882 24.39211428254426
5.088503056575571 -4.314392345224083 -6.345578528912839
-3.657214791217564 -3.233671123759178 31.584340111970274
0.2694492230811414 -6.700969068291549 -31.646378029675407
-0.1602578654153441 0.26977434895582436 -52.25161307590467
-5.6150844660778105 -0.14591257906505958 -47.214846811208595
5.478600191522965 0.6713842040296323 -33.99469457986208
-2.994169727670407 -7.298573019979331 46.741729000722074
5.62554545029376 -2.8255317063402443 45.145397987350435
-4.742663585891521 -4.655908928453041 -53.896287043907435
-6.140546352862598 2.076632875327258 28.426796940181923
4.276181626200764 -3.8867514990321506 54.13193158659057
-2.6292788287615867 -2.9528847684413697 1.1259697828880963
-1.5326085798449003 -6.301069575080206 -20.80440084045333
2.727015330908533 5.130278257784067 83.4518301530447
-5.660141925168832 7.672127319711545 60.088872402185345
-6.741917951196706 3.3278687264766043 79.67322976824309
-7.152204366999698 1.9892797281527663 89.42479096850882
-4.1064073188181105 6.547051581975411 81.14762237672282
-1.2877653768928 -6.945929631815325 -57.529463437560416
6.695069408911689 -0.6812676561837747 -37.30003566940494
-0.6722823479393943 6.383139675908348 -50.99228536754577
-4.614425273884772 -1.647264712822395 95.51337027543677
-3.5575477546789793 -7.944072198298318 78.23941461757562
-5.3704304498273805 -5.400751407428998 88.52089143167186
-5.601602715234386 5.330066792329376 -32.091925837926254
-3.3152860230921424 -6.066862692267855 7.579046113195103
1.20261680028 -2.03315660333 1.48564226103
-2.121327100016749 5.964212054230227 87.20826583912707
4.4896807405081685 5.2389305459500966 -88.86549128339993
-4.748427767131085 -5.097017014494397 -67.76759482945009
3.846911780711252 0.383112860664478 -84.67048664899914
-0.7055314377087091 -7.8581590715977985 81.5143453957497
-4.997839304415477 -4.707062070113305 91.32619058986559
-3.063101497553803 0.6532991219451523 -80.03549126837348
5.339305359239493 -1.7415599142984186 -30.427266140876668
3.347152276587172 2.012452839742453 -49.74480059390405
-6.514402791060767 2.121954223702727 -93.33010140633792
3.686011076024829 -3.248119174476913 -65.91585980766257
-4.239831165740407 -5.646417315901054 -36.40095095048552
0.8039882421939709 -1.7838212257693848 -32.905166954553266
-5.179328371502717 -0.683412488401169 57.320028407294394
-2.765584958053068 3.3597544995760775 -2.2256310120624208
6.95283783289 -0.414181459237 -23.5136034377
-0.023900287308499968 7.01775085842929 -24.924721662923318
-3.5259131318504595 -3.028914666168177 -95.46706312472821
3.4832280399827673 1.1252937722229028 -0.629667263451282
-1.3580758967059747 0.1624523206804458 40.19895333088416
-4.873124979323709 4.338618595029813 -47.455360373306114
-6.899606659872461 -0.14774171480331783 67.5662778567482
-2.5459140139344782 -6.063050978449446 48.984668504494735
-0.030335867823992377 5.7242096536589875 58.88901460726107
6.6576572665311256 1.0136706408565752 -84.27399032974593
-3.8736186251445863 2.4762138094262216 -93.92037426767081
-5.444742405711503 3.9417870625905254 -92.08179210874243
-0.3308362258837681 5.935827732427904 -55.44124744931183
5.657134319005307 3.7905450197192256 22.41928768195718
5.085366380308408 4.104995338463432 -95.10132632080577
-4.162127712425844 1.3896681749587434 93.91650085494844
-5.668084760565067 2.306614641329572 -74.78439121893983
6.910984111447979 -0.416737981796073 3.986199436491929
2.5081466320509582 -6.938420680340862 44.46946994411599
6.000123950153146 3.9599505311156094 -44.82142412265943
-5.256605786296242 -6.178976218057315 80.1241545997987
-0.06193463076804746 -2.684786629746586 4.308245896692686
3.6050440355541995 -3.01967924087994 -32.168352662341746
5.212435280290208 5.45909410113294 -40.63687854097135
5.365698282967691 1.7244319419566656 -19.779987589890194
7.5946651081521175 -0.5641841062491709 -56.69815543505239
-7.147283672178408 -4.074175800624581 20.62680584138772
-2.0246325655432837 6.375202257617098 29.42217058385903
-1.2470604265238225 4.03258186482708 21.3663523782856
4.265572629355866 -0.15509490236442142 5.241915401204425
-3.066879645968896 5.8993379222387645 -62.30998766113179
5.71198127658174 -2.725939208921955 70.55586819265093
-6.466046973772034 0.7109497641545857 -8.82809850927108
3.281372347904045 -5.7433872697948845 -49.1346453798487
-7.296059731736263 0.858952939041391 15.217021678580403
-2.026803242537107 2.7102727613661175 -43.745679463575584
3.1710870491571983 4.047296040042787 36.41463409267083
-1.2880844802858782 -8.148232180514634 54.55979165574579
-5.172510173253816 -2.7456580603522656 23.353836980545054
1.6751317364804412 -0.7243449370126634 71.9570981246651
-0.6165623473716904 -4.024360808398994 -87.62279542841567
0.41171667345194124 0.44847527382493413 10.995210367542096
1.6382777120579344 -4.454643409035809 41.88923095163424
2.4835095153362214 -8.658251271865074 49.932481008357236
-6.86900928111534 -4.298589295361702 -50.30418696021377
7.423789894010888 5.064873091960332 16.470074836797213
-6.788941425680264 -1.4573252235553618 41.40792428991941
