-4.327998910235225 0.686798345449994 -33.89954226407506
2.5323616670756954 2.1090314900532356 -85.45165999875377
-4.900727402334877 -4.077775905513845 97.72347082348678
-0.20590104974768073 6.820567842442539 -4.878103423383141
5.859672699473537 -3.154778975038941 26.479526008224905
4.381054913536781 0.35917531015730386 54.955055595650336
3.7218126042472397 -5.288762946432784 51.2805583179117
0.613029891454222 -4.090227166138296 -93.20432183718765
6.796493824242642 -1.0856283497816015 45.86399017672117
3.283328813749072 2.785337981520712 88.6370197258043
-6.1625769852628745 0.9733658977207791 -8.43552613305945
-3.370693515713474 1.6778334797865702 -37.50148251088525
4.116608076849683 -4.579136846958809 -28.335490003276416
0.4768234286374562 0.10441912084960969 82.86918121563497
3.411917082417608 5.8744779443072 71.86086889361644
-2.887530003769108 4.873992439429697 92.9028933435141
6.463283239147459 1.7343317873722388 41.00811922598563
-4.8704154155381145 4.415988676101549 14.093267011990445
-2.9712759353410747 -6.14231925059935 71.11397879899911
5.604867999952541 -2.2196348145394547 -71.47194657249332
-4.652808804018366 3.5604708618170577 73.84873530996255
-4.968836506841713 2.5143546526598364 -94.62150397964504
6.368101790706917 -0.9842161713037756 78.93550455349052
6.5364741718372095 0.11513198749799414 -99.70374584449084
1.2912761100643904 -6.332650527849456 22.690259367838827
-0.5975174487387166 -4.550858612024623 -72.6136676808736
-0.6446159591459085 6.7488377282256815 79.13138938834065
-2.4255888498459246 2.115017648096639 2.668291249753281
5.8212723066050716 3.2211149038173947 7.758685628349213
4.417764870060217 4.962807000273027 0.9216772720106132
-1.0608062024241935 3.981591032772074 -55.37998218680452
-1.97243988385423 -1.1779863772351478 -97.93891647178233
-2.841041383937782 5.739276742789501 -91.10935539431607
2.3207193726456166 1.0095540416883304 -90.15774138737387
0.9155107572057252 6.539012447841114 29.109082323766984
-4.19513709977021 4.87854912055596 44.00681548457193
4.221825368981218 5.358657500354914 -55.26538107759492
-0.9860421332643035 -0.7768451099556389 -30.94720574773843
-5.95007205406244 -2.049194757880065 -23.485783807228184
4.795487013656087 -4.908721594445891 -25.422141875531047
2.3465465023169374 6.311831644094372 -38.49501130434914
-4.181453922459254 4.988549928874735 -52.026005766952295
2.2604608991052424 -1.1150349709519891 38.14402644190339
-5.143494152100371 -4.326139526465645 -32.13754576538396
0.18024660945011917 -3.7528444220607042 74.38352393818512
-5.918514522991005 -3.2867348834451784 28.588233677134646
5.72032157562836 3.659314085127793 -51.71156733981163
-6.368195530831435 1.2690277968286123 -54.72857771665683
6.595894101768033 -0.020664967196832848 -61.69628078023186
-2.7862337358237315 2.1992817278778527 32.86971801353842
5.57905725606439 -2.724522421016205 -74.45802049809012
-2.637536942545446 5.545036415753387 -45.1449833632839
-5.8290003210434085 -3.4137248714197246 -14.345816052566914
-3.111920569866737 5.890107006462847 -70.32523569676161
-1.573012718470462 6.312654404335992 85.11398582796147
-6.047929939164854 2.6224141351064074 65.51968193484693
2.0084926723428986 1.1006353009047034 -39.55127604721299
-4.342195608391842 -4.904607800281657 -87.40379455802682
2.006922922525246 -2.27737383082585 61.538047918670465
1.1162385169857512 5.930583301726676 76.68068682134722
5.956235364775574 -0.22985987664440244 -95.38624417160834
-0.040369809541894064 -5.703582454166369 -42.15752414871443
-0.4212677312519384 -4.3329775894066485 -19.17581725523619
6.558902408268978 0.7823787171592734 -33.880272309202255
-3.0805289542308323 2.156449347147012 -12.49424126646109
5.834095508200562 -2.824610506395238 -58.87110829762778
1.4730526455502342 6.58407625640618 -65.66777418743568
1.6717275788808037 3.0725540639136506 -93.70711773355187
1.1603312592667976 6.649907721296565 -84.13738103433028
-4.742264724338413 -3.854936432309813 7.630138300806096
-5.897026686863318 -1.9588121035630854 56.277049816206734
1.8375351040474714 -5.831674675354016 -36.64722503996479
0.4969959388791123 2.132427842695524 17.283753638352213
-2.6414043060011725 -5.5246547438598625 -33.56607739234822
-6.182504477269062 2.1966630988176545 41.39664976946642
0.18606830839893962 -3.2288336124965085 -62.83028412698233
-5.781376499276956 3.3873515152606744 54.29950241958936
-1.7935633269537898 6.2997831344851205 23.31415103317502
-1.3338427822108851 -4.8484252620176305 -1.717762769258506
4.6533123707798865 0.11070734281283112 43.47116195405279
-1.1908047367194317 -4.33070979579437 11.82945589392811
5.28634115167912 -3.6068636389213595 -12.97422746425806
0.16465797027842283 4.284543729620696 88.8815627142636
-3.5039520513337106 5.204090759992881 64.4369838072971
-5.7614175169370725 -0.8976098856649266 -77.47595900629688
5.739131425562631 3.2977153636474648 77.93432565642972
4.878986015749804 3.97554971538619 46.00846045311958
-0.0035064979560419374 -5.263574666695463 14.547817812066366
3.380851978319608 -5.545131831802513 -96.72337706993756
6.348711833600372 1.5876222566769709 66.4944719316894
3.890976623090469 -5.391272694813181 57.96441448494473
-0.003407596435214988 3.0037712195105652 -79.49757326944786
-6.42448301104366 -2.212981610342576 13.984395738422725
5.529231875603946 -3.0731911190419874 -66.55500871025863
-5.156330059898472 0.7831382508458202 53.13737756776552
-4.838646899612072 -4.570779011041316 -22.150358154515306
-3.14048192042095 -1.6563817223567279 -83.23397124099942
-2.330465056862939 5.854613711017162 -15.565248901115398
-1.4899018156722335 -5.805146885549578 39.24341192257877
6.114725273930932 1.7503323199822625 0.6130772167957528
-1.6081284207634057 3.8303200624789984 80.39426298408486
5.814333522972578 3.212071868176533 4.255754712250133
-3.44009632637224 -0.8615854911571791 -61.52338418433155
-1.8649513855344486 -5.907827945381727 16.89875913255803
-6.687621547102626 -1.1157055465680563 37.83742484517225
6.292200735888956 -1.7244119255514154 39.91057858477164
-1.7312764293037077 4.343062464031657 18.864837285298833
-4.769734782010991 -5.066251884889681 -93.56315171080759
-0.43910510649698914 -1.5739881398772986 -70.49914902080322
2.7285486937216947 -5.564988737095919 54.62042069442345
3.435793121919481 2.086758891989498 -2.1386634665329605
0.6387843293965055 4.160971832395114 9.029483056053733
1.3176908358467314 0.31675701304454096 72.2461929033255
-0.31171682460021316 6.75936956925986 94.2328647139647
1.7292069455919992 -6.536190103839345 -51.327417590292676
5.911629114739795 3.258867095361849 92.9188017749383
4.24617167171579 -4.8344850626584615 -62.17078378840409
-4.879544618477692 -4.893377475496916 44.44064639076532
-4.191132153809975 5.092615422627827 -37.64043321148612
-4.56994792872605 4.906649594208545 -84.485673091976
4.235782552709019 -1.9074457842723513 14.11166779588514
-4.020602529416525 -0.6765680358486544 0.5084254193218951
-6.196159452598217 2.3208258051534436 92.4547665674988
6.641052586689003 0.07230731566389503 -74.92021334989472
-6.121273521476668 1.8500821495295692 -77.79962818735973
-1.7894989313362646 6.113438065286239 50.09254950456478
-5.317828794256845 3.8496870765219255 31.460869824398934
6.005197876132112 -2.9964795219534754 52.75224097771238
6.023728217448039 -0.766023162323886 7.228859840878503
-6.469158428453484 -0.059634692847467446 -26.69610848969539
4.992907833053682 4.492964940184993 12.06707418477361
-6.0634476813646145 -0.3023591987900378 23.600316180068823
5.365073629379446 -3.8787918034538444 87.03539629570419
-1.4037928986765151 -2.928386043149901 47.15471845490537
4.177901511216288 3.1123900579498267 27.40543997093595
-2.425542499604113 -6.135659747559889 -66.35428383614796
-4.241208902356357 5.457545208495066 47.89843199716793
1.1625722262376006 6.684995537200098 -32.04039114992457
-1.301693169175218 -6.661749117896655 73.6467444953874
-6.199241068433466 1.138929324036723 -51.64136796214323
6.033014449251407 -2.2671269902540754 -34.99586776945352
-4.683718296589919 4.8732207356084505 56.99606221672694
-1.59502091722369 6.621564262733866 -80.0440489242584
-4.371444958058327 -4.527629320711393 -78.03310823655768
4.496736576856921 3.5958517746332053 -64.39042377980168
-4.9697954873287955 -3.630025030947521 51.4106504509463
4.381024192413259 4.837566233617966 18.603653555307964
-6.04025437270952 -2.228326228162101 -62.91385926937172
-0.04973684499851258 3.666883317658358 -58.417813007362845
-3.4588414520357382 5.40836816148038 -94.3539097743807
3.632945923058917 4.746952422343178 90.79396138243666
-5.008509016875262 1.6257304604572478 13.454689378839467
2.681301876178073 4.769352753604048 39.876854898471805
-3.601409261804953 5.744386865890725 -3.678168494869824
1.9191100436806845 6.341540722859472 -98.59762140840525
5.67710687607422 2.0826578683668764 -3.9270510822702134
1.9338746370100286 0.6957524247796995 -62.60213009829395
1.0662415206896392 -6.443284232760135 3.2263778244416517
4.419557372621244 0.9063881052936645 11.973954634583766
-4.255053313883074 3.624289886948644 22.696780358058604
-5.489222361667199 -4.22887397371972 -57.85299977988874
-6.6802247437100455 -1.114651694609936 82.66197654936327
-4.748902039129623 4.668476977418142 39.076957296640735
1.8769653488084246 6.401211956547637 42.44356214190443
6.612446130932471 -0.33866543642254004 63.581284075507966
0.11114765291539071 6.706503108603994 1.0732451412718076
-6.048413125721761 -1.1996833426487843 34.38098628384178
-2.8859599590215006 -2.1945704059578865 26.881808841614923
-0.8752462063160895 0.589765519138699 49.5270406129133
-3.5269928629835836 -5.323545947326705 79.85677419899935
4.390548572017357 -1.2366880997864358 -25.535980646438226
1.9578366916804877 1.2082905649669848 -51.41486455859584
4.837534303643033 -3.3915152819603454 -9.016005561687301
-4.350026064802337 -4.780547024961156 -63.62371201453968
-1.9067790068621617 -5.541990136815276 -94.56280205976213
0.7918273010473509 -6.774511986586823 -96.20937775263042
-1.526203938675514 -3.101100927022054 38.22433715685017
-1.5987726882334803 -0.9389307063026439 -18.120663100645512
-4.530974693106715 -4.800203719274552 -7.27446612428573
-5.654239498994687 3.4116836506509984 -27.8301584283762
6.059360624217701 -3.08436068916687 58.16288647824557
2.1134501690731833 4.094633058474513 -41.58749236759621
-5.2194046807087435 -0.41157541894701566 60.24273137951014
3.889049256300737 -5.367099136807858 -79.74938660737274
-4.529605570300005 4.476151668041782 83.3384349340968
-2.036971813738042 6.40635205909328 82.18124910723313
-3.8479985695276415 2.9487454185367485 90.46972089714627
-5.789348357692814 -3.6492202357143997 69.9808570995579
-6.104336794037942 -1.459285113731525 -33.33226847389451
4.431345968913193 4.652945732238872 -59.461302616683646
2.385608908378174 6.351039902502105 60.63818583855586
3.1749976885554947 5.910399975914942 -26.11339380845721
-2.3396183427469572 -6.392944679200056 55.21430954026616
1.2513208378807783 -6.569204537736036 -67.23188733107224
4.96790421555621 4.1975765460824235 42.86049282514838
-6.615461414854181 -1.2512840612893523 -70.86237491160243
2.011043332865964 6.404091042206334 34.311368349216735
-6.206976144959712 -1.8391903768056117 67.16540172787937
4.008457101257112 5.543392241280429 75.37963926497272
1.0042308945658132 6.096393362363416 46.307142138505654
-6.7073620573467005 1.1292990876296474 -88.3894399103276
-0.3490276199090196 6.444967320246739 -75.54283249939277
0.1907797206366783 -4.842186394261507 -82.89855608811695
1.1147901910767621 -3.9180781321963565 -89.7037650612748
-6.49103897930491 1.9666045266738217 18.63208514034159
2.6385933026896673 -2.3972917483931586 57.558426405186644
2.149783083459388 6.246042655950064 6.29991870441204
-6.341548416152212 -1.6300270900801996 -84.75122434908359
-4.313979489731789 4.750221946664543 -79.53133274114859
0.05980454275972147 -0.41355367381766034 64.46434858956579
-1.5291073707868057 2.6226116636954733 55.42006187132109
6.639266314699637 0.729548520408166 15.950093924779196
-1.740407451158449 -6.6097067021821925 68.16813032160717
2.4929139879503297 2.045543281288031 -59.96670098814504
-1.8946600667480915 -1.1811468750166845 51.53178293307867
-4.626469852127275 -1.5331467890506452 -2.8047420165192984
-5.820964214278824 2.7628896172586765 46.03295161176582
-2.4640905632888224 2.6062686481619908 25.70723094407391
0.42294032672753845 -0.9778652869645854 -92.59329788486457
-4.5795117369333775 -3.963556722662329 -81.24189604047473
-3.153214812137246 -5.760313631236093 85.91266417543812
6.252004779789126 2.3058508308366537 95.62596165690076
3.2640398526740273 5.702720803794191 9.80582432931118
1.9538270146701482 6.056225930332039 80.60999331816544
6.361440218499113 0.2934030413646107 58.491148789582034
6.32318189784844 -1.2759556723732077 88.3699667064833
3.6923501911623946 -5.370142092492036 5.033983527484639
-1.1097583672234852 -4.580664120849372 51.48367506612595
1.9925599753655368 -0.5204694933679458 -29.05854647136606
3.197026479287732 5.777014240725091 -44.46869488974677
-5.49853548829845 -3.56266068301355 -18.6358496122272
3.3243557092465714 4.4995024466040645 94.98083239255908
0.7564531975890584 -6.738158604557547 -39.48938217333234
-2.295196967720618 2.4774327936096094 9.13457416398625
-1.3747410989740676 6.228654966554644 -41.6158618550207
0.7674000439979713 6.729196924496658 66.76348377165972
-1.4171336747135812 -6.7127963991356205 62.43735127552596
-6.147473136797198 -1.831790568623858 -66.36257034048485
3.5137319646025587 1.3257084750525523 93.53605373486076
-6.681870886806368 -0.8142307628133011 -29.973185347130126
-6.44758081420829 -1.5394687278901888 -81.43951593450728
-2.0685865710167493 -6.140889707639665 58.25485634579861
-1.203176487928263 -6.509500039196895 -91.22925141855298
-5.354295894955382 3.9567376437169357 34.55800939443601
-2.776200747271724 -3.459016234205845 53.73830019224638
5.291972737335901 -1.0938912105586105 68.20274961562471
2.673767598997455 -1.1802579032749319 -74.43566903186701
-0.8921491816727855 -1.5558053466504633 87.1333812993325
5.105212722756686 3.634485307119282 -17.709399655868694
-0.5887791165867985 -6.438499607458066 -63.93654504416239
-2.835390408923225 2.3446016211805953 -29.67565496899831
-1.9473735531157197 6.269005483729624 -8.736183280354698
-3.7370149944201296 4.6205777046465 -22.12065876527654
5.820021301092971 3.808876243077548 88.82095183080406
2.2473764288696594 -6.227200487371171 12.68978536988154
-5.503128929365295 -3.4986827605021564 -43.48208949929728
3.05167028433336 5.020621888109191 -78.32549323752083
4.70832672737608 -4.722595305335608 1.6775071373107742
3.0964143829226596 -5.5230643057872815 85.36922899645141
-6.4239257303690716 -0.380518885180596 63.87845637694076
0.6717211341786368 -6.507190161310532 87.99770094943213
5.657260229288798 -3.7523795501278028 -18.257875204019907
-2.1516380097703465 -4.774287876319377 -49.07622787779407
-3.925786764727966 -5.481562934165582 -84.56869697497606
3.6924619920418684 0.136189721332687 65.05272976893123
3.714249400247073 1.0753257403478935 99.9315550798242
-6.321789827472535 -1.9732967925870746 -11.630944167381976
-0.10733026931468914 -0.7047465227850966 -89.03911979961889
-4.829582445756204 -5.05887542859887 -73.40607266656313
-5.802330327846199 -3.4254841234191162 63.6615209695096
6.638378833464292 0.8146278061483228 -23.052734084554427
-6.716107493887937 0.562136309454748 97.02035901974168
0.3898664496245292 -6.451801917331369 -70.19748405159103
-5.299523790935893 -3.0550228235278545 80.6972553887898
-2.259041892671022 6.339262215714073 3.515010019493474
5.562153339805645 -3.765907275498959 -95.10847525818131
-2.6156483046820926 4.6144716326288115 54.04411331693338
2.1221772214575823 -1.9461494321265367 8.790812278615162
-0.7574911912685038 2.4593856881898843 66.1024901484551
-2.4515191842212363 0.8648948338372957 87.39337147553498
1.6150234406247332 -3.876681838901287 92.6646918691334
6.719418960073953 0.07694971333275946 -44.64911682352771
6.132715151898356 -2.7134515338185725 73.73299205925794
5.289197102752749 3.829280581760351 99.66522033913252
3.048771245098558 -2.4522592817128217 54.7539513352114
-6.099600589159714 1.2494982096504228 -13.406195636571322
-5.307358522688801 4.050403280617949 -34.48786942548617
2.6321218276176745 -1.7854135490560603 -38.127795989356244
-3.7545193164677766 4.51928840249454 96.10342977977689
6.332349439516098 -1.0484075400839015 92.37172518940126
-3.273506987003274 -5.587015408227045 -4.683242694449959
5.110258324608966 -4.374861849847012 32.36666881782289
-1.2283213437999032 3.1194958060396734 5.766395235094708
1.1002503882790882 -3.218035417659808 22.05202405798127
-3.033604495426955 -0.17094944310335336 68.62949108432605
4.698494844183569 0.09630400871017697 96.29235419981521
-4.090554275557699 -5.243241326888624 10.760530143084553
6.718859795998666 1.053251209452993 75.43433906488951
5.620164700618898 3.1446993952584212 -42.57682837762038
-1.1030394414952356 -1.511275107923303 -27.56835830291683
-2.0935339542918854 3.510762463570647 13.427712936149158
-5.200916577585688 -4.158583375578152 -28.71035261041014
3.1845024046027306 -6.008287674714454 -83.16927928943119
-2.233732548741962 -1.3922020351453765 -86.44294510044512
-1.1247857459730286 6.580478183514884 8.460076597301883
3.137884181091028 3.051743486568996 69.6741606319184
5.495577599912626 -1.9392534318620582 35.49137536567129
-6.514105716249559 0.9486118154814309 75.30856856307257
-3.9375748734991096 -5.48831653013459 65.95906996957147
3.0817853087977727 -5.798048722675105 -93.77467808915203
5.203214541184331 -2.6467172794697653 -46.07369996687478
-0.014329538052577362 -2.4784359828446463 -15.236130401713833
2.9715222346542163 5.890012982876405 -9.247862961336176
-0.9892144639593288 -6.245838954918626 -9.046692839376842
4.207309222344969 -0.8551706720201687 75.7106712537232
2.986893021098279 -5.800986943410241 -16.8659631941548
2.000542021701341 6.16203859133676 -57.92874427539086
3.235211538184966 -6.0319245570716875 30.19904487045049
1.7089540713851483 2.1155892263898646 -82.31568350266633
-5.80694350493925 -2.855036079040734 75.30257688310391
-2.258844917542549 -5.673633962685978 96.4243345335564
4.1270810682553485 0.19847988260825744 -58.179209990144976
-3.04443080678806 4.861866286770752 -76.07204087682273
1.2166346728462307 2.2798093265522064 -28.150672512743633
4.39140395914002 3.204000659431399 73.55354497414638
3.9543526855372972 -4.745137970092568 -88.97276651785911
-2.0473177318708293 -5.603406545441825 -58.07417164239928
3.3327579616169443 -5.497091091166888 64.06925000174088
4.311185496970934 -5.074360220566977 -55.83539614492464
-0.7683551707995586 -2.0808314428850525 71.99218909571493
-3.9305762866150697 -5.3692539150087315 -60.77144832684236
-4.543433641191099 -4.637530850606227 38.31727688255634
-1.8152960025412235 -6.414020499365795 -54.998651304329684
-6.110078190431285 2.0325713424299168 -46.63919988734179
-0.8854992266027828 -6.694145827515422 34.54494742152537
4.469759795668924 -4.9513001145662745 48.24896074132415
-1.8163257626586178 0.7746253073212774 21.625697604833654
5.4901349883373305 -3.3789457895102784 -91.38990615992836
2.0006107965134516 5.633812861725749 -1.176910750714383
3.971643963996738 -5.592742683585143 81.88509463933153
0.21399988590941108 -6.415990948379556 64.92914138902847
6.580877359668318 -0.44326973642498674 -69.18153703895887
2.6081916699530345 -3.040784770043099 46.17439757340155
-0.10883200837548285 -5.955888077778546 6.080970407385233
6.4565363511034715 -2.142184315363676 10.105206547297868
5.895419447915236 -1.1594325108556411 0.7043782534014049
-0.19070631528608684 6.191838502796437 -62.66094836067274
-5.757751757745179 2.3461593695879754 10.368918235582566
-2.089004346435858 5.911507910049698 76.27530111114183
-0.6052479363187633 6.350228762685461 69.63939283035137
2.7723741964296797 -5.893701635585986 -99.86339075758973
4.791234944151656 3.9656922011240114 -29.009759755114537
4.3662679927490124 -1.4545056385256752 -52.02608838975013
2.3891724930959217 1.7975111462256042 -23.037202718398188
-1.6120526682908851 -1.1182907209334525 -34.18991375298093
2.6842585400368564 -6.248588883681704 -19.64360411444366
-5.166052798088626 -4.130448373374881 17.903509788970137
1.209057162802815 -5.937372345166815 0.2752694255646678
-0.5808253260792695 6.0058117849389285 72.66130523622932
2.550543380438827 -2.8635918908173186 -96.78787620420371
-2.3279846688187216 -4.7330818840081035 89.14268355614928
0.374570805933385 -1.9865648377431238 -50.49388180406383
-0.46323513607324807 1.3180306080529456 -56.146139805846886
6.570699592604515 0.6687894296134739 84.27796699855142
-4.612513844618947 3.9740317922349315 51.52545165753064
-3.3148131706352384 0.1089031400814594 99.49728391321844
-3.328614390193909 5.764551426532607 -66.95165483525558
4.703510703501155 -0.6238477917469907 -2.964071076858052
-1.2831979430371814 2.974382792669604 47.06462486650532
0.07100891631180656 0.40477775668879923 -21.32367232624371
3.984901857122233 -4.6020738565311925 8.166665752925686
3.3338147870851866 -1.169676029368461 -93.1765375078771
-6.3161258197051335 1.4417210205146045 -58.28471967456904
6.475360810713945 1.1699647495155936 90.41705156680163
5.127354098124182 3.6633512897105946 -24.823706366447315
-6.678373562660879 0.9147368896759271 50.45582426479385
6.459281699999677 -0.2692180508244896 50.04511526951108
-6.624212581505419 0.8999752613764382 30.370910493153474
4.3130754548450865 -4.868146388474884 -70.62818989231104
1.043928597227809 5.978175338723531 -69.72906162039997
0.10164691242740798 -4.235636721752898 -11.506627697710766
-0.12158267376027093 6.595342442617643 -94.03203585961919
-1.9938818303573926 2.5215672331516266 -66.66025358907405
-6.719132141597791 -0.6228784949982448 -36.45996691900064
5.094619549111338 -3.7596365229249096 61.88841657922082
-1.446662068423465 4.192527129387144 -34.79100517714705
-5.949067931005609 2.6487535742202475 60.14554153510921
-0.8682976965326108 -6.303267097654304 -17.051864431120983
-6.2365825806104676 -2.5923724988780545 9.894488121601189
-3.783426814821447 -1.8291259109233584 -38.27737892277905
-3.2342875887087548 -4.107608607799375 14.758838713031002
-4.968935623720666 4.198478091852059 19.39675347965881
1.6459862951649422 4.396332643240097 3.975647490419834
-6.156111422541338 -1.8969306916713053 -89.98906679015336
6.399190475955115 -0.40911120169294746 -80.51552040231032
6.196092101598755 1.2864732312871223 22.912440878311184
-0.977911572035146 -6.4073529806048315 99.811614834569
-6.409044919914174 -1.6913211337480196 99.32756868882218
-3.362725350624073 -1.9540943913794973 -9.503304471679485
-1.403763911552135 6.595823955433377 -12.31415447085998
-6.540878594643127 1.7047577794108522 -98.14966298821209
4.941068465914147 4.283376222634217 80.39622832862094
-6.3858373699642685 1.3560001386897798 -39.544025201674486
0.07823679676995798 0.020718080773265528 -37.32545955927763
-6.025784832141373 2.1251474117883613 -85.27409216790383
-3.927657053045891 5.405845861940385 8.609201200073345
6.343403201292232 -0.08326900265359102 26.428617950235907
-5.272815798637901 2.5482738886070524 0.7090008761411302
-4.093681468383247 5.411977511171231 88.38368670552227
-0.4122913136335098 6.7944104533376555 11.613305040705331
-2.9508770897996017 -5.942401871437024 27.328427945186405
0.8109889948867349 -6.69346633687525 -3.962401151119992
-3.8543433873299575 -4.765275926832263 30.818320938648046
-1.096438070768685 -5.012691205854055 -31.310284108267005
-3.923966618163666 -1.2273867616496614 -55.76788048924299
-5.936575839852803 -2.798227176733381 -46.54662731145403
3.237774918693869 0.5331304591181624 -36.06868368372888
-1.6765368027465788 -5.809374629164027 46.30277678426273
5.2446114520217 -3.264027624578563 44.29838244656763
-2.79480931195597 -2.3484830664734146 -51.203465846179554
-6.282963924308936 2.662795281227409 27.419575068116686
-0.14361083392948393 -1.440241106575863 54.62985146913711
-1.7412980029125837 -6.399696059894605 3.442115541865493
-2.055696891643939 -6.305835232833407 -21.208377220658566
3.710618700808668 5.572534334628796 84.07134089453858
-0.8702760325956375 6.388933015176455 60.77541992880523
-5.968350600484802 2.8102647624695587 78.25776158882519
-5.586686168027362 1.6845377208142722 85.81852075759626
-4.429692596585971 4.945586255802978 80.40740092204068
-0.42581760524379414 -5.801386066929316 -60.59871696085636
6.83736675926242 0.8267265619944211 -37.53958180461977
0.3616044094732805 6.53372144503243 -53.14620442496549
-6.597244412522533 -0.21583115812426368 90.17899792423069
0.29672568758454954 -4.826378984342273 77.72571345024834
-3.7993501018971187 -4.319364448723763 91.87101420732856
-4.415070768255329 4.625889101066185 -32.05902577891683
-2.1603245434014458 -6.103810408471405 8.684835023221932
2.9824090869355295 -2.2596186547069115 2.5813103123266545
1.6694972054968475 6.2046732013722075 86.66807274050348
2.6177697517663945 5.889771506442729 -89.15126907153999
-3.7459829151826045 -2.5314647493895954 -70.95582504603443
0.4105384814715461 -0.8274229265080186 -85.82445135943426
-0.9026515975334031 -2.981187471753075 83.59985791370113
0.05169888840414854 -6.136024634783579 92.60320045602658
-4.91090406582603 0.8434173037190673 -82.4535452210609
6.331002003623223 -1.9597718042565022 -28.753491375233743
3.1798087679904032 1.3946419745857497 -46.80890189961312
-6.225047905156186 -1.4501146875870257 -97.54393078507692
3.1347811343034877 -5.90228150709017 -64.66247576559938
-5.298677637793906 -4.18832717691469 -35.587396677929185
4.843925739576862 1.9637903636627545 -30.974309149259035
-4.929332357751225 1.3745330338418258 56.987898399491
-5.727188467667832 2.2134225282553075 -1.9998333089783953
6.643242729366589 1.3764940771017855 -19.405253414988206
-0.1422724683382729 6.56866721169587 -25.587747085202615
-4.1918314505440435 -4.952133710479362 -98.48541020176613
-0.5601572034706561 0.047234538604176035 -1.2831075602814084
1.4984836433342674 1.816067184266291 41.81171386842499
-0.1415726169250407 6.098462701956113 -48.66487052485282
-6.386539999581804 1.8327604561002717 69.90222293969491
-3.3669303040216203 -5.835233885663545 49.29404605040556
-1.964148469575337 6.1564604825252145 57.8061414409391
2.7302013684945123 5.635173250729381 -86.48753634800416
-2.896683065838853 -2.003429577776567 -92.53737127764305
-5.487850198722255 3.9161318188333505 -89.5541616072726
-1.6365106664053624 6.270397485367406 -57.101349789850005
4.111888556373877 4.697730245069485 21.98865528711207
4.581367871151837 2.3160048670364226 -96.64319803006063
0.2582821106938669 0.017456562037073076 90.83715647456738
-4.9587091712683495 -1.7184775522325713 -73.57678986539068
5.93682169632966 -2.943511326407058 4.895575291033738
3.0821640323952657 -5.987349127216428 45.50074403530619
4.382464311905526 5.08922224269876 -48.82624682729667
-3.96446069055952 -5.316667662751077 75.77972459922323
1.0630293181134853 -3.3685516379142735 4.837963639013336
4.2205364787642035 -4.500458197345311 -34.27210745582914
5.265130649170273 4.47157695655464 -39.682577423271994
4.29135155470561 2.909429727511337 -20.552847248520703
6.584086059345931 -0.25176981321403746 -56.19091055585293
-6.340500353306218 -1.8340334022146434 20.952461568276025
-1.5566404615110996 5.333449065660019 33.39504021571579
0.9794372810734281 -0.2990217862515405 26.731240812416274
3.1364842449755503 -1.1986918614647668 5.4952189562173315
-2.684274131870893 6.123786286578 -60.705673320051574
4.58097721444909 -4.583366952220238 68.82201360742977
-6.585851336322319 1.3604464305660584 -5.468567706520372
2.4808560059330276 -5.424220285314036 -48.685975297966856
-6.6592368487388764 0.7911095074387111 15.876873658855043
-2.869011901805202 -5.507126166923568 -44.5517712552133
-1.2240988742692833 3.1071339035691445 41.024287451083936
0.3675572885532959 -6.787488602365668 52.85019433709086
-5.3508496046429785 -3.562027956478474 24.62227625714831
5.132589865854 4.402899990501152 67.9882859478002
-0.23721134897869942 -4.431654062414158 -86.18971568005247
-1.4720425556580934 -3.142166149659499 6.942933691093306
0.7254210798027074 -3.8994228813985297 40.41710441843815
0.21568946176871923 -6.765716192541281 49.6412393134208
-6.1209504155816 -1.7511332310475214 -51.54387884066297
5.634644370184555 3.7185691501015627 15.26785205424839
-6.681431124022939 0.07114356851316656 43.68989854404858
