-3.6569001723986667 1.87129319200676 -34.34012494200202
3.524007787245703 2.549584328768274 -87.12797989028016
-5.346855176221153 -3.54046731128257 94.99014471018492
1.0414456076051302 6.7163846158036185 -4.640465020522883
5.368876101966804 -3.005318146174071 25.74331871941331
3.6993305253314768 -5.0328019227199245 48.36857160993482
3.5491146361992363 -5.470896097576551 51.62630202007889
0.2306650183435422 -1.673964547733604 -93.57937224191635
5.90800017722948 1.2114138632630105 46.579772097863405
0.3357651848809773 3.228942428453955 90.14509106437445
-6.334258178491035 2.5256069596242674 -7.816688779573126
-5.526382908523586 3.6420852177727845 -39.9810428490916
4.586834515498375 -4.795146821164474 -28.05768724874351
4.002263717929085 1.4299352604711701 87.48250595726147
2.665799719948503 5.858644148192849 72.18139610014802
-1.961314515708754 2.612997709974499 95.4423701465342
6.503502514626842 0.7720925635120826 40.032799989193876
-5.269537799197485 3.3823544347340984 16.692554619844948
-4.443111232869946 -4.173891226037339 72.12118445509759
5.812128254067644 -2.853051769672551 -72.8853539060593
-4.61334076651441 4.91558771499109 72.71212769340588
-1.0084169956161528 1.2875768584182492 -93.88096372684444
5.946916108628538 -1.3050539500855074 78.67840629411644
6.008981340327497 0.6235113923343263 -99.88066843604119
-2.5124671902079925 -6.168447072975624 24.359537837882336
-1.0105773820846675 -6.309677663400744 -73.56372782216182
-0.5447046356249067 6.344236997289177 79.60259660308766
-2.315338981466477 4.071890191417002 0.31429100072067906
5.406215306127431 3.1229726343580126 8.503029621065252
5.264268818546615 3.8065517916362768 -0.9708881460270455
2.797073148478753 6.033238760994753 -55.293462707948294
-2.3479254602137463 -1.2226228743098246 96.22622391236418
-2.8156579648515225 5.898585309819391 -90.85343680307452
1.861791380168684 0.8226494954826514 -90.04102120214685
0.11109625315409195 6.404080497708797 26.3204273947816
-3.1130890025912152 5.761304762074432 41.74986739489147
5.009562182927706 2.1147315312290678 -54.64416603536224
1.110640686841653 -0.06357821527999752 -31.69679561188484
-6.271145778321967 0.12030924897255091 -22.94410904329705
5.096328414496188 -3.315863213949794 -24.99823973741638
1.2756038521815007 5.780934446418003 -38.77816402807296
-3.0286082540551553 6.052390504439125 -49.989274252096216
4.085483894990997 -2.2727793151988034 35.76898988507046
-5.002021299917734 -4.46209403808264 -32.15041713601095
-0.9826613168216077 -0.1876770733786587 71.33732521241414
-5.77178128495588 -3.5207171272667326 28.039994590884778
6.687503006306633 1.4523277131376682 -51.151072492976546
-6.810248854394419 1.5198725847764556 -54.402501172026604
6.724170645950791 1.0202700998465055 -61.12698649229323
-2.171278253500166 -0.6211913910763396 32.97566709915438
6.4455206452150655 -0.0501374234894143 -71.11560945856142
-4.630105791394461 2.585622663149799 -43.4928184191476
-2.150473305425017 -5.794162505091252 -11.776713918007506
-4.731490266218898 2.3558315378306105 -68.5274640755686
-2.1419718784603736 6.227924799047845 85.36692981161002
-4.838225263618742 4.245400950396957 64.36856426466144
3.0968386369815986 -2.1107712238178693 -39.37351924685352
-1.1207193127586697 -6.531748800274222 -85.97498089227301
-0.943571575812354 -0.8182334808891562 60.4022296675302
-0.5948536218179843 -0.25935566417714717 76.45393399074008
3.34538283389933 -0.5115073603032841 -95.07992446537024
0.15840091950655072 -6.543542883638655 -42.256580151916154
3.8069601999810017 -2.2495782626580882 -22.093656029115255
6.749332434971085 0.6255141682217042 -32.47951499460481
0.010687748333419567 3.9362694468714143 -14.605114806569215
5.942032584685255 -2.4379376818056033 -58.01639336767908
3.8507785144951594 5.374841048280131 -68.4683225081402
1.1070107832285025 2.8316494633008054 -92.05391084084748
3.2121862082117767 5.997056836483176 -80.87434232517643
-4.01226540481697 -4.887693428685164 6.9187448279050745
-5.964567753004722 -2.4395507893689787 55.77486291599664
2.869833979264539 -5.377043918048726 -35.71836578914372
1.5914423449884147 0.7641039797245514 18.30559903689174
-2.1088354585317837 -5.940846468297961 -33.311216569667636
-6.5686215170602535 1.1549330907497153 41.24902297576486
0.14598414861951364 -2.7316028097624514 -64.11753294743046
-5.887492183604722 3.174627115505841 54.40067155542473
-2.474912031614144 2.260766271623184 22.96990149285281
-0.2347262101522271 -6.637465816995744 -1.6949716972515818
4.246028150658026 0.106771423372992 41.84308102031486
-3.1926086114931724 -0.7323264080409426 11.630361067841497
4.853424667884539 -4.449864387265211 -12.727706042887672
-2.2628437392459757 2.006754860664622 87.21797548504709
-3.342963000822532 5.80548136315411 66.71463808180812
-6.4375729013166065 -1.7892836609927933 -78.04417506981889
4.60491325178281 4.525205534938428 76.99883359591021
4.507955139128098 5.021320082578497 45.803115990678414
-1.2067962377436032 -6.045166289218535 12.704094719166616
3.1516326604864955 -5.49358446493979 -97.31916440262164
5.81921362271498 2.4363174545339237 65.45899301923198
3.9441218420296718 -5.142669105316266 57.866755955695695
5.361994299613902 2.0813849741036115 -81.97904573031859
-5.54906302029891 -1.1844960446850763 12.982463084151064
5.072457281122593 -4.015189698712267 -66.16726065750215
-5.706617444560121 -0.2703560477229055 53.12088058361192
-4.830913702113532 -4.427083813224134 -24.014030006614956
-3.983783976608125 -0.14660820267709224 -83.95887158150647
-3.745917023359532 5.151077563509813 -14.993029002650319
-3.0814867670550057 -5.412038373878115 37.50102129712395
6.556015723100175 1.6629310324439224 0.8172093879991016
0.7107319237163499 3.297487420699459 85.75655780251208
6.429460203943434 2.1917198107327667 4.155644281642482
-1.0555588493458448 0.5946828263059438 -68.6508853191468
-2.9533254010115346 -5.864115548296249 16.61857731222747
-6.774967622496425 0.07583417706351038 38.523243712196454
5.918447505756633 -2.8055631685015707 40.38315522908295
-2.124050490740944 6.1333712059094445 19.970631515157823
-5.575515338697147 -3.467053327190004 -95.09526913674249
1.4473252828332828 -2.4115993265645193 -67.60584188601447
2.3065934241442263 -6.359740832895339 54.816797842054505
1.9066253294959312 2.979434408433833 -1.2762294183410008
-1.4437527786905466 2.08868575797446 9.708231433880261
2.0895441765979728 -1.5879367991432174 71.17518689462938
0.7882351283746745 6.588801763016136 96.40712633838511
2.5925474078921953 -5.047493900418458 -53.75619655599567
5.798686184256011 2.4499049789244953 93.06836201242382
4.1254801091850135 -4.815847787657892 -62.217469385551546
-2.6537363796776736 -4.958349050940225 42.52281606392518
-4.669526091666599 4.799040000410185 -36.99502473858564
-3.9955907571527187 4.714337961702558 -84.4418834273577
6.053326545021796 -2.7524245017320874 13.578375267423711
-4.397462549969532 -4.79473628910425 -0.09462977354141355
-6.286859575040607 1.4683154749180294 93.8478549270341
6.569595837722704 -1.3855181477541922 -77.6383655244724
-6.373451418171437 1.5385880511622176 -78.45373176141524
-1.813107471786933 6.2446864915984595 49.237478919344305
-4.786665294326069 4.509742448904886 29.76969315807413
5.8198893628637665 -2.210897610549267 54.66471433230406
6.327432859354305 -0.14438933069213863 8.079370323807067
-6.146980229588686 1.981042840607365 -26.478078860590863
5.38644938013484 3.6505789199758842 12.205100276043744
-6.770693568248831 0.12415208582146076 23.943294197748386
5.556789194736834 -3.5228708434420675 86.52801571527375
-2.467067285106298 -2.7856161698797983 47.6137804856056
5.553103442100383 3.608168185156642 27.663681893231352
-3.1342203638304684 -5.997155348633212 -67.21931986318837
-4.428528263190568 5.063068513843305 47.920557788109754
2.2963901509165314 5.974563420954906 -30.936238917573004
-1.4957670040305842 -6.371356982738306 72.24222725902759
-6.2137754049697875 1.9307979082274638 -51.31605129803162
6.38979921292969 -1.635500227136732 -37.02022797239679
-3.4891660841307344 4.917684413325498 53.76229674187108
-1.7971638331641941 6.09235807470034 -80.8483711829892
-3.816090767521787 -5.078149181640768 -79.0109512363305
5.011179380313279 4.468574195649966 -65.46360224030789
-6.124236288935244 -2.798405822104306 51.80629051903672
6.679860215487357 0.0322809222261089 14.252231866579232
-6.598290358514931 -1.3706103806949197 -64.27596905151204
-0.15646743334476093 4.279179225950328 -56.540807722367376
-3.817382214652985 5.123426507495977 -93.67710517839383
3.9537884360294258 5.057546472633341 91.3257326364922
-6.076676382022045 1.8843766315653911 12.308794690470338
-0.001728077367639691 5.918449693122349 35.23934139112289
-4.464121249594918 5.0152593409776465 -1.773109138539633
-2.695984373029006 4.934715713961641 -97.97336455553872
5.975992007078913 1.151239761988401 -3.6562740284767212
3.553554877765662 -0.6093890649283872 -68.22345662903048
2.286162957356401 -6.245583226612918 2.3317286255489442
2.477391490136445 0.02988090648487618 8.711091648819696
-6.2071931301749546 2.630349375494544 22.521469726017543
-5.438306788126727 -3.5299194536676963 -57.55334405908548
-6.5383025700702735 -1.8527512298757776 85.60342797021616
-4.1831344216665105 5.134083463302591 38.948785607497626
2.3082736472824763 2.7264246738217266 44.1455616158137
6.280878713560052 -2.1766647526715377 62.173450887538245
-0.2851353713716309 6.457520263179017 1.6576360602567675
-6.450396887112274 -0.7682876049676526 33.504062782146676
-1.910819991483464 -2.5642097596030293 26.236153888082885
3.0936095711615352 -0.6719258530627868 49.49820658727025
-2.49721603644085 -6.179319613662836 79.6769666099827
2.679994674427672 2.756208099861821 -26.298627878245924
2.068199245821288 3.14105273805318 -53.07884896259757
5.813943555205614 -3.5206360474535363 -7.028299431721695
-4.353491300206209 -4.092496532148401 -64.13714840556148
-1.9422819713086894 -5.246664705412355 -97.80967594994118
-0.602374725558565 -6.764830565651722 -94.5710517331958
-2.684582616741202 -0.06618539020566098 42.91373125147529
-0.5383373106329514 -0.6593307190735624 -15.099135579594185
-4.759428852913779 -4.592567817812293 -7.371067185902631
-4.602382542878733 3.7345638782056723 -28.71327748023211
6.131579069664518 -2.6612150329750017 59.00516631550336
2.5084853002809844 3.643063273336887 -41.88014469416123
-6.755294418626326 -0.2300015182237335 59.393039265102004
2.978146456728525 -5.488613944708094 -77.61858482421032
-4.611649807143252 4.634326228385165 83.87095109845336
-2.0821703111776455 5.592685396928783 82.44383253358082
-6.23277074610375 2.207361908987523 91.02628746047883
-6.102783999167581 -1.3229454388866593 71.06660451936393
-6.30872237146882 -2.1030064134531226 -33.504704902404946
4.753375824649736 4.120479943765075 -60.8902159132545
0.4190365621304512 6.4425068851172025 60.068946957475106
3.2181946621350153 5.632804895542802 -26.428677291735404
-3.2633484587394506 -5.803040699558951 54.659266835062546
0.4697044838723906 -6.481293370055725 -67.41131750633659
5.823228718211122 2.515536316421858 43.16946129013832
-1.515411854220488 -0.15175380794459925 -72.25212848348667
0.9098336294941467 6.779134473996805 32.37662386803348
-6.190745103573689 -2.3425494756126755 67.85487013588053
2.091538438520943 6.490299729929475 75.22550628450534
1.3611672762638074 5.89434956345327 46.1746503919011
-6.5843384125763516 2.006849295245981 -88.08237462116523
3.171402344398734 4.408461382784909 -76.58098413460274
2.6019212457783363 -0.025212473530390245 -83.1885673354469
1.4812603919855787 -5.078074042262649 -87.90899035856751
-6.123794493804868 1.2365812313951112 19.791164589788274
-1.978470890342017 -1.45126013758628 56.44875125744194
2.904129733826942 5.381898223433782 6.208590152492684
-6.035147589010186 -2.2783812582094285 -85.7998962431908
-4.806113712187095 4.1803627733631785 -79.43527485168839
-5.236971447252591 -1.7360014360369294 63.851693963401374
-3.635158610398914 4.332366769613407 57.08624060225886
3.5908801295917425 -0.728277120962348 20.977141799530227
-0.9997169440570067 -6.036355851191763 69.2480291875274
1.607701101123773 3.0696901538330534 -61.404017379810405
1.8792870872598313 0.5948002309319805 54.980990605176466
-5.5602138305430335 -2.9158327597448013 -4.936242287153625
-5.995620597507393 2.8003200840415094 45.89006714086269
0.5999283400182261 -0.1279700593198675 26.387445315615736
-2.0635104398933186 3.2255319763580057 -91.66616708151184
-4.8141659915232315 -4.314509166048326 -82.26296810193215
-2.787962285548584 -5.7165415267373625 83.46127943119158
6.195000254876724 2.2699548336682143 95.85113061891931
2.274169810799969 6.321011941694629 9.376159667637447
1.5412311111610468 4.036903181975745 83.00632872181616
6.667957948953886 0.01928631388812785 56.91936671136868
6.445679282822509 -1.7019153114199979 88.6849098356054
4.569535600402004 -4.8379931723365335 4.967989420983544
-0.01707047812026472 -3.1706852716230953 50.30585967980801
2.3822160834113584 -2.1016416734636305 -26.64191291462607
1.4909070185057025 6.6297350662713495 -44.57912108507754
-4.663344465055134 -2.8505328323882755 -20.013985436899215
4.8412354306810546 4.836892652489385 94.13567748453708
2.30581748803286 -5.837380364950311 -39.620065068620406
-6.545260968292288 -0.31102225038839304 2.991961597588005
-0.5491029948347719 6.276981198557728 -41.6851776692897
0.5872257895605374 5.649078060434998 65.02094327423602
0.2012895851581129 -6.444707260012803 61.733191874256796
-6.51009086027732 -0.729426224197661 -67.52612653386679
3.5421428500220653 0.5320835582914237 92.3290936684471
-5.5864802827999425 -0.09375568200421515 -31.3309410747241
-6.427443291736926 -1.0849863265904471 -81.10992922037245
-2.0448089336985413 -4.944325937014192 57.830398125848056
-0.4983177084968302 -6.734878095719374 -91.22087666034236
-5.137315680660956 4.307430611279016 32.49732124216301
-1.9676396438870871 -4.067511602032682 52.49534070138027
6.471883826751463 0.9635864278502497 67.82482962920453
2.4913573645435068 2.5181912871310823 -78.37562359946607
-1.58030223492593 -3.1513342196412997 85.68792136655162
4.088622608381747 4.802436678782718 -15.903250279829818
-0.15601756378700454 -6.622250419978986 -63.262801844588125
-1.2814263268040793 6.446655570608231 -29.61559363527793
-2.3116815946625358 6.2672109103575595 -9.475105351586885
-2.582962261319732 6.334847724874997 -21.972058014022608
5.278228625132584 3.9771585528181936 88.3176562366273
1.8529515118596345 -6.332124709601237 12.24541683597073
-5.83589692002721 -2.9836537870245294 -42.95623688203067
0.8610893879831387 6.647230841454317 -78.97244835718807
4.718962228907294 -4.519662887412 0.13239838599945425
3.661023175752002 -4.506406093846959 83.96062758414139
-6.507406157319011 1.2702222331337252 64.03329490611382
0.20659133180323497 -6.728485696348238 88.29531666876876
6.138812015547328 -2.339930685995959 -19.806367970774506
-3.1029099930287387 -5.895796103786383 -50.72266030935502
-4.564613993923758 -4.705386856211232 -85.2307212627306
2.710138723619663 2.8463433769346675 64.82279130341772
3.333843688304635 2.560181791555942 95.86852717189991
-6.175284801698268 -1.2655195533647285 -11.433070208211785
-0.5762194851609994 -2.205119149917853 -89.28423875060825
-4.545730425586154 -4.370016551328473 -75.24659204793439
-5.621768367244174 -4.030457063056452 60.08135456603648
6.194723243263879 -0.3728912976923011 -23.281197666170808
-6.229474438968931 2.6708584730384506 96.16427396958635
-0.61553581714483 -5.503028110220651 -69.92808168647171
-5.0203948529124025 -4.230427208582399 80.7512342677809
-2.503491381714295 5.624441581173394 3.989737567457555
5.508355260782423 -3.6288759525216614 -95.3327522134875
0.6530561223110228 6.47497500523666 52.30850773795745
2.448046981629146 -2.689588993150826 10.851307808561003
2.564740605253476 5.323083974570354 69.12341676510987
-2.439729289284306 -0.4015222695533095 89.45467565597988
6.715269993727306 -0.7586256596361131 93.36861274043376
5.590085747449104 -1.9236316550218127 -41.841834755507556
2.848066370211095 -5.123479290218545 73.38042130690528
4.604535732128005 4.378115736603598 -98.85432789986686
1.897354986578864 -2.5142133791454064 55.493320291289166
-5.289442816126997 3.4443616508700687 -12.14289657658029
-6.16437367411621 2.9034312824047164 -33.02917268378846
0.940389462899144 -1.2313650261967473 -42.54617870197473
-3.969903998566674 5.372307208015567 96.67405808579629
5.700153800854084 -3.128467408855199 91.37823570587511
-3.496542017766547 -5.735745024684567 -4.622388814373717
2.462593086116218 -5.280781804915433 32.65528477052903
-1.3879660276326868 2.3280900883925115 6.607574372902974
2.14140929164998 -6.375315241495009 24.46566541985658
-2.025383466156805 -2.5990421695848247 68.7478305505335
6.427617010734468 -1.7795644483942887 98.35498504135286
-4.166423939335834 -5.516995616538792 11.124419561863448
6.618146553440053 0.9028924713840252 74.88581513208855
6.009986642278798 2.990959541647508 -42.993742997381794
-3.124058353376003 -0.9493309182518432 -28.201380406076275
-2.5607473210898695 1.9975595642562827 16.023264341167906
-5.43130697674689 -3.7708627046911345 -28.978144724925027
4.53994328474454 -3.6224752885360187 -80.55540329327849
-0.7989927100492051 -0.02861702494535262 -83.6947990260145
-0.8908697986269158 6.4463318804423 8.817369718252
0.38005159274451494 0.5495463394623249 65.19025860866847
6.115206580068348 -2.4340232591527204 32.81550396922091
-4.994565864559537 0.9196100442557532 74.76864598120214
-3.291276376755179 -5.674941020843504 65.39060718344166
2.899751628222528 -6.028498626043275 -93.6024166581594
4.443752904646657 -3.1969768435656607 -45.70870472746897
3.8654356553550144 0.37474626679560885 -12.438860566837741
3.487236296290985 5.128163505206689 -11.286882572084716
-1.583732430335573 -6.51832964746526 -7.858757491646671
4.879312920856302 1.0494801443313677 77.31093554741756
0.7677342389834267 -6.311945355590587 -17.971309207138184
1.2473240516368134 6.470499410794488 -58.69280753848051
3.1127188151583964 -5.482746228258306 28.926568037651982
5.72105959036211 -1.9811258100632276 -84.74259986907445
-6.034579421445232 -2.300108411054093 74.86435973999683
-1.24559132266025 -6.666018605200183 95.89530394187251
2.920632777794909 2.537883749373374 -56.969436474335126
-3.316795809304642 5.68838770649862 -76.96609546059713
3.669312296754224 1.6245270309450928 -28.75695455287516
5.904765110704609 2.3133780425957586 71.54118297090619
4.5015032475265775 -4.891224236557098 -89.22058058002769
-2.190668986414779 -3.5186756733407325 -57.303576986103074
5.1451085222971376 -3.563483944480466 65.68337115699558
5.529431655344821 -3.4030906737531623 -55.01404245481375
3.384649934386152 -0.2060725992110708 74.13526310365121
-3.302776227648738 -1.2463914421317164 -60.488441303799426
-5.223431544364572 -3.8143997517141575 40.783601774943236
-1.4902314623920625 -6.530839761057533 -54.52620271219413
-5.563372498086932 2.132376601480013 -47.8261252438952
-0.5099679544216935 -6.5248743690685735 32.80225680564591
0.34940466130891357 -4.110416506192318 46.46567012563956
-3.7297905783948986 -0.5899197419224271 18.43238128425097
5.832395606228905 -3.09832383588811 -92.38900061717743
2.617378892786516 6.14973587595632 -1.5713037312145364
2.6645423307068787 -5.226834904562363 80.6114692896506
1.5961271418511203 -6.4653932066376205 66.17431839165006
6.780310888795376 -0.3914275648292178 -68.30560563162854
3.227819108087831 -1.3749096084346573 45.736731550753426
1.092787699890867 -6.6793320034652925 6.530252058535121
6.36348911595317 -2.2729105304305164 10.165610311577979
6.0272683285386615 -1.0785837877588225 0.059880872183574144
0.842377273134624 5.948391839461004 -64.48888436276702
-3.6848242425750524 4.924843560575387 12.786223479022318
-1.4355558212895496 6.093448223882569 75.68811694835144
-0.4534313708762677 6.251542538513862 67.72732054031927
4.255609141805059 -4.376276095105254 99.64801058485803
5.112426573813195 4.5484158558376295 -28.7002841349922
2.8241643891684576 -1.421479536081287 -52.06305934952668
2.6779194913288307 2.1161857196968485 -21.54132182401741
-2.3738120638644626 -1.7775466407507263 -34.4724617246838
3.7533696342992244 -5.636434110671359 -20.72525369638599
-4.745588703858083 -3.8158112747001454 17.714012140259864
3.5985716468332196 -5.735404156983251 -2.791367942615308
-0.751311072344288 6.679081692533556 72.26368398691923
-0.3506942420432549 -2.7372839959893707 -96.96350432967088
-1.654599585507247 -4.266804907220529 89.26952293551237
3.2228681902343563 -1.7290763003611824 -55.09735717396074
-2.464208128973362 4.706075372147938 -52.56278773268588
6.531714935153452 0.5440957122728765 85.68505693335375
-2.90431600882298 3.3407082851986507 50.69434996346228
-3.9204760076748317 0.9804946967088156 98.94467256718849
-4.311269708606402 5.129245156610486 -66.20727569094743
5.475536051812021 -3.7641453053958323 -3.5208939137613844
-1.4314158529919845 0.8186432345940252 47.61475242725403
0.9442679726625326 2.764409751100071 -17.618943552268167
2.927943602411813 -5.9097741253961535 9.305008210978698
6.605803394929907 -0.2144062636167973 -90.3968879486881
-6.082709075541584 0.13828901195891297 -58.08204540476021
6.828326357506812 0.8682633452092583 90.34281294933413
3.7979978371630785 4.921418573483225 -22.936280003033364
-6.246227315812026 1.9426686113405993 50.669040717122876
6.627808051800281 -1.3070683208251126 51.214796891743546
-6.531333019362221 0.5476991353424817 30.239082520676632
4.998171123336937 -4.543874813023659 -69.65435941904452
-0.43034756353987585 6.546951054859363 -73.07850019635822
-0.38514302683289836 -4.802467452430579 -14.829082528466781
0.07594804962525452 6.554811640060023 -91.42738086289506
0.09590759427420736 2.497728973355319 -71.1021962686142
-6.699177990437644 -0.425895263128044 -36.27721128877032
4.586523201276421 -4.688692456435155 62.200479672600665
-2.9420494738476894 4.816145677887443 -34.41793226385131
-3.6918874482989943 4.982713878072359 60.26376754796564
-2.4510099814894932 -6.10754000651161 -16.754374708071204
-5.739418091835186 -3.5552912582001186 9.497192822148424
-6.236577686276344 -2.3012777185717708 -38.694123962944495
-5.570217983398857 -3.9713856392513307 13.845380750686921
-5.036921801918939 4.558957408749235 19.746094336719054
2.1250926852993386 4.84628336644301 2.5490260671247595
-6.370547281970904 -0.671953426043789 -89.91827113713741
6.2993320093788485 -1.3598141811968896 -81.28045496317621
6.717649771110845 -1.1346503034959612 23.034484182404874
-0.015580809926832587 -6.829183862688511 -99.91166190208193
-6.712417593060964 -1.2729703550204632 99.41366938456767
-3.3934376470972247 0.4821219915005826 -7.809659214019203
0.6375540198634826 6.022581931845242 -11.21615829261736
-6.232351595267247 2.1394752693026153 -98.71858021894874
6.160841193212605 2.6082897355824217 81.27032288259161
-6.3152645190605705 0.6323608808523916 -39.46721823721314
-0.01823769668800833 -0.8636089759287162 -36.569908482396485
-6.615360579066247 1.014085244126188 -85.36212351559331
-3.940466013221193 5.418458619708047 7.498116914779545
6.550701455772919 -0.20663682534729055 27.623842579189773
-5.960037557552365 2.7231724367772143 1.1357876119040795
-4.52621413510635 4.9848056603996955 87.7508441177156
1.9310777320395434 6.290953686181771 15.363803859351334
-3.2286154498817785 -5.542575514638387 28.797834727457424
-0.15322917404765307 -6.602476901682265 -5.10898364270962
-5.217128923553915 -3.284148475638278 33.84197215016209
-3.302737614581862 -5.689221726256189 -26.86532938567318
-3.9693292454590003 0.34157867565894584 -54.96705154732172
-6.185143388350726 -1.247668968324462 -46.591205066624184
3.567792475243601 1.494158129543354 -32.97526760959051
-2.786037600530196 -5.799260970892529 46.29907499077827
5.849917714686621 -2.836734390511453 44.54868420149762
0.32237068730970664 1.9350862423508772 -47.5711660261049
-6.063018020001176 0.6351863267805936 26.76989953420666
-0.6849336323817639 -1.9837961498014223 53.84047043705263
-2.2487456055215738 -6.246440993601473 4.747539448391115
-0.3787727286758763 -6.902878863868277 -20.572616352205795
3.8682504240499074 5.179225158685562 83.97002024528466
-0.8002541874749378 6.71454947820999 62.547226528064
-6.416780268664419 1.3822501566204242 78.12577870164166
-6.019944478349597 1.8815390051573304 81.36476462856706
-4.355582216030645 4.858194667415568 78.41028414935309
3.23312467926388 -5.8374897329697735 -58.92190882901403
6.039333905382613 0.9697128813788546 -35.38382274763233
-0.030882713343900633 6.627418909667176 -50.349526063498715
-6.653512736375401 -0.7191304687569594 90.07085339169252
1.1166693676201018 -5.321014517165933 78.02745496376575
-4.407164884937096 -4.9822130302928 90.79606282701624
-4.072482474114736 5.376877624553942 -31.34417950583592
-1.1952861101224506 -6.2220660495664895 9.603973443629668
2.7313514120216635 -2.7503294528960263 3.119459814058595
2.1249410249485914 6.246056648856859 86.98464720099315
3.7451515564778135 5.047445453262334 -91.37186296166186
-5.202724795551048 -4.024183517664461 -69.3594864233769
-0.5244407337765018 -3.610734476387516 -85.15923873931554
-1.458980084174595 -3.5612194729444204 80.93590309139242
1.277650749748219 -6.55030107757992 93.563132959504
-5.136534226143542 2.596565009774745 -81.94819162364759
6.2248007159594865 -1.4952682870818876 -28.68273029599223
2.6500226609076565 3.5053794553573825 -45.06514095683425
-6.363631119480897 -1.83795902254623 -97.93456189691454
2.5100509889468774 -5.7164028092973025 -65.30403083628943
-4.422190667599908 -3.8467314719188788 -35.397592407819296
5.306169138711366 4.325001065528896 -31.69537063547475
-6.550171101889116 1.7407844390735328 56.938926145143455
-6.167892900353255 0.2001428053845044 0.10428525756561213
6.338437308351528 1.7929587729964844 -25.324032575298023
-0.39439432735199037 6.27659309085301 -26.23084405880952
-5.104428373151305 -4.212277560729194 -99.07186337077648
0.18077819618801555 -3.7811905705766087 -7.516783650775664
0.32562287725882033 -3.410058316364058 37.83942073871563
-0.6526730609378967 5.805618234192201 -47.307046161196695
-6.058305863329957 2.985792502162374 69.61712562945307
-3.231913860108695 -5.72543728972715 49.4430678166569
-1.2915333992486584 6.203368939967868 57.29884102607918
2.8641681812798736 6.202633412176078 -86.87420941807694
-3.727594585919739 0.20960886810499113 -94.06762417829225
-4.775108110758153 4.597355964768335 -88.63790641083015
-1.6986721529643405 5.843833816360206 -59.77451113430343
4.04573039495217 4.5343327186576365 22.963814219551107
6.126036942066221 1.92937967985963 -97.08973054120958
0.33079733898637365 0.5777861539636506 93.70056353813227
-6.6579591757990855 -1.6915663376631491 -74.14999680647121
6.097610050153886 -2.540247728356517 3.0778214793506553
3.3562260447473022 -5.997572225293231 44.329287962659436
4.927889575085581 4.324243767703692 -49.50377177218136
-3.9142038291644785 -5.552926683365211 76.41890172274687
-0.2832565811271947 -3.4834756888582645 4.53398469651571
4.635707651368358 -4.973626209464952 -32.39581606647716
5.40386503016283 3.7192271324563446 -39.4136271362891
3.164923029419068 4.507509664813481 -19.38960949221465
6.747547614006103 -0.5987797330835039 -55.5747012732952
-5.897627641690321 -2.1876086765026224 20.1747245745212
-2.3768360789316145 5.806051190562808 31.356846476944213
3.0697515527345978 5.876680255930748 28.563862856507416
3.769937228236068 0.6697026769313129 4.933599517344358
-2.4912454492877805 6.1074576423149685 -63.11667453175041
6.191244360618155 -2.679435174250529 68.70354821453824
-6.295160146031519 0.5989068072162986 -4.8795107108493045
0.09497278705097073 -6.556208521398087 -50.57741340982252
-6.371208181836977 0.9408679155410897 15.416278962353013
-4.340382584444709 -5.073426515523323 -44.958403949721955
-0.766018299035266 3.6000572861377513 38.50324164759215
-0.06464113912327084 -6.657061258602465 53.420753653535726
-5.311482220360605 -4.092551894887425 24.512435854620506
4.091838706279507 5.1108911389145515 65.54597475307527
3.2098087234484196 -5.928998097090577 -84.65661774803094
-1.317264530269095 -2.9380626006629713 7.84305438862413
2.055175747542193 -6.214829378203743 37.7543554197491
0.21407579506464408 -6.685572388664395 50.453322358172436
-6.136372092686548 -1.5774394345953262 -50.19611210695676
5.997177134248958 2.5635064216474333 15.96046176059854
-6.502407965867595 -1.743238140884673 46.79964757009662
