-3.715350539713379 1.2497908869833847 -33.41947936521512
3.028837116504845 2.567606098792355 -87.53791146800744
-5.346855176221153 -3.54046731128257 94.99014471018492
1.0414456076051302 6.7163846158036185 -4.640465020522883
5.368876101966804 -3.005318146174071 25.74331871941331
3.595405433477474 -5.068452305282887 48.23464761163888
3.5491146361992363 -5.470896097576551 51.62630202007889
0.2306650183435422 -1.673964547733604 -93.57937224191635
5.513680793512425 1.2734720128174157 46.339149887868736
1.1463290800090242 2.2275692554167508 90.84881116363141
-6.109226198818556 2.000463424077223 -8.870164013489386
-5.526382908523586 3.6420852177727845 -39.9810428490916
4.586834515498375 -4.795146821164474 -28.05768724874351
4.151548808459074 1.2749354367836283 87.56398597034097
2.665799719948503 5.858644148192849 72.18139610014802
-1.961314515708754 2.612997709974499 95.4423701465342
6.503502514626842 0.7720925635120826 40.032799989193876
-5.269537799197485 3.3823544347340984 16.692554619844948
-4.443111232869946 -4.173891226037339 72.12118445509759
5.812128254067644 -2.853051769672551 -72.8853539060593
-4.61334076651441 4.91558771499109 72.71212769340588
-1.0084169956161528 1.2875768584182492 -93.88096372684444
5.946916108628538 -1.3050539500855074 78.67840629411644
6.008981340327497 0.6235113923343263 -99.88066843604119
-2.5124671902079925 -6.168447072975624 24.359537837882336
-1.0096127544695799 -6.309822850066559 -73.56320110453804
-0.5447046356249067 6.344236997289177 79.60259660308766
-2.376882718449478 4.112489098375958 0.0338372973598507
5.194022810910393 3.3538142562634286 8.91594160914728
5.264268818546615 3.8065517916362768 -0.9708881460270455
2.797073148478753 6.033238760994753 -55.293462707948294
-2.712307328303549 -0.9854351873549299 96.13411801315935
-2.8156579648515225 5.898585309819391 -90.85343680307452
1.9279323616548147 0.7154319498438722 -90.17569008878696
0.11109625315409195 6.404080497708797 26.3204273947816
-3.259363699744908 5.571659529763804 42.19579982338566
5.009562182927706 2.1147315312290678 -54.64416603536224
1.110640686841653 -0.06357821527999752 -31.69679561188484
-6.420798307423222 -0.7062680086739187 -22.747508060394775
5.096328414496188 -3.315863213949794 -24.99823973741638
0.9208989467058434 6.230356576232614 -38.74960119571879
-3.0286082540551553 6.052390504439125 -49.989274252096216
4.467847104908696 -3.559894543142366 35.89160320418398
-5.001344340055269 -4.476017415624752 -32.14931831715096
-0.9888658545858375 -0.21820876438149 71.30246301510317
-5.853319279446831 -3.7042206553067523 28.040725925425548
6.6866904333200905 1.4459578249317833 -51.17143624926294
-6.5943389793563645 2.2039795505027993 -54.177015245203144
6.711231704230678 1.0102028150184725 -61.13604901249209
-2.219310554913908 -0.14326145931219875 33.12191949327352
6.4455206452150655 -0.0501374234894143 -71.11560945856142
-4.097410791482971 3.8711624574290764 -45.5108841314046
-2.150473305425017 -5.794162505091252 -11.776713918007506
-4.714043987202831 2.3243558036335124 -68.5481134367385
-2.192138451865329 6.032015839954925 85.48690354208728
-4.838225263618742 4.245400950396957 64.36856426466144
2.8939255759381437 -2.811014958827254 -38.9625702293474
-1.1207193127586697 -6.531748800274222 -85.97498089227301
-0.5804047626332987 -1.0709309537097582 61.3799530468291
-0.8418449207039457 -0.38323211432599846 76.73226868832607
3.3166002267431125 0.03773913779193094 -94.90010138737131
0.15840091950655072 -6.543542883638655 -42.256580151916154
3.8069601999810017 -2.2495782626580882 -22.093656029115255
6.6346074071594785 0.6438022818210681 -32.472783362391155
-0.20115285509202896 3.942185815511225 -14.482268123554222
5.942032584685255 -2.4379376818056033 -58.01639336767908
2.0252342699933514 5.251307545179756 -66.52197822218739
1.1070107832285025 2.8316494633008054 -92.05391084084748
3.2121862082117767 5.997056836483176 -80.87434232517643
-3.8802604046922666 -4.633565476628294 7.108856839904281
-5.964567753004722 -2.4395507893689787 55.77486291599664
2.819425250674209 -5.35589101636538 -35.852885749823685
1.987091492382806 0.8036837649195718 18.24694035570822
-2.2174766207778154 -6.043724978693702 -33.22892141152537
-6.5686215170602535 1.1549330907497153 41.24902297576486
0.012944932799095837 -2.389635209099071 -64.9449534833937
-5.887492183604722 3.174627115505841 54.40067155542473
-2.529879186205091 2.4077735710113854 22.85506315649101
-0.2347262101522271 -6.637465816995744 -1.6949716972515818
3.828409833023298 0.5565180395591758 42.142468716465345
-2.35239237038834 -0.48197277765355573 10.831056089884923
4.853424667884539 -4.449864387265211 -12.727706042887672
-2.053681290259519 2.3173110288499412 87.02155299824736
-3.342963000822532 5.80548136315411 66.71463808180812
-6.4375729013166065 -1.7892836609927933 -78.04417506981889
4.60491325178281 4.525205534938428 76.99883359591021
4.071472013080502 4.818285921258385 45.94650849491499
-1.2067962377436032 -6.045166289218535 12.704094719166616
3.2122006373282486 -5.564406333827072 -97.33617984386038
6.015702994190164 2.739115216637929 65.7509591440877
3.9441218420296718 -5.142669105316266 57.866755955695695
4.908837584569618 2.6976673543606244 -81.51212736317916
-5.54906302029891 -1.1844960446850763 12.982463084151064
5.038136425239356 -4.374925553545055 -66.46793771463757
-5.706617444560121 -0.2703560477229055 53.12088058361192
-4.888638357679024 -4.413597216539028 -24.026179042391448
-4.088615891556822 -0.10712498986768354 -83.82987210964546
-3.745917023359532 5.151077563509813 -14.993029002650319
-3.292153053304218 -5.320202910933258 37.22132589593673
6.556015723100175 1.6629310324439224 0.8172093879991016
0.7107319237163499 3.297487420699459 85.75655780251208
6.622481484188082 2.0952675688173024 4.2763417820031995
-1.1201217169197721 0.4606956238152236 -68.73590470905695
-3.0205909504628803 -5.9161863379232384 16.744786266747806
-6.774967622496425 0.07583417706351038 38.523243712196454
5.918447505756633 -2.8055631685015707 40.38315522908295
-2.124050490740944 6.1333712059094445 19.970631515157823
-5.575515338697147 -3.467053327190004 -95.09526913674249
1.7300100216225407 -2.0609258066973792 -67.838797707816
2.065214736702911 -6.4137023689437305 55.17869632209112
2.4744984976011315 2.1315532858232404 -1.1676007619063742
-2.1725762964463806 2.2042711135943605 10.033670159941629
3.3115791888391755 -1.534645912983812 71.24348392042383
1.2845093603673268 6.648872505533054 96.12686547925072
2.7898915413348795 -5.476701811830518 -53.64131661070901
6.010989991961975 3.139283436822366 92.24474349585334
4.049348700047599 -4.829838642758354 -62.32213293443425
-2.6537363796776736 -4.958349050940225 42.52281606392518
-4.669526091666599 4.799040000410185 -36.99502473858564
-3.9955907571527187 4.714337961702558 -84.4418834273577
6.00569822609647 -2.851479343172109 13.655548264474517
-4.832397505348466 -4.625309008686356 0.6823441228067844
-6.286859575040607 1.4683154749180294 93.8478549270341
6.447257898717397 -1.3727270345181997 -77.21609783856566
-6.373451418171437 1.5385880511622176 -78.45373176141524
-1.813107471786933 6.2446864915984595 49.237478919344305
-5.3643569316946556 4.304490370919554 30.111916364605115
6.1468300710916175 -2.5010345279617057 54.75744729352235
6.327432859354305 -0.14438933069213863 8.079370323807067
-6.281913768385427 0.7547491668140297 -27.60877493579116
5.38644938013484 3.6505789199758842 12.205100276043744
-6.513807670208188 -0.5755686956793022 23.183691946455745
5.556789194736834 -3.5228708434420675 86.52801571527375
-2.467067285106298 -2.7856161698797983 47.6137804856056
5.50172658513735 3.637747748626875 27.68225882862334
-3.0149422028567923 -6.025051285308976 -66.96316364532453
-4.428528263190568 5.063068513843305 47.920557788109754
2.2963901509165314 5.974563420954906 -30.936238917573004
0.06035801632089022 -6.630617928138856 73.31269876922445
-6.154643342138713 1.8016198521795137 -51.15850034339542
6.1493810111377405 -2.2569622095460264 -37.67377831485078
-3.4891660841307344 4.917684413325498 53.76229674187108
-1.7971638331641941 6.09235807470034 -80.8483711829892
-3.8454570386821136 -5.100529842388187 -78.99700123819822
5.011179380313279 4.468574195649966 -65.46360224030789
-6.096077983937946 -2.8529008442989032 51.83919884056484
6.679860215487357 0.0322809222261089 14.252231866579232
-6.598290358514931 -1.3706103806949197 -64.27596905151204
-0.2684125410408027 4.2804810733633945 -56.696406423726565
-3.817382214652985 5.123426507495977 -93.67710517839383
3.9537884360294258 5.057546472633341 91.3257326364922
-6.076676382022045 1.8843766315653911 12.308794690470338
-0.36334178271338674 6.145128583414992 35.21092036798949
-4.484725578911295 5.003600685384664 -1.7825728133007845
-2.8662420289757655 4.728259513379768 -98.07377862748217
5.9473685399217615 1.2122599713161386 -3.5961924971340307
3.8588861384254196 0.13434387026523043 -69.75393095393333
2.286162957356401 -6.245583226612918 2.3317286255489442
3.738190866928216 1.1658081791738524 10.100891866503025
-6.206117095808244 2.614441462761005 22.51668439327216
-5.438306788126727 -3.5299194536676963 -57.55334405908548
-6.388532111840251 -1.390827406097419 85.43843460881136
-4.1831344216665105 5.134083463302591 38.948785607497626
2.4549937693909514 2.946117360595903 43.97801433922902
6.280878713560052 -2.1766647526715377 62.173450887538245
-0.18670170492142513 6.488152632843167 1.2924251856506541
-6.450396887112274 -0.7682876049676526 33.504062782146676
-2.103260758963676 -3.3073317634284374 25.801061305258035
2.5155960526737133 -1.646614739124052 48.43593482024951
-2.4611854851361286 -6.389512558391758 79.69814469851914
2.679994674427672 2.756208099861821 -26.298627878245924
2.068199245821288 3.14105273805318 -53.07884896259757
5.9254432131404196 -3.3743492431284414 -7.4032308535757805
-4.353491300206209 -4.092496532148401 -64.13714840556148
-1.8723755837799667 -5.232713461950444 -97.73887374660534
-0.602374725558565 -6.764830565651722 -94.5710517331958
-2.684361287151307 -0.06598314817687245 42.91498410305431
-0.8260013213456233 -0.4751044111527818 -15.143748332642321
-4.759428852913779 -4.592567817812293 -7.371067185902631
-4.602382542878733 3.7345638782056723 -28.71327748023211
6.0166009289471525 -2.7287216243233137 58.99743821670931
2.5084853002809844 3.643063273336887 -41.88014469416123
-6.604198169754285 -0.6131159017762641 59.23899706869801
2.9738740608994254 -5.225490116395332 -77.746231449155
-4.611649807143252 4.634326228385165 83.87095109845336
-2.0821703111776455 5.592685396928783 82.44383253358082
-5.958594284376954 2.0455342100253464 90.77882086021327
-5.889229552075063 -1.3520491681514686 71.08967016108068
-6.32164060936138 -2.074581960650585 -33.44711554436142
4.753375824649736 4.120479943765075 -60.8902159132545
0.4190365621304512 6.4425068851172025 60.068946957475106
3.2181946621350153 5.632804895542802 -26.428677291735404
-3.2633484587394506 -5.803040699558951 54.659266835062546
0.4697044838723906 -6.481293370055725 -67.41131750633659
5.823228718211122 2.515536316421858 43.16946129013832
-1.286647945040339 -0.47796405703897316 -71.98708848496618
0.9098336294941467 6.779134473996805 32.37662386803348
-6.426951471308015 -1.8362330354092964 67.35988744074011
2.091538438520943 6.490299729929475 75.22550628450534
1.3156900491152124 6.196356928815683 46.12365707420298
-6.42499038158799 2.227428985797458 -88.16246873593553
3.171402344398734 4.408461382784909 -76.58098413460274
2.4050963564135737 -2.295716409988943 -84.26720869530254
1.4812603919855787 -5.078074042262649 -87.90899035856751
-6.634697667147375 0.7587823264202824 19.916894348426997
-1.978470890342017 -1.45126013758628 56.44875125744194
2.807120788197315 5.3562548267043475 6.142625689690296
-6.035147589010186 -2.2783812582094285 -85.7998962431908
-4.805068463269924 4.192494165866813 -79.4532920041662
-5.2650709980584205 -1.7232037268220504 63.77653273706133
-3.5207280604217788 4.060844813755198 57.227819153392886
3.58418137716901 -0.7353033137606411 20.944291147671247
-0.9997169440570067 -6.036355851191763 69.2480291875274
1.6001485203883445 3.0429256610418745 -61.454347517449364
1.8792870872598313 0.5948002309319805 54.980990605176466
-5.841609861493998 -2.3400392413762185 -5.697123432190615
-5.995620597507393 2.8003200840415094 45.89006714086269
0.45588512254566593 0.4276072950688572 26.004374056399772
-2.0635104398933186 3.2255319763580057 -91.66616708151184
-4.871997885667721 -4.0159353308320505 -82.46735607875515
-3.0106794156103263 -5.484270139247872 83.18272916615814
6.152786917037432 2.052952909239906 95.87600232068228
2.274169810799969 6.321011941694629 9.376159667637447
1.5412311111610468 4.036903181975745 83.00632872181616
6.225503997256517 -0.3567019061286316 57.22044911184955
6.483015377600183 -1.726669160571054 88.77267986966037
4.569535600402004 -4.8379931723365335 4.967989420983544
-0.004028285863121023 -3.497484267119275 50.68639413644036
2.3822160834113584 -2.1016416734636305 -26.64191291462607
1.4909070185057025 6.6297350662713495 -44.57912108507754
-3.9785591606340645 -2.6439373917796334 -19.18792476688301
4.8412354306810546 4.836892652489385 94.13567748453708
2.30581748803286 -5.837380364950311 -39.620065068620406
-6.121503740747778 -0.19007863345363019 3.337493500139805
-0.5491029948347719 6.276981198557728 -41.6851776692897
0.5872257895605374 5.649078060434998 65.02094327423602
0.20116750360057153 -6.292435210515518 61.49453803601262
-6.51009086027732 -0.729426224197661 -67.52612653386679
3.1574626558913126 0.10492658061561067 92.58903040123062
-5.826475428943898 0.11297264906181113 -31.11277801207294
-6.523217957193978 -0.8586737145914964 -81.03001923798405
-2.06981378901127 -4.9302467246638235 57.76765137893222
-0.4983177084968302 -6.734878095719374 -91.22087666034236
-5.720153995597244 3.780819036677278 33.752005957415506
-2.0555408122811127 -4.198517883537946 52.60450407986261
6.452636821183287 0.9666792076427155 67.869449420759
2.4913573645435068 2.5181912871310823 -78.37562359946607
0.7430644601836978 -2.3414683157428766 86.54312019378108
4.15342461531277 4.85810686410466 -15.962609007246062
-0.33586260898345666 -6.789962354806712 -63.28914179056294
-1.2909864320494577 6.440177318816956 -29.499088263886836
-2.5164214237441755 6.081818528017899 -9.04033488432577
-2.582962261319732 6.334847724874997 -21.972058014022608
5.278228625132584 3.9771585528181936 88.3176562366273
1.8529515118596345 -6.332124709601237 12.24541683597073
-5.838006803710674 -2.8490452583465347 -42.87423443797444
0.8610893879831387 6.647230841454317 -78.97244835718807
4.518929873733962 -5.0969354335673875 0.6276352295009119
3.9340052773939886 -4.0466779631365375 84.00033039474299
-6.647476993745674 1.406519557822493 63.96553844489526
0.20659133180323497 -6.728485696348238 88.29531666876876
6.138812015547328 -2.339930685995959 -19.806367970774506
-3.091925506736567 -5.830878570873934 -50.56240802053307
-4.564613993923758 -4.705386856211232 -85.2307212627306
3.275158471457795 2.10937794780195 64.0533675766871
3.333843688304635 2.560181791555942 95.86852717189991
-6.344901600112233 -1.5229590292241297 -11.717318344799873
-0.5810646024783144 -2.0837944146105394 -89.23857747179963
-4.540095101721388 -4.389525983299442 -75.16909233064347
-5.621768367244174 -4.030457063056452 60.08135456603648
6.194723243263879 -0.3728912976923011 -23.281197666170808
-6.229474438968931 2.6708584730384506 96.16427396958635
-0.8968147534882656 -4.371520924109699 -69.47346958264153
-5.020741665594225 -4.230502411858933 80.74792720992116
-2.503491381714295 5.624441581173394 3.989737567457555
6.215041361172148 -2.073737909701452 -95.98511888599103
0.6174055654390147 6.50143242520162 52.16964655813716
2.9055162100084573 -2.151526605527141 11.229768042168393
2.564740605253476 5.323083974570354 69.12341676510987
-2.546722871257701 -0.4167907682762868 89.58985617744018
6.715269993727306 -0.7586256596361131 93.36861274043376
5.6908783700240555 -1.9290155568554248 -41.929673638744404
2.8470571565945506 -5.122217822613972 73.37942219327438
4.604535732128005 4.378115736603598 -98.85432789986686
2.8568553360599966 -2.040729352089483 56.100715221659485
-5.459469570063307 3.467471282231197 -12.133883450817276
-6.2426158707957145 2.8337502284616876 -33.25959951419637
0.9281258931885661 -1.5615089249003544 -42.43088561622093
-3.969903998566674 5.372307208015567 96.67405808579629
5.494926772974993 -2.9505710291858622 91.46313457249995
-3.496542017766547 -5.735745024684567 -4.622388814373717
2.24347950319716 -5.595015671714298 32.11866949893636
-1.3506222360642681 2.3100918947862725 6.619711439221047
2.14140929164998 -6.375315241495009 24.46566541985658
-2.0302264666423375 -2.5822713362523144 68.74133526671402
6.372391311176619 -1.803656819864763 98.36359451635283
-4.166423939335834 -5.516995616538792 11.124419561863448
6.559734262615962 0.9141710883429588 74.93857802714872
6.009986642278798 2.990959541647508 -42.993742997381794
-3.3717309835135225 -0.1688357167279082 -28.33928140760851
-2.5607473210898695 1.9975595642562827 16.023264341167906
-5.441650952429372 -3.7804610745387763 -28.98553140935286
4.53994328474454 -3.6224752885360187 -80.55540329327849
-0.7989927100492051 -0.02861702494535262 -83.6947990260145
-1.5194185248721899 6.429966790967509 8.981678160723906
0.6765404331166192 0.4033368166908379 65.48944057928955
5.58011668974301 -3.2288638727045065 33.48052546462174
-5.806732268617115 0.8232404092418121 74.49487388163428
-3.291276376755179 -5.674941020843504 65.39060718344166
2.7946842706280104 -5.876389809510288 -93.86636527359879
4.332129888348468 -3.501102425186949 -46.16004269513843
3.649626473219892 0.37337949639360696 -13.404448520700134
3.5064598987566074 5.038634445870842 -11.052078333622786
-1.2466424934038878 -6.629337524165589 -8.760081728881254
5.100386454524277 1.359398918955158 77.44946880401548
0.7677342389834267 -6.311945355590587 -17.971309207138184
1.2473240516368134 6.470499410794488 -58.69280753848051
3.8159904923837775 -5.233408879197852 29.404174398799224
5.72105959036211 -1.9811258100632276 -84.74259986907445
-6.034579421445232 -2.300108411054093 74.86435973999683
-1.24559132266025 -6.666018605200183 95.89530394187251
4.579508797109774 2.726223576159183 -57.46331694671775
-2.4246594007364446 6.083957498571618 -76.34273136511463
3.578755364880925 1.8486875214998513 -28.991465169879614
5.935351631709417 2.299743298008761 71.54219758234247
4.463888203425924 -4.815296643796275 -89.3416817675718
-2.4158459311721017 -3.54987429993439 -57.460338269166634
5.01809756408824 -4.467718096447745 64.92744093444183
5.529431655344821 -3.4030906737531623 -55.01404245481375
3.300569206254173 -0.17825069754637007 74.0326941100038
-3.129133302981807 -2.6819441830948785 -60.5382459025133
-5.161279109296979 -3.6556364112700064 40.78883648588409
-1.516698723384693 -6.495715111766434 -54.53182474167317
-5.591674818714839 2.107177813616436 -47.83354285232432
-0.5099679544216935 -6.5248743690685735 32.80225680564591
0.4759805252231618 -4.046725986517771 46.51316638707351
-3.7364630888670924 -0.5885909625165068 18.467947847066096
5.832395606228905 -3.09832383588811 -92.38900061717743
2.617378892786516 6.14973587595632 -1.5713037312145364
2.6645423307068787 -5.226834904562363 80.6114692896506
-0.14528337953817905 -6.3808189326371325 64.92515219008821
6.780310888795376 -0.3914275648292178 -68.30560563162854
3.227819108087831 -1.3749096084346573 45.736731550753426
0.9357249856153455 -6.70094560124793 6.730721859425148
6.36348911595317 -2.2729105304305164 10.165610311577979
6.0272683285386615 -1.0785837877588225 0.059880872183574144
0.5635008082847612 5.847463488227902 -63.667571446441876
-3.477606358765943 4.648837391497183 13.17121715415295
-1.4355558212895496 6.093448223882569 75.68811694835144
-0.4534313708762677 6.251542538513862 67.72732054031927
3.554027171310571 -4.228508874635728 99.56421830743716
5.112426573813195 4.5484158558376295 -28.7002841349922
2.8206130755298218 -1.7803328476551612 -51.40330301154329
2.7000015257021577 2.1601190428152854 -21.532482923020048
-2.3738120638644626 -1.7775466407507263 -34.4724617246838
3.607407341398184 -5.7446066632101065 -20.986118067732882
-4.748988977144592 -3.402722958584378 17.540209094209462
3.745036306804089 -5.195956819589543 -2.7574724939561692
-0.751311072344288 6.679081692533556 72.26368398691923
-0.24588108769972378 -1.903714080964031 -97.32476928240405
-1.654599585507247 -4.266804907220529 89.26952293551237
3.2228681902343563 -1.7290763003611824 -55.09735717396074
-1.1297301479526893 0.38793264294286395 -52.71440355169982
6.529938892877396 0.620997410875533 85.58189133095394
-2.7812424289008466 2.9094844663437276 50.97457460208709
-3.9204760076748317 0.9804946967088156 98.94467256718849
-3.2138402455809807 5.1214320207838835 -66.49945813802135
5.555406794523152 -1.9537148865476048 -4.328185752789124
-1.4314158529919845 0.8186432345940252 47.61475242725403
0.9442679726625326 2.764409751100071 -17.618943552268167
2.927943602411813 -5.9097741253961535 9.305008210978698
6.604007433453136 -0.21777955653997727 -90.39813011813683
-6.082709075541584 0.13828901195891297 -58.08204540476021
6.828326357506812 0.8682633452092583 90.34281294933413
3.3740958039572444 5.01507124968976 -23.019597338001397
-6.246227315812026 1.9426686113405993 50.669040717122876
6.121059501367714 -1.7007244511389323 50.59961383359727
-6.531333019362221 0.5476991353424817 30.239082520676632
4.998171123336937 -4.543874813023659 -69.65435941904452
-0.7911168057289379 6.671221549495231 -72.88260639182043
-0.43832473297791574 -4.846916513303881 -14.923298037891417
0.07594804962525452 6.554811640060023 -91.42738086289506
0.04383395586395174 2.7490127830913225 -70.82554308672175
-6.699177990437644 -0.425895263128044 -36.27721128877032
4.586523201276421 -4.688692456435155 62.200479672600665
-3.1898460656276475 4.8209844343328 -34.11346784483241
-3.8883390985111954 5.384828709896701 60.52076135445703
-2.4510099814894932 -6.10754000651161 -16.754374708071204
-5.739418091835186 -3.5552912582001186 9.497192822148424
-5.6693131764902525 -2.6320885999017802 -38.98143787428873
-5.570217983398857 -3.9713856392513307 13.845380750686921
-4.981065750801522 4.601850297159386 19.755923609913257
2.332784940256792 4.827517363281879 3.0979922029556737
-6.353838079718485 -0.63832799562348 -89.94493771523229
6.2993320093788485 -1.3598141811968896 -81.28045496317621
6.360771073448399 -1.0569437390220595 22.855736292308602
-0.015580809926832587 -6.829183862688511 -99.91166190208193
-6.614465463616679 -1.2719563155262938 99.41967079588302
-3.551229514669804 0.42999774150965486 -7.598367780482449
0.6620290421245292 6.1189288575930165 -10.705631404457467
-6.232351595267247 2.1394752693026153 -98.71858021894874
6.160841193212605 2.6082897355824217 81.27032288259161
-6.3152645190605705 0.6323608808523916 -39.46721823721314
0.020483842643930175 -0.7192516417752675 -36.48174641914516
-6.615360579066247 1.014085244126188 -85.36212351559331
-3.940466013221193 5.418458619708047 7.498116914779545
6.550701455772919 -0.20663682534729055 27.623842579189773
-5.960037557552365 2.7231724367772143 1.1357876119040795
-4.665566510778869 4.8188652248065225 87.79830624801149
1.9310777320395434 6.290953686181771 15.363803859351334
-2.9613666996259105 -5.510686538966609 28.062356530799114
-0.15322917404765307 -6.602476901682265 -5.10898364270962
-5.217128923553915 -3.284148475638278 33.84197215016209
-3.302737614581862 -5.689221726256189 -26.86532938567318
-3.9693292454590003 0.34157867565894584 -54.96705154732172
-6.185143388350726 -1.247668968324462 -46.591205066624184
3.567792475243601 1.494158129543354 -32.97526760959051
-2.786037600530196 -5.799260970892529 46.29907499077827
5.849917714686621 -2.836734390511453 44.54868420149762
0.23439943871418234 2.3042095600749333 -47.7127791859242
-6.063018020001176 0.6351863267805936 26.76989953420666
-0.6849336323817639 -1.9837961498014223 53.84047043705263
-1.714374157208837 -6.149948887227274 4.395487850127902
-0.3621532638271544 -6.828401737289565 -20.608006331417048
3.8682504240499074 5.179225158685562 83.97002024528466
-1.0563900625889708 6.57900640476883 62.455941621783296
-6.417566937736673 1.383632966478718 78.12671952204002
-5.9673289363802775 1.8992490818781769 81.34247121795043
-4.355582216030645 4.858194667415568 78.41028414935309
3.23312467926388 -5.8374897329697735 -58.92190882901403
6.75687971433264 1.0080080773359028 -35.992448422730014
-0.030882713343900633 6.627418909667176 -50.349526063498715
-6.638372907695544 -0.8856052536979245 90.05181985120183
0.9261045528922199 -5.442780871961131 77.83513989400056
-4.407164884937096 -4.9822130302928 90.79606282701624
-4.072482474114736 5.376877624553942 -31.34417950583592
-1.1952861101224506 -6.2220660495664895 9.603973443629668
2.7313514120216635 -2.7503294528960263 3.119459814058595
1.97119957068149 6.314341498070391 87.4953616453831
3.7451515564778135 5.047445453262334 -91.37186296166186
-5.202724795551048 -4.024183517664461 -69.3594864233769
-0.28075688946195876 -3.230785313116229 -84.8914146677997
-1.4592682902572354 -3.5931231382173934 81.03736772794542
1.277650749748219 -6.55030107757992 93.563132959504
-5.136534226143542 2.596565009774745 -81.94819162364759
6.23204069241027 -1.4895854245227937 -28.754247914832426
3.7653327725489074 3.469805748224718 -45.02973348568412
-6.363631119480897 -1.83795902254623 -97.93456189691454
2.5100509889468774 -5.7164028092973025 -65.30403083628943
-4.422190667599908 -3.8467314719188788 -35.397592407819296
5.429747069817955 3.130920499219535 -31.360138835464603
-6.550171101889116 1.7407844390735328 56.938926145143455
-5.286408524694315 0.15108578132427372 -1.3892088737063102
6.338437308351528 1.7929587729964844 -25.324032575298023
-0.3634039897201211 6.248759579191046 -26.111005268808444
-5.104428373151305 -4.212277560729194 -99.07186337077648
0.18077819618801555 -3.7811905705766087 -7.516783650775664
0.2796689580247276 -2.7413089689933225 39.96198001013454
-0.6526730609378967 5.805618234192201 -47.307046161196695
-6.124889036263167 2.9850958866089585 69.63377446468715
-3.231913860108695 -5.72543728972715 49.4430678166569
-1.2915333992486584 6.203368939967868 57.29884102607918
2.8641681812798736 6.202633412176078 -86.87420941807694
-3.9050510502152562 -0.7560678564518128 -93.66878660037466
-4.772268200546744 4.597541260059595 -88.64309918536209
-1.804942352335386 5.625241170647903 -59.495303489929704
4.370930210839748 4.84429877073548 23.34505239419188
6.161758994800673 1.994302627785914 -97.17839310475144
0.49679239105367945 0.64933584104332 93.59191561339773
-6.6579591757990855 -1.6915663376631491 -74.14999680647121
6.345666267664797 -2.4820269760555935 3.4343975298802008
2.6378566964736345 -5.763440379048508 45.56214771000441
4.927889575085581 4.324243767703692 -49.50377177218136
-3.9265999888906666 -5.538729218725675 76.41552598798484
-0.20583031718227446 -3.2994939988357546 4.562503030743619
4.635707651368358 -4.973626209464952 -32.39581606647716
5.444978004993957 3.6515255506664626 -38.57938539183931
3.0895948506543096 4.470803415393148 -19.56343746720075
6.731133793629913 -0.33386176038815213 -55.54348972645622
-6.306863067207605 -2.449278087373242 20.44236442007144
-2.3768360789316145 5.806051190562808 31.356846476944213
3.0612139792201285 5.869246311661036 28.590730560148383
3.769937228236068 0.6697026769313129 4.933599517344358
-2.4912454492877805 6.1074576423149685 -63.11667453175041
6.191244360618155 -2.679435174250529 68.70354821453824
-6.328965969553232 0.8005193578487447 -5.021211172198882
0.43840240933669733 -6.1545507583838255 -51.02361802615519
-6.371208181836977 0.9408679155410897 15.416278962353013
-4.141299030683521 -5.1693996728514575 -44.76395804731593
-0.39414222156667367 3.4053378769751577 38.8672831829067
-0.06464113912327084 -6.657061258602465 53.420753653535726
-5.2223652726314205 -3.3480134851337313 24.62012123372435
4.091838706279507 5.1108911389145515 65.54597475307527
3.2098087234484196 -5.928998097090577 -84.65661774803094
-0.9100661592219622 -2.278903976556347 8.382748248579082
1.5053475967651506 -6.5585811238993506 38.53425891797535
0.21407579506464408 -6.685572388664395 50.453322358172436
-6.437920563744731 -1.4217349627373623 -50.68899058470039
5.99277307020418 2.9519470952303815 16.296325034908435
-5.99827766252067 -1.8393771000897328 46.62235101569666
