-3.9906975888287315 2.0467158807825334 -25.502631471311318
1.5442265172505296 2.191585327489733 -86.4749513048616
-3.476085834250693 -4.846668397271933 98.46271858963924
-0.7236047326601173 4.704567738907632 -4.2342163627298515
2.648155766574708 -4.791152499102782 26.172715469197623
6.400273584909716 2.092481190109255 48.76125003486521
3.0265798443412533 -7.80632360088725 51.84059231238211
0.6420537604167958 -4.432503961607819 -93.6825190692676
6.5167103389770284 -0.278691294904193 44.50947949481389
7.3957137228111645 4.186052765892799 84.5336098471098
-4.666901296442909 4.832656982595011 -11.388833053396702
-1.0580725150946113 2.4857748465157434 -38.89444006227503
2.500070911503144 -3.356328621987132 -28.157885479438168
0.6128168990092809 2.046022005180781 79.12646366231161
3.7394087295715153 6.864919089581274 71.81323721638488
-5.084159051761873 7.122950691307662 92.61752669957524
7.198956634848983 1.0235723215148296 42.63804809453846
-5.053072047972986 4.7962119301993384 13.981833679389899
-3.9688632682982763 -8.346315188881531 70.52054312294663
6.214465589424335 -2.163668523990167 -70.24236934990323
-3.6475066589610607 5.738031707593512 74.04048820457756
-8.293046326628811 1.4871084699282 -90.87296862814999
2.6403812107116558 -3.294542471990231 77.29857690834838
7.925325579147446 0.18660484152397322 -99.21572519292218
-3.768641764262376 -7.052978369843128 20.52871115150634
-0.9056339147946586 0.9766638523483626 -70.06131716826022
-1.3804446608632093 6.403637269658708 79.80872482785855
-2.139232776384846 -0.7893148273445846 3.102017757512448
3.0191317146622763 1.6002892165114238 9.636149925254815
2.14567778189791 7.397181518827967 0.9200696686343344
-2.2342245934989418 4.080831907661 -53.134955553673464
-0.5398160141160431 -0.334570621381501 -99.42120746430119
-0.9650631868868109 3.5784835247538944 -92.93454757393442
3.057514917068091 2.151112662118399 -88.74278649074812
-0.7288857059350996 -2.2148998425037125 35.39993920602791
-2.820763665219125 5.420126155689142 45.9464401836943
2.445209570231636 3.6997700554907422 -53.41225112397796
-0.18559457747274144 0.9740032212268649 -35.11403394116384
-2.8210687169099504 -3.685161830304275 -25.249049526865612
1.8374279567850493 -5.45273359503378 -24.20177816363311
-0.05400586582352376 6.8219242511059965 -35.62426215616923
-4.606950103400756 5.2875908845830475 -51.17175869423278
-5.261583105418322 -1.9891324884415935 39.77377809453661
-7.907937145348748 -3.0319444629253023 -31.11138225795504
2.5627895688217004 -2.478373282246597 74.38282714181253
-6.3126966514279115 -3.175786371600408 29.974946974580817
7.225144972389145 -0.4486290994669152 -54.24079278970576
-5.903911438784298 2.2248501204685076 -55.9557940369408
6.103649393266861 3.271890029706697 -61.60896890225109
-3.2360128325802355 6.04240439270687 27.056725160903195
5.497347676972999 -2.373053770736429 -73.94867106560208
-4.153780307657429 5.870393723584717 -45.71743058943013
-3.841798459323545 -2.5293182132723224 -14.554334141289624
-2.0321256481498615 6.926126895715189 -69.90408093730119
-1.264742018734394 7.905263654984894 84.76415527768367
-3.6350706667685038 4.206777242125324 65.76666925481021
4.283387827156612 0.2923424760773437 -42.3167508753275
-2.8450267953629447 -6.2810679671689025 -88.17943311550567
-0.13195169253626354 -3.1776755881969834 63.13705327622108
3.8217712223371105 6.59920379137027 79.56421084661359
7.928237826721909 1.4904531975381818 -97.39828469232447
4.833423381438604 -6.233366623091483 -39.3800001278593
0.0771901937773849 -2.627042512667739 -18.039589830529053
6.213505423167716 1.6347237496682072 -30.684621837884517
-4.751949191666119 5.258608250968488 -5.200473408095543
5.666870541540526 -2.689491318407592 -60.084484912200956
0.4846920847866044 6.513524002693638 -65.21153405551787
2.3006817952967364 3.3004469920292276 -93.17669941796125
1.9840566818918202 5.521142642680496 -87.41772625174626
-4.973830697092131 -4.219650426868286 5.101131050970687
-1.084417473870528 -1.5792276890429764 54.99559641818589
0.43432981885552085 -4.852546851542349 -36.9572738889945
-3.1292802362069265 3.344334939259854 18.683790746963133
-2.8171509190412967 -5.88021615561144 -32.836630413471006
-6.51176062067574 1.6483415923400715 41.856542863050734
-2.98901230183029 -6.109829800637113 -63.651952656763314
-5.077338493740193 3.0427890606567143 54.55503359293825
-2.245089308119307 6.752411262786054 24.59416406609794
-2.6355888290502816 -3.445378385356662 -2.24860324096588
4.317601507880442 -3.5260988206980057 40.114217291979514
1.7598939792874597 -4.102333181320141 7.155494028318485
2.575992166181918 -5.978912164016055 -15.0857941655255
-1.3063320003282848 7.261503171303307 90.29930517448986
-1.5783840802415245 5.253033016557141 60.17484995335015
-5.825113257307854 -1.4462956854151048 -76.09444974077795
5.821250287818712 3.2505034279006066 75.91392259248657
5.757516056544726 2.6840980839911093 45.92551954125005
0.9292575377215608 -5.937461318923109 17.035245547865117
4.59838594000646 -6.635895969245618 -96.7977780310013
6.496568632957176 2.9787973256457447 67.30022253314114
3.5071649251553696 -2.291347069471651 57.87455519882229
-0.44734312573413193 3.800870587334553 -79.70888304213652
-6.825709944893938 -2.4184456338577314 14.883627017494764
5.6725459102945095 -3.168291251817864 -64.5857910996338
-5.753678036680844 2.065402749359932 50.568546384319625
-3.425327533063389 -4.893784297554349 -22.60700883825808
-2.3419671035884084 -4.3078102423921605 -83.4661511513117
-0.09493815808713141 6.339917326400649 -18.819466401191715
4.709804087367278 -6.598155366451864 38.0607422595814
5.760408846193902 2.5845462859085537 2.43056120959137
-2.898642879918497 3.86822410376941 83.42511937061101
7.350392886208859 4.838353489475047 2.755811731623493
0.048497720894601595 3.371821024386652 -63.75784574003187
-3.841692475557614 -5.622313687736502 18.02652024157614
-6.45475527020249 -4.012494067346093 37.31573965214535
6.734129059149264 -3.6426577052131517 41.19705624358872
-0.3608513896211828 6.655261384052775 16.749146313919592
-4.694370540485056 -5.528314544492433 -95.29592516188673
0.6459271140486202 -1.5082599274753434 -66.26580270768929
1.7068094410964727 -6.265187865484667 53.57379170547641
-0.07026782029554868 -0.33000096180635174 -5.288659514213466
2.0565570120654852 5.167990383159396 9.820509981232036
1.2587525275062696 3.9881506852822675 71.51078049954596
-1.5749144158681823 5.881846204443787 93.10423394964121
1.1637152893411753 -6.521538586029303 -53.79938946269536
5.759538809317717 3.1906750613485766 92.39579263407401
6.500707298505013 -4.696422515416137 -61.97731384646333
-4.964618830515673 -5.454999162821308 43.48720239466868
-2.705003205329792 6.297228374863495 -37.79524196434357
-0.30139316378753217 4.516049778482993 -82.81933901001995
-2.0589824463207616 -3.1753175598411025 15.783182550481337
-3.870980487220462 -1.972905743363011 -5.251112330409307
-5.838267851876961 2.906110357098561 91.09499922671843
-1.870340853341616 1.2230565514111913 -75.9355380137686
-5.355954765741746 4.252393186559741 -77.27825588971015
-0.8989181055388102 6.684993322315142 52.003840263755265
-5.463201672226842 3.232889774941327 30.822450089913218
6.204034058983114 -3.1360644641534234 52.77111137560921
7.795920927653453 1.390898936557615 6.807464940552873
-6.41078938839669 0.06145975030087851 -28.969183990992725
3.80227333818247 4.666943730938655 13.746221520107905
-6.269592963425061 2.9510706488307346 25.93061143035573
2.8555198400193547 -5.666083282514172 87.65665434615136
-4.770850992186079 -2.941590382668155 44.323628077109774
-1.3660032653474816 -0.8038710970241083 28.288481903645465
-2.673192224187353 -4.668421811971439 -65.84414402139856
-6.703948794800626 6.313062677948949 48.67859802718384
0.6562938614206199 6.237184389062793 -30.85139661927569
-4.252854362901577 -2.8297065936561814 74.91734155440624
-8.507513486541177 0.8689148906558873 -50.88328601597833
5.809970387874581 -2.6787328096029923 -33.21931873417235
-2.3240423553260525 1.2684416203040596 55.16068736855643
-2.7399454158698804 5.971021320113325 -77.72192703760523
-4.4340460980047816 -6.268287332452549 -76.25061320507866
5.079658544359677 4.57340402855393 -64.19045137073839
-4.622200126123348 -2.6071015453266435 49.24554426928787
6.048395454521281 3.800433978489284 18.576796504286214
-6.778988815410399 -0.7870881317377225 -60.189143810625055
-1.1130936163657505 2.034524876483946 -60.039701778430945
-4.840338469874077 5.715635336935673 -94.02665521018703
5.056341207827445 5.670220641278203 90.76174303465095
-3.8938176144618595 1.5043772980061874 14.780502664863118
1.6055079242975403 6.583891140239369 37.71961653588955
-3.6523472435514184 6.267853564731809 -3.4621456719329506
1.0720135225368952 5.36803392567068 -98.88467012662205
4.737055982094826 3.025240050524294 -2.720168158743798
0.8448226616100141 0.4437391388277864 -62.281580144204526
2.643435935310028 -8.742012468818649 4.335954562966696
2.936451494886669 -0.9168379874650764 11.942559944199942
-4.966489699150637 6.051134500525961 24.08454597109506
-8.216565921825492 -3.01637664036032 -53.7709034452302
-7.575332452299418 0.7059060475379044 85.1993513050568
-4.2974494290182506 5.848852240413292 38.35618341204161
0.7131891126474632 7.442873993257196 43.09183717667159
4.7998076298060735 -1.9461173051533478 62.043068991858185
-1.0597488725507531 6.452543668836278 -1.5660494165597332
-6.017485317264952 -0.574305085280746 35.282201932244654
-1.548642578645778 -1.066849933631056 31.525150465650093
-5.931531838732975 -1.3940204561792549 53.6666075703352
-1.873687863686643 -6.057062067007324 78.79188812442281
3.5651143616100547 -2.4240434704075335 -24.214923452906227
0.5254066447844891 1.4639216406825346 -54.96461815696314
4.776396526113861 -7.351266366104679 -8.680604264960728
-5.380710687438698 -4.87836612000108 -63.541338851868616
-1.8787676841581606 -6.639319666777739 -95.1076393788612
0.9208738635984186 -7.808221142912876 -95.44178844452948
-0.5979471688295916 -2.649053978041445 39.159286382071855
-6.737604615715645 -2.98541523746028 -20.001295984518396
-5.704801581709803 -4.442090757779955 -4.284032579683922
-5.867902921672299 2.79608977381449 -30.65622496081305
4.582259385491534 -4.767433550391215 57.1941648815582
-0.5995648419793932 7.799602054974401 -39.42612273073338
-5.7495107779422945 -4.51432529461873 62.230364489355075
2.9935863495415145 -3.7964410739641163 -80.01739272116531
-5.775989978844191 5.231890941851929 81.95436894543926
-1.1383179921103301 6.085182066824394 83.09924113330423
-3.5109961669470997 2.558718610224379 89.73846683873282
-7.628218401627585 -3.9129352987890798 70.01925689110075
-7.489276045773457 -1.1592189993707038 -31.99689961049671
4.151174502979203 7.465698105017731 -65.77220262440537
1.4745949434094505 0.9361419429323475 62.849177254750806
2.1534115339899005 6.372892612219552 -26.89798258072695
-1.7586115140296463 -6.53568187209728 54.962435143904735
-0.3507959834875599 -5.8808584993767115 -66.82999922687624
4.338136774022217 1.4485393810280562 41.81701812846949
-4.047218948244838 -0.14098225434989176 -71.29394126733818
-0.38970086227210254 5.47777307023778 35.25670150363491
-7.145674440946111 -2.662204293919994 66.84527991047402
4.142611423220691 6.4745975161900775 74.86978472057615
1.7141202654771968 6.372969274247035 46.261435192451714
-2.9819744127395484 -1.0079166044206556 -85.68111861851975
0.3550563828738775 6.5714168656641085 -77.002841237434
1.7005025796373907 -3.6083045881431586 -82.59031089896847
1.499478141438195 -4.697688279475486 -89.79309030971623
-6.787052871771964 2.5069674572230696 18.34052064586633
0.975218643716467 -1.6237491412508447 56.86482136043766
2.647719886185812 6.236588628383876 7.1360996109195245
-7.048830911257166 -2.296498501432766 -84.32166342992397
-4.814690258364018 7.404948149657638 -82.36055134641607
-1.0252199305523295 -4.472046752517923 65.8768630335904
0.8863793505926265 2.9580924450403603 54.44229855961321
6.002431231725406 -1.993483584006816 20.707757638853003
-0.9286480125578347 -7.207773690143603 67.82236142931782
-0.09416931564052788 5.051113144160095 -59.30468444637412
1.292809650826219 -1.483435426822573 46.203384322078065
-7.154127530951013 -2.8967435091960567 -2.492909498512572
-7.638637765808635 0.6238067911836983 47.25182702497958
-3.585032221751956 3.5215121785372685 24.73020745199092
-4.350522877050243 -1.0790665893754912 99.30959063405498
-3.3052474283605617 -0.9421790758097841 -82.99955453937596
-4.726195902574794 -6.715070005967299 87.19366187800105
5.2195749414717865 5.911738706338424 97.54586789585417
1.0434442402251163 6.991664988521229 8.073484635221266
1.2602626205866374 5.893774095525827 80.71285379455989
8.536019687890578 -0.29780490724604824 55.10343251504463
6.2812343281460965 -1.7892195661368382 88.50212475239628
5.531031601399958 -3.056654328457263 5.0940765794230645
2.6947154342666253 -8.583109935574257 48.96450398444441
-4.973674049044176 -2.4903545796675237 -31.266790617388768
3.4987170701691346 4.152926112978017 -43.24357146913897
-5.2861681537852405 -4.02260235223904 -17.938657568711903
5.234999475825866 4.00958673311567 95.2654305669873
-1.6140565154301216 -6.539692650954414 -38.96730265592905
-2.6331391657575227 3.1828175928648714 9.538670524908884
-3.160459255952776 5.669960322324948 -42.91563687429307
0.7688713383467737 6.657476672985022 61.530243073021126
-3.7818011807935332 -4.905287334624077 62.089510799207964
-3.535269721172172 1.2317968711929115 -63.77048654478068
4.6541111674205355 -0.6288106180765567 95.50230551811845
-8.612699494673555 0.5505605479875153 -31.13359783876028
-7.6376987818820865 0.5808263245830078 -82.3082540216335
0.59756715956928 -5.25451588553555 60.28461252701722
-0.8645212187586145 -6.59116209352948 -91.25541100405201
-2.6448437645548117 2.138404070988648 34.68944211276178
-2.581401305230479 -4.78127419888996 51.372081096513774
5.911853825033623 -2.633570808542015 66.40486438562769
1.654906643278414 -4.073521654001241 -68.94055943955354
0.028817745608077677 2.5893643125262926 84.43363604745996
6.358285714811312 1.667394285939187 -15.553971596074232
0.1899178941306 -6.680033170197374 -63.71754212449418
0.8709194375057999 -1.5592271874742798 -29.99009222812524
-1.406432048820711 6.782650434244692 -9.27094628074598
-1.9525878570085122 2.3125964712096985 -19.869644121588898
7.166791184788833 6.095544806580218 85.75965737242687
1.5103788991540616 -6.051780248634691 13.33308396969862
1.803758561277805 -0.506393108830447 -44.658627626175004
2.3049148364962315 6.238017474921696 -80.41154048469717
3.4340363820208055 -3.6704779116035864 2.5249427910509468
3.267798625916109 -5.280759280999924 83.64438238367444
-5.9740408781385606 -1.0299171146247879 65.10979226794994
0.021112358974029244 -6.327229654471218 90.28574453335487
6.871576919231549 -3.586308591495665 -18.28193102670899
-3.6773239440933354 -5.477099453738025 -49.952958131878205
-4.9627628233288 -5.526031048161173 -85.11806632174599
-0.15977132536538496 4.101267021155492 65.56335696431876
5.637934633714208 3.7104589491543445 99.81604682420331
-8.320658126008988 -4.425164947348782 -4.2361228675140365
-4.111394547638362 1.6038601061909703 -90.54806128708088
3.000425866653946 3.805680369733529 -71.82489698066287
-6.328940521526803 -3.971017819680237 64.15530850014478
9.146590156983025 0.2091950598514919 -24.142159197462945
-7.119830300824086 -2.194578717173863 97.06718277735104
-2.834360890447449 -6.684405571783334 -71.22972876740302
-5.920362476734702 -2.7909396277212544 82.74192932782616
-2.6002756002778686 7.756453918033721 -0.7781887930229772
3.0754664733759696 -3.3491447260521263 -95.16492570842173
-3.242076643053277 5.0575780544125335 56.49826794077756
-0.4510922548874292 -2.067232218193345 9.734362867837426
-2.784452829367525 1.5546514033204182 64.96755653709803
-2.113809551642722 1.1139443933284658 88.63975432824434
3.471020579960193 -5.779870496484856 93.82724357467492
0.8019445395576166 -6.404327234716816 -43.76989799679779
7.968197182907636 -1.926300906723308 73.23416633371917
4.513608321490361 5.154513806611325 99.82314498080041
3.730122160877261 -1.363525291940271 55.477772746864815
-8.229010928052931 0.7844358195699659 -11.951980199272072
-6.265288030123516 2.6190906259847506 -35.89866964696827
2.038827505167109 -1.5927393015664824 -36.175837537671704
-3.4746192888322844 3.835893937830094 95.73889721893629
5.731088893444257 -1.0622412848207594 92.62138776725607
-4.408626661582377 -7.248036291580702 0.09882234017658784
5.60340342681941 -3.3941223136568492 29.926012804806486
-0.12587412837553372 1.4060876059996803 5.932871442959541
1.3548536356219731 -2.1641835690086775 22.962577790929114
-7.4858309084925105 -1.0235134825727192 69.28189706091034
6.957140786445489 -2.2298898255325543 95.43638774089413
-4.456306157075576 -4.966206883350602 10.848085138847734
7.195625883550236 -2.050071859710682 74.76065954337659
5.0642867706699235 -3.47115182832536 -40.255475739432704
0.9515195500840541 -1.2889867779186912 -26.50882933327111
2.4345197886036747 6.002031999907601 16.050903941845142
-5.299426199051756 -6.099739643650761 -26.51130513523987
0.4044190090785298 -6.659896172259265 -82.99173145643962
-2.550484600335377 -3.7369511190338707 -92.05884322598385
0.8228252810376226 8.309867586093464 6.926444970059142
1.7032383165005285 3.7373379386069474 68.05336516009994
4.406632720033528 -3.977152699421509 36.56377090279723
-2.916403528659979 -2.934400135870528 78.57451770347714
-3.8353751092445165 -5.178169459392305 65.7179639410577
2.313596237991978 -7.6668956422320065 -94.37575867865142
4.444238254857503 -6.267595116367378 -42.97777337699181
-0.6385026565497638 0.6682150097751278 -13.675777666116415
2.3634658801472446 4.148638329450018 -12.308959820207377
2.741162475791799 -6.946499224974957 -10.816312531728553
-1.3175082112505925 0.19794476481721346 80.27837676554712
5.031832502729138 -3.5611514088997627 -16.6669110712937
1.169188594435854 7.328151666675287 -59.00028994685903
0.4016573272310582 -8.069225994498858 30.458611878168632
0.6167877547714901 1.2692818019638386 -82.78654809037016
-5.60109163225083 -2.4644171651419375 71.48029336276123
1.494238651175415 -6.435521036528673 97.2199221672395
3.291105469915846 -0.2112428297422505 -58.7330287439044
-2.0724761126801376 6.0968550180579655 -73.84110508790715
3.7154377423738087 0.48293620630984957 -28.988524585965386
5.2678904150332295 4.211052144707801 72.71560915070818
4.240600000138743 -5.880672324753634 -88.59173792649386
0.09327013150805197 -4.267670934590433 -61.44102914107089
6.628971211162928 -4.758304560713519 62.693375406421744
7.323979839035851 -2.8972593817327583 -57.371865569938976
-2.229038624880447 -4.2293106987609805 71.10775328342716
-2.0135560645946082 -2.33466726031824 -64.20375208106348
-4.072552974871114 -5.416987662152135 37.89480118521298
-2.265561070408041 -7.097236207106463 -55.242564068749225
-2.6034160360019714 0.8098399059126927 -48.61715767348855
3.0639672246763485 -5.440202589482152 34.209142270835095
3.7703003904739063 -5.394787438017718 49.29550946204834
-0.8833286096095998 1.0691280822515759 17.803958269648113
3.6940172796487896 -2.5154757437609088 -88.9733593144744
5.793864705111797 3.9334667869624016 -0.24032823667212755
4.412499687068363 -4.942949802461096 79.8491571618151
3.058742217144276 -5.163573402502995 65.68455406837498
7.857997192413714 0.32232026743205594 -64.08280033130426
2.534809133584507 -4.7192012473926965 46.21004140246093
2.164586925798372 -7.4215206338974875 6.071290922654572
6.355221303357839 -0.5822180242185989 7.96605947336836
6.276210333774312 -0.46069726377293646 -0.038226884543554836
1.5022769910821006 6.256208661810141 -60.911518445247665
-6.359118569232419 3.8241273755887524 9.29873523497054
-2.0696352256130224 7.186081893191933 76.36395280031357
-0.3956894558208732 7.124026471863873 67.5128180944404
5.049936654813952 -4.3105989360681365 -98.37181298680635
4.761706705538373 4.493962541884034 -30.468089787190333
3.4931901155962 -0.24758947384072005 -52.05623198934527
3.5600323887506233 0.35106703856381083 -23.088973851131573
-4.226011318620293 0.8487012674692416 -34.92155235104152
2.4807990036903123 -6.48193385585407 -21.655734340047516
-5.145835916894898 -2.415612420278401 16.414875122742565
-0.7357818070135665 -6.18583624744776 0.7914033396543287
-0.4413381943405591 6.621645485550902 71.98213903119994
1.2311162057698628 0.27965869999177384 -91.4779633604024
-3.4730145035009703 -4.093496879725483 88.07579857902823
-1.5023794300739688 -3.0998934800948215 -49.258800418053056
-0.2188527784979668 0.4349096432502122 -57.94185957569307
5.361864166456429 4.278091388027808 80.29312743264478
-6.835996866556318 4.020083488554028 49.25194298513219
-6.171023406529327 0.45341595706190674 97.06717241048021
-3.722723144006608 5.532581965653045 -67.32687646635502
2.6202722599689396 -5.939183268746777 -0.13730694387734424
-3.5597846812430047 5.99806128089706 49.10044062214508
0.5486418344020612 3.5108548532241657 -15.938073834946511
5.555035834738055 -3.167887845921367 9.63942002387201
4.084229684810874 -2.0104375800972494 -92.21863305564763
-6.096202301054608 2.1522373499088343 -59.30529450738796
5.976760185040354 0.5978289683975304 89.79138927219901
5.134245448240628 3.6750052054469062 -25.741608812430137
-8.366111917523138 -0.2335460660188564 48.65626093425375
4.134276607389058 -0.13772152307042568 47.97893807765059
-5.620373602259868 -0.4020363695400069 30.06019785890594
2.0356019002423524 -6.089875350278013 -72.4593058732456
2.732131302901564 6.314252722136277 -71.52495022289072
5.135919753067495 -1.3679915766277262 -6.854624208029493
-4.499721819957291 4.535147576748673 -96.86797776933705
-2.888188048868909 3.556682971228927 -65.24570866464803
-7.511886404823222 -0.21533513714314045 -34.95217259879438
3.597121006619262 -2.822516359967241 59.47189291435955
-2.102842800785909 4.914074785735372 -34.24849630913066
-5.815340926935317 2.426865913030742 61.62186914792308
-2.296562180411699 -6.170089925001514 -17.063560266134644
-7.511799608150448 -2.3494328816418353 13.58495770461342
2.1820139342904907 -0.8156313271803136 -40.606258100972106
-3.2224251044823387 -6.082066935062391 13.894397460201622
-4.844587108020773 3.7238068117811687 21.25006123107509
3.184553161890308 4.755734098129352 4.5461877334085194
-5.153530972944326 -3.831068392424502 -87.88655560560733
6.349802576285517 -1.1373378425313578 -79.41877526007359
8.28041971614497 1.5688352821004867 25.27298504810833
-0.020182246936928605 -6.425915190151393 99.8129175480661
-6.683922366942967 -2.5027843542156316 99.85078108045896
-3.3599961238773335 1.530887355271706 -9.315152968363181
-2.530956448334625 7.70911380127609 -16.017083749687234
-7.607656483355331 1.4302989557257473 -99.61681479424526
4.040348095951122 7.411176035317378 81.29161036795104
-5.568094034271647 1.8063493804000426 -41.21723448874495
-0.7899982917079714 -3.946263364214971 -40.55290621006667
-5.894262432521355 2.1340589362564852 -82.24952559588598
-4.772359296196381 4.841777974380727 7.593187210519143
6.139531337913416 1.0944047285381724 28.035941845479275
-7.328654609621768 3.2542666327021608 2.738793388132364
-6.031525753172979 3.854862702726522 88.77338966591414
0.20452163772072107 5.369771944117919 12.437405047149376
-2.7852548655587017 -3.236781121962803 25.621079596718076
5.088503056575571 -4.314392345224083 -6.345578528912839
-2.9520918810675556 -4.822480149080072 31.632568240479955
0.2694492230811414 -6.700969068291549 -31.646378029675407
-1.5946994127807534 -0.08677496880011987 -53.18396567519305
-5.482507285872464 -0.18314907927255542 -46.99555916245852
5.478600191522965 0.6713842040296323 -33.99469457986208
-2.994169727670407 -7.298573019979331 46.741729000722074
5.62554545029376 -2.8255317063402443 45.145397987350435
-4.590319961347462 -4.655518620168325 -53.85220001037741
-6.140546352862598 2.076632875327258 28.426796940181923
3.7786359826781704 -3.4396628612237565 53.479917095374205
-2.756830144918335 -3.013759800382148 1.0839817041132593
-1.4923841044677073 -6.247129261755218 -20.73572776697224
3.1315302098565048 5.404533311890664 84.0020179215953
-5.660141925168832 7.672127319711545 60.088872402185345
-6.741917951196706 3.3278687264766043 79.67322976824309
-7.152204366999698 1.9892797281527663 89.42479096850882
-4.164666465550123 6.392182741469596 80.51347464609272
-1.2877653768928 -6.945929631815325 -57.529463437560416
6.550714085226518 -0.7466802767052775 -37.103086063467074
-0.6722823479393943 6.383139675908348 -50.99228536754577
-4.963920924141769 -1.4134782936490844 93.93969602700173
-2.3003312514424477 -7.638166610260435 77.13769685139334
-5.3704304498273805 -5.400751407428998 88.52089143167186
-5.138342212135815 4.170527129022043 -32.26181072709247
-3.2239513554362103 -6.095049935320743 7.643440756932211
1.20261680028 -2.03315660333 1.48564226103
-2.103718170303931 6.02162045277474 87.24998382859933
4.4896807405081685 5.2389305459500966 -88.86549128339993
-4.65122340334394 -5.138652845520856 -67.85011378148167
3.846911780711252 0.383112860664478 -84.67048664899914
-0.7055314377087091 -7.8581590715977985 81.5143453957497
-4.6514054294333285 -5.098125632142128 91.6961982871746
-3.043229775662878 0.6363310187132445 -80.0223670145977
5.339305359239493 -1.7415599142984186 -30.427266140876668
1.1046252772002632 1.663062587598761 -50.93160350520392
-6.3147529024523505 2.2395503470962015 -94.55377093194656
3.686011076024829 -3.248119174476913 -65.91585980766257
-4.239831165740407 -5.646417315901054 -36.40095095048552
0.8750743532223754 -1.420161932852608 -33.358012534564516
-5.539777050212257 0.35764650689942346 57.94995136090146
-2.765584958053068 3.3597544995760775 -2.2256310120624208
6.5882570267844764 -0.24159173511281007 -22.500933951367884
-1.2747995625066613 6.891618983911289 -23.844935368486972
-3.5259131318504595 -3.028914666168177 -95.46706312472821
3.441798508965253 1.8029963852870752 -0.2841728947732486
-1.3580758967059747 0.1624523206804458 40.19895333088416
-2.848518182555956 5.3325057715202275 -49.18768753400728
-6.899606659872461 -0.14774171480331783 67.5662778567482
-2.5459140139344782 -6.063050978449446 48.984668504494735
-0.030335867823992377 5.7242096536589875 58.88901460726107
6.6576572665311256 1.0136706408565752 -84.27399032974593
-3.8736186251445863 2.4762138094262216 -93.92037426767081
-5.444742405711503 3.9417870625905254 -92.08179210874243
-1.425147444370305 6.445850020618021 -54.90268743500118
5.657134319005307 3.7905450197192256 22.41928768195718
5.156607103222324 4.162324611756101 -95.15191427750561
-4.162127712425844 1.3896681749587434 93.91650085494844
-5.6738801354614115 2.499716972604296 -74.43260673667643
6.910984111447979 -0.416737981796073 3.986199436491929
2.545890061347655 -6.921282157602783 44.447345372220305
5.786192758135575 3.9086420593339923 -44.5536238358807
-5.256605786296242 -6.178976218057315 80.1241545997987
-0.1405201946120403 -2.654615175002455 4.306217316729306
3.6538859184894963 -3.6864842029862843 -32.12559196437712
5.212435280290208 5.45909410113294 -40.63687854097135
5.027324468364185 1.4718041287504116 -19.922183123108635
6.993299126199147 0.45940823028727873 -56.1656623416028
-7.147283672178408 -4.074175800624581 20.62680584138772
-2.0246325655432837 6.375202257617098 29.42217058385903
-1.2499843599882177 4.027385749700575 21.378871845882987
4.257015765052372 -0.2606393633260736 5.334473275651862
-3.066879645968896 5.8993379222387645 -62.30998766113179
5.71198127658174 -2.725939208921955 70.55586819265093
-6.466046973772034 0.7109497641545857 -8.82809850927108
3.0602408658694658 -5.839446330451409 -48.380178317494654
-7.296059731736263 0.858952939041391 15.217021678580403
-2.026803242537107 2.7102727613661175 -43.745679463575584
3.092061036673612 3.4935994772543717 35.789296199561456
-0.3681386775058282 -7.895627533803475 53.08509324612261
-5.172510173253816 -2.7456580603522656 23.353836980545054
1.9236037165902475 -0.6432930814604095 71.99656249187005
-0.6165623473716904 -4.024360808398994 -87.62279542841567
0.1405627210318679 0.26776296585039755 11.217342688059864
1.0900346331886226 -4.693447752650821 41.85498901248997
1.7179357982004766 -6.2887224851954215 49.920714015436495
-6.359860762857849 -4.423210065104441 -49.07494248624346
7.378923673067878 5.035766438124222 16.342748130126797
-6.788941425680264 -1.4573252235553618 41.40792428991941
