-5.2433046356508495 0.9681458423189443 -26.12096883040423
1.5442265172505296 2.191585327489733 -86.4749513048616
-3.6842218869543215 -5.008675292302398 98.31987725208077
0.5612079459321064 5.278656171444248 -6.179868728489339
2.78136281088 -6.98767151953 26.972131657
6.845770737348515 1.4532791309335267 48.22316494648543
3.0137488261395946 -7.90191763899936 51.77646011136822
0.6076351665681686 -4.21413300029713 -93.87237733748547
6.13570236213732 0.21268671595437164 44.25445549651707
7.57625600511 4.28258967222 84.2197335168
-3.577073710072069 5.321323609101325 -11.160294881250138
-1.4587788662206043 2.2093510332910107 -39.32758038359844
1.2438132884025663 -3.783110865581564 -28.681258941895866
2.061000770511715 1.787344939680774 80.56956743017967
3.75347788151025 6.978343295214625 71.63493011217324
-5.427728870602533 7.536842479559219 93.19638713238388
7.198956634848983 1.0235723215148296 42.63804809453846
-5.415521040095035 5.827774605181444 14.303343909010856
-4.237855310600331 -8.451879097298292 70.42660049124454
5.919924061017298 -1.9220455330501243 -69.959000307263
-3.7215606804255925 5.68917136114525 74.25448715679251
-9.049533334333745 1.856298574806687 -89.96763420049066
5.537391985201232 -2.971760630307149 76.65876104084263
8.735276934373143 -0.26119904280008993 99.54587281557774
-4.241592815880612 -7.841340927733304 20.077585634248905
-2.1570544004684207 2.4784629056356473 -68.43606006262871
-3.7355783875031925 8.404216153969761 79.1590325271379
-2.44421521176 -0.791807343082 4.01459691851
3.135495642661405 1.2761051422085468 9.494801818369224
2.40252270891 8.81242510848 1.40536318913
-2.4116804410783654 4.098333785905938 -52.87292250952501
-0.38576182980640317 1.2307617315791264 -99.09324125958318
-1.6611360001136863 3.8071515447280415 -93.85581848823256
2.7011423916749755 2.1875453452841827 -87.87784634269966
1.717429531711991 -1.6634365289333803 35.24235381567273
-3.149867843419856 4.899911494974615 46.69367890923632
2.564182045805121 3.7855475380393084 -52.54316580042184
-0.873757407272 1.85343751333 -35.9949228504
-2.904857284566888 -3.872608950862445 -24.863464427825246
2.2569170096193005 -5.504471087804026 -24.83577468716191
-0.23643970347774035 6.190389712686521 -36.280773486442094
-3.743055528576046 5.307222990738449 -51.794649635066484
-5.286639376912222 -1.946262780016899 39.76149002841376
-7.907937145348748 -3.0319444629253023 -31.11138225795504
2.7495943888561727 -2.5286266104208828 74.25511801450543
-6.47000450667392 -3.219436206561805 29.991701172329428
7.493555834332999 -0.45019894098984725 -54.7576593368069
-5.65228173614968 2.4166632017675487 -55.59449359700304
5.842867200314369 3.714036574702799 -61.58216482523728
-4.42815715967 6.14452836334 28.3874512993
5.491299614099172 -2.5422730340310533 -73.93595000171403
-4.153780307657429 5.870393723584717 -45.71743058943013
-2.406933557168259 -2.3409792372143 -13.793059708364462
-2.0321256481498615 6.926126895715189 -69.90408093730119
-0.8486707311181734 7.980785963167331 84.73309911277441
-2.6250785061349386 4.344676814215821 65.49180710779106
4.30333297532587 0.22862882181153846 -41.55640323021188
-2.6220968734744914 -6.258114762616081 -88.0720161464963
1.5234862331345687 -4.0465147778661965 62.13931417355434
4.158473465126073 7.1681188091191315 79.21577563893767
7.99349672048 1.53906808039 -97.3711006626
4.943539204997415 -6.444262614456951 -39.389366297926685
1.8710742343668862 0.39772030275470704 -18.381091560773474
8.264835638750712 1.8810082020595253 -31.840485965519072
-4.831162117774194 7.312626067400325 -4.430365110557147
5.82373552913586 -2.94817549425131 -60.41787644821838
0.5985448363710172 6.226208501189831 -65.21338040766197
2.656942484500336 3.9440806171313576 -90.55869367755304
2.335282943138733 6.878031730725546 -89.38471175908842
-4.574816522394187 -4.446702170086237 5.280407170697689
-1.084417473870528 -1.5792276890429764 54.99559641818589
0.423681341174871 -4.799701469237352 -36.93995346922004
-3.1588211355121083 3.1872588606177543 18.730669453594246
-2.749036039002877 -5.874354213224805 -34.40581951989612
-6.830671853615599 0.8022517742135099 42.594019321310604
-2.975087494599797 -7.283359316758391 -64.22252564032756
-3.313923378426111 2.138929713139355 56.90982407613553
-2.39470636298 6.02321819118 24.585302005
-1.8218076432243464 -2.624849660565154 -1.4068033565897595
4.409148353089175 -3.4178706304689848 39.72863917383234
-0.7471164902020105 -5.0875203307529056 7.110355467747412
2.1628900944940774 -6.760862304035208 -14.393707940646104
-1.3063320003282848 7.261503171303307 90.29930517448986
-2.51528606283 7.95708396421 58.1833792781
-5.343454575937262 -1.2497321263954422 -75.18568297455843
6.2780930661511585 3.1963990201323798 77.4822960933071
5.625532873618292 2.597290349271398 45.69181021793792
1.27687909185 -7.93733510202 17.5517539927
5.552378912145102 -7.127905574137327 -96.3956228421997
6.770859841635305 3.5878430120525384 66.46669700785205
9.048393968083227 0.7578100953231316 58.4279830167729
-0.3459642453703723 3.618309482667172 -79.39140440012503
-7.987706892231276 -3.961373589669317 12.799094519088465
6.56118662318 -5.15747875 -64.0455117137
-5.753678036680844 2.065402749359932 50.568546384319625
-3.7614427922986597 -2.33638634019255 -21.76413731948729
-2.1554164847202646 -3.0285735058466985 -83.9916535226011
0.23643866922091683 8.056134137906405 -19.182743270167798
4.828098389082394 -6.742233341812296 38.124921476164545
5.552331363914323 2.8649021160516117 2.659918384366175
-0.8976939451906829 2.777194554446686 80.57581208324898
5.479865275145316 7.122701735847568 4.592574896645566
0.14586306176387528 4.098756713454075 -62.59534884012082
-4.50764284741676 -5.818247801038928 17.208052851655236
-6.644179194050986 -3.9888748151179407 37.17485778089796
7.635670525453796 -4.026760923343414 40.80272446329298
-0.4307722040552896 6.603494753821152 16.772275855291827
-4.65652959207 -5.64790244293 -95.3750487147
-0.834023352272468 -1.9072196447430052 -66.28292043139655
0.8323665520352956 -5.385748881174546 54.873450464774805
-0.9078159486366866 1.731058678548325 -6.412768982218643
6.69223471012 6.43230239338 11.424249452
2.1338280778438583 4.545614694454927 71.38935191238379
-1.5341467866151235 5.666623564304582 92.4701207869317
1.2126227141890813 -6.524959912275474 -53.70836087141907
3.3608454829963863 3.9829335419600205 89.65528664979182
6.500707298505013 -4.696422515416137 -61.97731384646333
-5.13598991105793 -5.620023650600376 41.878646371383134
-4.37075816945151 6.614778948800348 -37.19021622984626
-1.1392996272821103 4.246008729208592 -82.39118940011569
-3.6970762540839384 -3.441363382869764 15.701785418195241
-3.382170913905221 -1.7403542729776926 -5.107336983386056
-5.798612572086831 1.7452756157319524 91.11000280553417
-2.3188854875406353 0.9288552590330361 -76.23764392140697
-4.50477509555 3.3086610485 -77.4941989207
-1.931087644779401 6.147159827999209 52.18998037882193
-4.064430987643743 3.4685612826913137 31.476378158413947
6.406794577809483 -3.388929339423645 52.41991273096551
9.025585832849252 3.171001642586087 6.98979754043334
-6.906869911451258 0.22047237727664626 -28.74732662434241
4.28562116873506 4.689424489086754 13.084754974466822
-6.36040424618 2.91335608515 26.1768879735
4.455770946799945 -6.033972865775117 87.16072571845604
-5.20051256837766 -3.3250436886464927 44.63494712371781
-1.3930779890300014 2.0381804653176205 29.92070873135905
-2.6410662387530484 -4.6907684250255794 -65.86442315024185
-8.62807451078 4.31670877058 50.896088114
0.6571400564920121 6.187418656672382 -30.860567039740335
-4.598238496120655 -2.3657774618796723 74.53712863940754
-8.775800373149645 0.6870253905200318 -50.63683294978175
5.37802763503 -2.91781263422 -33.4274724945
-1.9349223179572885 1.1363612932965104 54.280368520010256
-3.0771840323574233 5.8830523472410805 -78.02305358966643
-3.962729368465718 -7.480745074898832 -77.9622450197728
4.645928925887785 4.587328157539511 -64.098903957669
-4.5876480694180035 -2.6274690931913236 48.84636376324474
5.691559190920455 4.7012856836043095 17.62359568059215
-6.515232775904143 -1.9294196933069863 -60.711221680534315
-0.832666133399045 2.2153071667487723 -60.00965075165618
-4.840338469874077 5.715635336935673 -94.02665521018703
5.75270787535529 7.297051109873333 90.07986914803477
-2.6421548774136365 0.646991458521513 15.995372255113665
2.5490025143754282 9.319050870109496 37.81480016777174
-4.01192949776 7.20021585638 -3.18556572471
2.02727946497 4.53668767721 -99.5254216977
6.290444632263571 3.0169370299704563 -3.153944510048121
1.081959798113194 -0.06416187576914534 -62.17695012878193
2.821916081437623 -8.717021734789252 3.720521407331559
2.518958434853217 -1.1735432726547492 12.098261023388483
-7.0157997611554626 5.569051513330838 24.64632974948104
-8.726728143043603 -2.8808607190183437 -53.88680188885797
-7.575332452299418 0.7059060475379044 85.1993513050568
-4.298017049194695 6.646854103192047 38.4719073444434
1.292312792585144 7.992391726493587 42.8400031686622
4.79439303192 -3.12814265522 61.336061664
-0.8006534626407413 6.500249877736023 -1.1635999076509513
-7.1527851243999105 0.739044871013407 40.06469895043757
0.17538948139724708 -0.6648491448747416 29.98759466439298
-3.7457701682762257 -0.02458223082664321 51.5918091200449
-1.8127843279926463 -6.429067691349327 78.99654090554924
4.294182022319507 -1.865627548150524 -24.619218196219425
0.35794678434120436 1.6679794115734476 -55.50939626518306
5.562804425779781 -7.109100472130495 -8.055686070909783
-5.88019585634476 -5.0883537874299485 -63.48413911778107
-1.732117163502231 -6.696820245340742 -95.21564373365372
0.9136664300072768 -8.02864389309707 -95.82857118502668
-1.209834945578389 -2.950509438952746 39.61341330694023
-6.737604615715645 -2.98541523746028 -20.001295984518396
-6.274579079922187 -6.5104965076567805 -4.981782195976929
-6.70481721565 2.4490325326 -30.7281823267
4.795744099112481 -4.443952335220455 57.56610729194509
-0.38916350867510413 8.434411084583838 -39.7515731720681
-5.7495107779422945 -4.51432529461873 62.230364489355075
2.9664007816031592 -3.516937243806056 -80.20533547452237
-5.983535056108745 4.886425773565736 82.0005831829953
-0.7834433568155288 6.05584665281982 83.5010605616479
-3.5109961669470997 2.558718610224379 89.73846683873282
-7.628218401627585 -3.9129352987890798 70.01925689110075
-7.676879287450908 -1.544820784038723 -32.11160818867408
4.1874653134649105 7.53759709463564 -65.62386498416974
4.300239172502111 4.1032144134723065 66.87593533307198
1.6494854051332557 7.202032973226412 -26.3889778059129
-1.8465484469351314 -6.6344686752044355 54.92029161203298
-0.041125460603381736 -5.350660156534371 -65.26097799653114
4.344065535022978 1.7964993188990703 42.30465037243279
-4.03009988803607 -0.8613793862143752 -69.54861957387793
-0.7819224096307078 5.424905963682123 35.06259169956941
-7.22882735232191 -2.9851046219955224 67.56653653397335
3.2642573050265824 7.208310438407048 74.52901474119037
0.19333516245366367 7.560089437674426 46.147159055338534
-2.9819744127395484 -1.0079166044206556 -85.68111861851975
0.6957889826781922 6.540058168850495 -77.08607480159444
2.3890475933462185 -3.3381378166852267 -82.9226313419579
2.866788350048088 -5.352993587239208 -90.29800312994965
-6.843273111696314 2.8334224281284013 17.984029041055113
0.9619358096738646 -1.7017214264881972 56.91033111849744
2.0064829291957804 5.834830304520978 7.406584480881632
-5.8847911524329835 -5.6723783896288085 -82.7673896747226
-4.680702103680197 8.07128217581674 -82.46885860067542
-0.44798418942334406 -5.192692591196907 66.0868782578743
1.074739379162279 3.3391621651752237 54.669189641043396
6.960108622692933 -3.131385394577118 20.682139382126167
-1.0880689654 -7.78111095848 67.0757739918
0.023113895054356876 6.073804057605273 -58.26886690404962
1.114586284247269 -0.4059343882041655 45.38190636553647
-8.238962124019078 -2.798852388140629 -2.4359930421279268
-8.55377570485108 1.0822994732735458 47.00199769655275
-3.4004564837725786 3.483682023494266 24.448093944619504
-4.4445300856076635 -1.9968993869703964 99.16215939701978
-3.3300700899255933 -1.2611734458618729 -83.25519354894696
-4.915097679358415 -6.954782080166884 87.3901127235789
4.416974835530982 7.195403137080746 97.12325690641703
2.2428641414 8.62691085208 7.14332290376
-1.1855961910795092 7.260230570133603 79.16778249848812
8.536019687890578 -0.29780490724604824 55.10343251504463
7.4525960334042916 -2.197485734615997 87.34591803962975
4.665845903025967 -4.0795530445917665 4.588913905073884
2.6947154342666253 -8.583109935574257 48.96450398444441
-4.880757052676423 -1.7308117094379296 -30.938261361731627
4.470740117980656 5.101674057360567 -43.08736905298695
-7.873366563710403 -4.025364117852782 -17.84580159847754
5.25460747033 4.00847960775 95.2806582674
-1.9023317598662277 -6.444559077960302 -38.88141004362897
-1.7032694158458648 1.0873584852418627 8.735845878407435
-2.372819360182534 5.916964453782555 -42.70037684541616
-0.3960649629315844 7.204051361888116 61.240874207324715
-3.7857511784837734 -4.903765389410203 62.08876085967683
0.4531083167917891 2.4910673116367503 -66.72866417231265
4.610440966646062 -0.634539828782047 95.44953019426548
-9.73624046492 -1.35285602444 -32.3462041683
-8.902034408374867 1.4145811803328905 -82.20552074400793
-1.7036849885366845 -3.909299335933414 60.42742272126265
-2.161856782062881 -5.791238992063517 -91.107142748877
-1.7410247081889327 2.396911624986803 34.80840794418183
-5.05253062345 -7.28669140582 51.6620454809
6.212054857541394 -0.19898770169825802 65.737991138558
1.3343598105394363 -2.7860638200723766 -69.0401699435133
0.12640866995107658 2.1122857349672635 84.29042083688707
5.986014922017777 3.2562156360907704 -17.03282775591786
0.29012033748546906 -6.602605958473807 -63.150698178769545
1.2040744175188236 -2.2149602640737007 -30.27897937440498
-1.1126798270733345 6.007045247260231 -9.571911674089304
-3.5601920190673666 0.35319877515090237 -17.644806949528547
6.990885208828333 6.5009701818066095 86.26409892670338
1.272966947621298 -9.1233015711991 13.174225589240653
1.5944350592771839 0.3006954905580116 -44.307471649318714
4.862481362548109 7.763769080256201 -79.11362333439705
3.373846274 -2.57395088171 2.95859647841
2.797482954052958 -5.356700706069293 84.23877954130629
-6.191182030254912 -2.398540027550669 65.29989672719286
-3.4653448357948267 -4.60847957876576 89.68281263830498
7.3009318542158494 -4.279529603917777 -20.475383061738714
-3.8022416636584504 -6.444529023691879 -50.23539864745636
-5.769234729287119 -6.215675472800734 -84.34751908757998
-0.1261973217472028 5.3719580920305985 67.07760369333444
4.924410577046246 4.1059029463685714 99.95063624627306
-8.341078185154242 -4.630947638590412 -3.747456835779791
-3.9794112167615623 1.058829073495236 -91.05481665410106
2.984844662376935 2.6666771776116014 -72.31807053875058
-6.6427399910713945 -4.588222390600796 64.50022791357543
9.12582597215074 0.6555825563506883 -23.432885428300022
-7.132754252148949 -2.769710218103886 96.99733942645842
-2.7329248258793637 -6.967119966591 -71.24985457864788
-6.762547530091501 -3.046353495452245 83.01448713025471
-2.3797655300275555 9.13045331456158 -2.8925300758220915
3.9945888267498533 -3.270058014988316 -94.86634458725787
-3.09258438187 4.96351970048 56.3873476422
0.1431813722287112 -1.831650894888298 8.771265298912974
-2.990354336535685 0.9036022641413022 66.25336432821159
-5.885494752436873 2.14559256359695 86.61442091207394
6.720125658811812 -6.044128289773128 92.85367038318988
6.784816870490526 -6.638101892933794 -46.858919267623556
7.968197182907636 -1.926300906723308 73.23416633371917
6.1290562201890655 6.51493702436361 99.39949000638957
4.3434003820751395 -2.3184021232703858 54.961993014864966
-8.408867071603703 0.9757789754028293 -11.909706068700334
-6.2566598515243435 2.615524405277105 -36.0153517887013
1.306635686749266 -1.9924497229010194 -36.541867639829476
-3.5722090395938375 3.851884557583902 95.08349033251027
5.32123842553311 -3.89568584478095 94.45545640804272
-4.594916873181858 -7.5280124094214615 0.14963692389687697
5.754935468093123 -3.623738584696043 31.129683978241246
-0.5306963626070644 0.08032480121559005 6.015603674896318
0.56958772557 -1.16889283142 23.5600740486
-8.50182760165147 -0.8233398925310572 69.3335210965292
6.957140786445489 -2.2298898255325543 95.43638774089413
-2.66768701166 -5.70699422727 9.74091216039
7.865128632248386 -1.0933759985214317 74.19873329703327
5.127446367887385 -3.3205799036164443 -40.071869987437594
2.3120512134427345 0.32883048344108745 -25.43721997902997
3.918483821232085 6.82050663253735 17.557536412724218
-5.9512399161474345 -6.368904950338553 -26.580641332337933
1.183106707499123 -6.332041717835794 -85.22720070491913
-2.8728742530422124 -4.323992913630343 -94.22074899845096
0.6596491785801555 8.330146049892704 6.845275987843756
2.2903321102375167 5.042143379093117 67.63937672763456
8.149181816256236 -1.1691970641819478 35.825621318922565
-2.9731940650272044 -2.8710855176064944 78.29610457785498
-3.859977388112754 -5.072893776413151 65.46461692144432
2.090507774301617 -8.189391907590037 -94.30282188815431
5.97327307619781 -6.4638982394885645 -44.589312333357796
-0.5060977878325441 0.4626784690656196 -13.778817901070624
2.6102205900923976 4.468118208388746 -12.440423233204571
2.741162475791799 -6.946499224974957 -10.816312531728553
-0.7464404752726861 -2.1431606562902332 79.88447669492285
5.580771513604503 -3.6749932914394767 -16.745275237917916
1.6051867933334771 7.791943410870369 -59.30086669460778
-1.8293892242925371 -8.26741417775272 28.55800016567572
0.5170100924821246 1.3501111642508756 -82.94313626867182
-5.480224598194164 -1.072006421583339 70.95028422992793
1.4710777559721238 -6.479038255172342 97.23313435141797
3.326925120091493 0.460838412652788 -59.442306741455496
-2.6141861767996266 6.358495479871438 -74.17325802363032
1.350703955996506 1.101881817002685 -29.387935070107726
5.299933811328277 7.658570197550332 68.82701134438618
4.230992240184977 -6.127314968730257 -88.43187888473908
-1.0797016043927434 -3.846420483973594 -61.21294656214503
7.13068535387746 -5.544786531643211 63.4775820399803
8.27154941875 -2.05704020825 -57.6097722122
-3.0050401376102958 -2.1531456714047406 68.30242055524806
-1.97369137899 -2.21615102538 -64.4735346959
-4.933832051496151 -5.079523902042457 38.512035455913505
-2.265561070408041 -7.097236207106463 -55.242564068749225
-1.9831138079312636 1.0565556780430216 -49.84522255008966
4.184488535327408 -5.40477411790731 33.16666999113858
2.31248701148734 -6.0323176401685465 50.29003308197611
-1.9541517969842912 0.1968549794517297 19.98645646214075
2.9508120511971576 -2.2964613443851247 -87.33558776050698
5.828059296178226 6.44228975972739 -0.5002707838328166
2.0416947483672843 -5.19360914626136 80.07307844297986
3.71332712395 -5.56229868693 63.4924121211
9.282439513232388 0.26068787436770263 -64.72066559210764
2.4600772411666103 -4.771145935230676 46.17610317355349
2.164586925798372 -7.4215206338974875 6.071290922654572
6.279792742428177 -0.263159909703883 7.697935712323848
7.203382666652502 -0.631549631764865 -0.5710526927759016
1.534340541569331 6.287933735631105 -60.906271345432565
-7.904717359798745 4.741778684276364 10.289119376332353
-2.4300237409998147 7.807926694653675 76.42510278483962
-0.3956894558208732 7.124026471863873 67.5128180944404
4.96099243331 -4.17435915414 -97.8360169784
3.407412321135793 5.286613597147236 -29.558334456230238
2.5801539431461826 0.5780415017384368 -53.674638365306265
3.9228646739967354 1.2570232227712106 -22.842713681873445
-7.343903666748872 0.9744204966106298 -35.75945493559907
2.7423392754667644 -6.941256045029509 -21.729882666182398
-5.987147982563684 -1.782283584195882 15.505615288316006
-0.6902810500378805 -6.179460679431982 0.7740868350648932
0.7028197002575178 6.9938144156667255 72.48703635052549
0.5838796319153936 -2.041233444161612 -87.76526565322952
-4.462790055537778 -3.4575536897480013 88.36932805246343
-2.4623290276409677 -2.964929175832191 -48.8716533302755
1.42686959807 0.215117327466 -60.0978990392
5.781290093282026 4.616616134438719 80.62704735645744
-7.522940669090554 4.152999763881241 49.921285015423265
-6.16950180604337 -0.5156469140802548 96.14435719603792
-3.748358250163904 5.515880580092081 -67.31463749472938
3.162134262535906 -5.739455070728777 -0.033912227335491874
-2.915362536128952 6.979710195093025 47.65445539365889
0.1793288587251599 3.25786220203894 -14.867538581444654
6.313568224602571 -3.3116528772668463 8.576753828689005
3.2865239197056004 -3.181311065832685 -91.53314832926364
-6.241180567049321 1.7925766281884292 -58.839012298413884
5.895528080165233 0.5270398427359853 89.78935229347368
6.441554147913963 4.276112830226836 -25.99862256984348
-8.366111917523138 -0.2335460660188564 48.65626093425375
3.2586522640984965 -0.6213614315776576 47.733669502990026
-5.620373602259868 -0.4020363695400069 30.06019785890594
1.9939011390366481 -6.09555888780967 -72.54980376016479
2.009902840587407 7.747457215973393 -72.23717538848952
5.1312368062543054 -2.7589506599095412 -8.052506342060099
-5.032441940708011 3.540880656606565 -99.87587310015778
-4.305321544934759 3.86410399195558 -65.72699338600357
-8.49072978210004 -0.6262280347473647 -35.203637264027584
3.9835267669423433 -2.850912430416545 59.69704676040386
-1.923047245182688 3.5881260003473474 -33.90745978435978
-6.525646031578332 -0.43603738240654566 60.38815656774951
-1.9318300029846913 -6.350413169404275 -17.2152025325818
-7.511799608150448 -2.3494328816418353 13.58495770461342
1.719960723238747 -0.3630624696889635 -40.94698706293772
-3.180094234487072 -6.0304798145273235 13.880064962254496
-4.665024329777001 5.137077054477818 20.23709365207532
2.937037877190403 5.353094328264409 4.582112175583113
-2.6738131482968113 -3.7044876160437683 -86.35791713877052
6.073116844996888 0.0943001937233172 -79.82262660853644
8.409634922319619 1.7968057549991943 24.836199770528093
-0.9577784159780087 -7.05343848643399 -99.82381190013412
-6.63646947951 -2.67507649569 99.8670105565
-2.3705910847438414 3.0206454435062042 -9.598315814383922
-4.711993047788926 8.626311000023072 -16.151172245268544
-8.095079127347502 2.403989738049985 -99.86600854008368
4.16994698468 7.38072238565 81.135122498
-7.968589895143195 3.5712027296079123 -37.876000340330016
-0.9063473699716577 -4.82466807020744 -39.67352350902052
-6.239838493522551 2.3974767702752873 -82.27556976844085
-6.817530858259256 5.28368871608644 7.371303919870954
4.554530483191483 0.5815669491809163 26.294616718458652
-7.328654609621768 3.2542666327021608 2.738793388132364
-7.522826081920802 3.412130905023896 85.17439192887058
0.91520268169342 4.784052475771036 13.526849863012531
-2.454800625626443 -0.016019636207904683 22.832409329626845
4.76126888918 -4.83754205902 -5.37019558584
-4.491824303426487 -2.782103290483777 31.763915117972502
0.9432901838614447 -6.714352475037451 -31.444528679180596
-0.1461086153618737 0.26628527627636817 -52.28165618079141
-6.5918927334236495 0.19504034635096662 -48.66282848514858
6.112164662258055 0.8960001909853051 -33.07989232961092
-1.3992134490860555 -8.93563125021099 46.29082673795011
5.606729447525116 -2.9422444702038257 45.01386417742088
-4.0777091116526645 -5.3318051820374315 -54.3952138330749
-6.140546352862598 2.076632875327258 28.426796940181923
4.683920781035131 -5.994610011032781 52.99481255289065
-1.3826066367742413 -3.3250471778507005 0.6664525918029824
-1.5401553418595424 -6.282374923183259 -20.80531394013376
2.8552690313991484 4.587492305899617 83.0779207108038
-5.6388005277026645 7.704346107402766 60.20470189404086
-6.225690746151449 3.777904064766329 80.74306963429447
-7.55927412149 1.8933859787 89.4011019448
-4.131138782029021 6.555043738700565 81.10545735064852
-1.3923200537559317 -7.334366106155903 -57.833033888187636
6.614648361651936 -1.6151130346001121 -36.97540165574055
-0.7376188180067875 6.415082510104705 -50.94378359882228
-3.5703281593287644 -2.430882484559417 95.14427948401452
-3.6175799972332756 -7.957583855889732 78.31572335029998
-5.3704304498273805 -5.400751407428998 88.52089143167186
-5.1500455770047155 7.754221013103874 -32.01749068905817
-3.93512297066 -5.68345102175 8.46098841341
1.20261680028 -2.03315660333 1.48564226103
-2.121046293946838 5.960745874412256 87.21282293025223
5.220353264183752 5.820494399449428 -87.6017387851576
-4.748427767131085 -5.097017014494397 -67.76759482945009
4.646729649056908 -2.4808863985777574 -81.66822443555174
-0.5879594306264865 -8.683837782666123 80.87244065304837
-4.999496379884731 -4.026456874374197 90.33139861545443
-3.6392726022191964 2.0292385844361758 -79.4391970602311
5.339305359239493 -1.7415599142984186 -30.427266140876668
3.08741298 1.86784360378 -49.8048398684
-6.301772386335655 2.34266386046019 -93.58922981013238
3.6886408682811966 -3.2420184498333877 -66.43442572051296
-2.5857304876565084 -7.813402807506028 -37.33407540904998
0.9472734277490892 -1.6745678763998721 -33.14383547475142
-5.206868080004151 -1.1740405355246184 54.962967466475156
-2.48922264551821 3.335433384551932 -3.08124657570654
6.95283783289 -0.414181459237 -23.5136034377
-0.023900287308499968 7.01775085842929 -24.924721662923318
-3.0594244589881394 -2.524181878364941 -97.9986334289842
1.406648536891061 1.498103117009585 -0.8506579880383525
-0.8265383160808978 0.15765187256603697 43.372661104276474
-4.9583611428671315 6.237605008356546 -48.955155287353705
-7.436519490163789 0.7172973833688788 67.4515617864946
-2.3988653370804607 -6.4387953583484645 48.88904928809762
-0.10990991956899798 5.410436194226168 58.71995877773543
6.960372057276257 1.5204293704194671 -84.1759210423466
-4.38877775025 3.24802001309 -94.2761722215
-5.78411295274 4.31363231544 -92.4688039373
-0.3308362258837681 5.935827732427904 -55.44124744931183
4.56245107287338 5.063810090668587 21.88023398895624
5.2637165508162465 4.065521097582527 -95.11898241465498
-4.519025066716717 0.9636273472064697 94.00038742095846
-5.616002601266851 2.271779011177804 -74.74827746969433
6.910984111447979 -0.416737981796073 3.986199436491929
2.544907723676369 -6.997717740122562 44.519728221573025
6.348993359812158 4.123539484881048 -43.730955147999936
-5.22985047187275 -6.477381670912721 80.15119390237695
0.019638229004910968 -2.930509559839116 4.188597183298162
3.97045620316 -3.63830040518 -32.7386746633
5.330608535974327 5.490316701027253 -40.84525704987323
5.365698282967691 1.7244319419566656 -19.779987589890194
8.192185189486462 -1.432666306103461 -56.80980949931819
-7.147283672178408 -4.074175800624581 20.62680584138772
-0.9285517339577267 6.092113139447809 29.247890389883565
-1.2170925208384948 4.090917913026731 21.39907450214529
2.247098510254457 -0.16344685983714957 4.822997161776645
-3.066879645968896 5.8993379222387645 -62.30998766113179
5.7125079919131645 -2.723210358298875 70.55608616051772
-7.223342525561687 0.7084842823669086 -11.199721055166814
3.281372347904045 -5.7433872697948845 -49.1346453798487
-7.34098792678 1.2290075283 15.309340152
-1.272534099084147 1.3053656049340676 -43.822536252746204
3.3387169818294855 6.013973736351704 34.4711612438776
-1.976195218352439 -8.187808267309213 53.99438313265021
-4.931103299605498 -2.817802974373225 23.648712827488136
1.805474548505893 -0.3633600036177782 70.66166872136122
-0.4865302110395446 -3.9676273244882645 -87.7160539053312
0.5964168935638738 0.4243896410544405 10.902952606010455
1.8173720991790443 -4.697250635302396 41.753631655320845
2.68934377104 -8.75966504047 50.2527245065
-6.836471303619029 -4.411066124398532 -50.53338402830667
7.351595297102368 5.338156154884251 16.41908815711676
-6.788941425680264 -1.4573252235553618 41.40792428991941
