-0.18791040535197023 1.2521309002959853 -40.3212258492472
0.8960892654986337 -1.7389809711477164 -85.1313856874094
-6.2175080163954854 -2.7640080985928033 96.55470805232835
2.2490135241201483 5.776274236224369 -5.2670672748038365
3.8815266186115154 -4.428139524642427 24.716648409177214
4.209418694059872 -5.056176055431437 47.494856208097794
4.225571778196895 -4.967018206727149 50.54875894226129
-0.6818884302001057 -4.151123065619436 -92.96727586617475
6.616603732682917 1.28874015639764 46.34657826614378
0.5815932565647185 3.061072022649118 89.39946528810532
-6.64771804847258 0.13366938908314752 -9.297949723178201
-5.430393943006099 3.853838629317066 -41.10948643440477
5.086925713167851 -4.115289254196991 -28.496209572344448
5.884233764837001 2.3026494452877513 86.54619427013468
2.106617413091195 6.068630001775728 71.18981013924507
-2.270694039462889 3.792607498874634 95.38157809967278
6.148683011390568 1.766483611291584 37.02840717849335
-4.690507151632632 3.7918912695192906 15.548763601583985
-5.228979755552062 -3.8832564146911346 72.92140383349269
5.44151288137401 -1.1492403624835994 -74.50983166732269
-4.35022890148211 4.57788795952453 73.08773916698716
-2.669582267300788 -2.0114250404134006 -91.1000490370832
6.260008251495373 -0.8240316428101039 78.74700886751559
6.250813311464776 1.0178123452454175 99.01475040865918
-0.7226460565336577 -6.645929659517581 22.662727638259014
-0.018494130278625287 -6.181601285554824 -72.85451856900279
-0.5825760405923566 6.154606925134224 79.03802700387962
-0.41101407960052705 2.175580551488608 0.909452191459938
5.626753274022233 3.331371157390506 9.303567455007313
5.613726040030491 3.5452412661104504 -0.7380563069818113
3.389960549716267 5.75665387692846 -55.221002405069335
-1.6589401599346743 -4.111318227735653 94.17765663143695
-1.8693024509006577 6.150982220151373 -90.39721827855656
4.190006839402977 4.525783863796265 -88.487466952493
-1.3270549635748699 6.624997943476382 28.69381300346967
-3.4288977227106137 5.937435863759716 42.14032112704559
4.963961396102813 3.393828153931859 -54.0342538236981
-0.22237317425197883 0.44993334010099534 -31.988802261729834
-6.506049551673425 -0.02561778897290401 -23.32956431422042
4.738444409314716 -4.68819117239879 -24.535731533400977
5.177398644762373 4.461711339028302 -41.703947428852665
-3.580453283478305 5.427632112244457 -49.40305654495618
6.364151718603008 -0.48262492209006125 34.53231056188528
-4.811504861709886 -4.242374583159776 -31.55810055093977
-2.092668063042823 -2.136697812042416 73.35228954382471
-5.9883071028645505 -3.5890492289979044 28.25453838259504
5.3305498271916605 1.4433129288654871 -51.13607760842426
-5.576823895769521 1.6299401319842164 -54.386900075971454
6.2244896207045946 1.3265523542449569 -63.96214262874876
0.6124099589820403 1.9757592732565952 30.82435090150327
6.104109559753326 1.199917218142194 -72.09139247204662
-4.707906735363233 4.3761845590455515 -44.52727759423926
-2.074421891015847 -6.561708735541731 -11.98571257849913
-6.204718850413055 2.8555383798763665 -68.29665962581153
-1.3309417208697143 6.286246482283245 86.44297316657074
-4.848065821850726 4.38586852062421 65.50987837979719
4.125409613236079 -0.047196825407286445 -41.2810059844056
-2.388300763456995 -6.221588319434585 -83.82180601174312
-3.1859874739360547 0.6829617802287938 64.9175287542623
-0.5470953681932262 0.12248924258301816 82.80559292044607
1.2936819726695892 2.3165126188992575 -96.80592694044716
1.1747729327269976 -6.068735461257236 -43.13713294932802
3.110107401277091 -1.3938335237455644 -21.644269110608025
6.07425561177556 2.232054756785508 -32.20063853784597
4.1423489607839015 -0.5551360068054391 -15.764696203482398
5.1814171804151 -3.9112046262470814 -58.46296189728788
3.6584210436950113 5.709710446758036 -68.34316759827212
0.3196175156411364 3.7126727976225404 -91.35073722733638
1.4583914807728557 6.463079360872546 -81.62204811577033
-3.359885392457403 -4.427288944790248 5.891828198475459
-6.305156176127922 -1.5006664094325102 56.0112299456398
4.0007925783006355 -5.151147722827645 -36.13881573440751
4.682968429295413 -4.505765245824812 16.779416216382707
-2.34549654115307 -6.065959744866785 -32.65209052021606
-6.340472055002122 1.3916178102525718 41.145339666022124
-0.4224554055203403 -3.7138384258841444 -65.34222815294336
3.415419267771575 5.909176780302271 48.695905081549796
-0.1502530526104653 -0.6103097882327893 18.06970690573528
-1.3437300944326287 -6.547560784655221 -0.9323437114820768
4.686077164432528 -0.2700118616991033 42.45726625906777
-3.696812919495578 0.87920593094413 7.32970524831992
3.3701016286534236 -5.18488227391762 -13.747901132829222
-2.986095505624848 3.0289785442073214 86.78971344870074
-4.407036034983256 4.685884020998653 69.10912587316129
-6.126136689642191 -2.591263148523955 -78.52536930123333
5.387320686274315 4.296508619095457 73.32882182528859
3.833427080130937 3.977808366470893 45.993303637051966
0.06407243138819974 -6.586141847927583 13.03543914349911
4.091137613523502 -4.960313108271883 -96.74248197462742
6.108206187097688 2.499670258809177 65.27883975760902
4.341933060028856 -5.042722361463213 57.698529503575706
6.070688254549992 2.841329657045152 -83.67730366548147
-5.96380864421586 -1.1389671555484153 11.456623919079748
4.273529808101817 -4.578653173500658 -66.47601354230345
-4.21381469454469 0.3741166316124079 53.62111760452944
-4.463505344341052 -4.449623750796554 -24.099315654859204
-4.234132290678099 -0.45400027426626016 -82.97249256024188
-4.252698213382418 5.134507983505691 -14.631613214535516
-1.7405804667444387 -6.218025501241439 35.82457391764782
6.205134902582995 1.3413000372355313 1.542688659538317
0.6670867611346738 2.978379496060165 84.39520157698567
6.275837690269772 2.3244969849357604 4.743352554531975
-3.0046792059791385 1.5978280101051991 -67.88871466657554
-3.035537150154995 -5.638340905513105 13.927263219491994
-5.934435607169297 -2.4631569010233134 37.221958497574796
4.307208243180389 -4.993647096459516 40.702655830727416
-2.1484352355534373 6.168223839828551 20.966686061927128
-5.527464664006377 -3.1180923289969846 -91.90243443053348
-0.4282627836334664 -2.2075375598297335 -68.65553461867952
2.6689233280803473 -5.988661771091838 55.529864971863915
2.7713695268311733 1.4364060986937548 0.8712379657853215
-1.9203982961649364 3.2006022661252604 9.242013231985787
-0.39407401309542933 -3.2466481930362594 66.58870635923553
0.008403449053728224 6.079756317315433 95.2128944696896
3.010749951585553 -6.014233814949295 -52.802589533183124
5.658183142142138 2.764166469324094 93.38012372063606
4.961136558736033 -4.15663692680671 -62.49473708006015
-2.7797310368523 -6.27066129734189 43.27860986350721
-5.123824689327799 3.7525071801753516 -36.21837534309145
-2.5067647453044684 5.187178442317739 -85.03863111923182
6.414796130058395 -1.7848037067994085 14.469763340135437
-2.574362633000316 -5.08130805031971 2.8969309260485705
-3.0143738009100094 -1.0363715926606512 92.75787673327721
6.3794692903875845 -1.3724601817905706 -77.51217313580764
-6.30704234501107 0.8640334399470745 -78.59809276943531
-1.642180672836648 6.079234490419441 49.71255367890419
-5.545311472992729 3.7015401143788282 29.012706039688876
4.574416945788845 1.827050219208912 54.83011100639209
6.80862143325168 0.2724863844140971 8.531388711669495
-6.355819324378383 -1.1348839249460234 -26.296316964235025
4.083491033268377 5.269278460299493 11.584437177324888
-6.574106850571768 0.8854774043819379 24.07166460029536
5.300118513637233 -3.843466983103704 86.39267107313974
-2.6312522924431483 -1.7343576631955153 43.966537424975655
4.497742258277228 4.378842055540344 25.725559537863166
-3.7998939628725243 -5.259543561259703 -66.73153428468535
-4.110046885537916 4.533118252047097 47.35059247216586
2.0490788934598307 5.70944610059716 -30.96513026935609
-1.3475746126949315 -5.71981327160181 73.7099808784055
-6.378297256654277 1.5617349040682404 -51.21209925555469
6.423969922866461 -1.3832265915863249 -37.36009538102849
-2.5071976894828425 6.2061355118252 54.900859482636555
-1.4760370008797306 6.598763877542523 -78.68828901536365
-2.910547561269035 -5.608723722398046 -78.45696929271477
3.3076308237318957 4.8962717015650945 -64.95716547344404
-6.512826343345911 -1.7188124032562881 50.90363580130088
6.347954405401172 -0.1576659365569322 11.961819429645233
-5.902232954538424 2.4992923244488727 -64.31617982609171
-0.2185485243358559 6.029691777380992 -55.41677771973992
-3.7161990106032845 5.6368367968043405 -94.43496359997518
2.071641525904004 5.630480294459157 89.34509986280932
-5.967363533920543 2.2564273067790412 11.419223644526213
2.5937454505890787 5.715520788818916 35.81800326607357
-5.338703563412115 4.07207927322595 0.8927677512532735
-1.5034671437394522 2.695939179462641 -99.54189990168372
6.327075400491175 0.15771886062454415 -2.536706725967848
5.470453032818209 -1.2868613406010083 -65.02768568411199
2.177664381249511 -6.418158153297978 3.5543724424748637
4.12496890648223 -1.595015011182509 9.144187422222442
-5.54522034671845 3.6552046135997296 24.0828597144062
-5.816867238168742 -3.2882237855183605 -58.62850584861133
-5.381442352152748 -2.3860379322942524 84.86989049673767
-3.1879960039527973 5.888213464304145 38.95183921531023
2.7887313594872585 2.137332891242554 40.53514835139693
6.277554096164093 -1.4124654730975617 63.0293954459846
0.21544516655748605 6.853696948148057 -0.30436753976320624
-6.091750656973623 -1.4917026808996696 33.796164498838664
-1.2070987850112218 1.9688264253753678 23.050045448413815
2.1415945853810476 0.06929402032432092 53.124679189970045
-2.682038263849941 -6.023282238565033 80.18453822399972
3.51049389963702 -0.6524647191633937 -27.57958187613466
-0.8542910859823113 1.7846128159547587 -54.747834936174186
5.617315342882536 -3.841174600716632 -7.683703766456403
-4.333090429827455 -5.0200769907806055 -62.37749039686096
-1.9898086073934713 -6.397858589444978 -99.15082081232376
-0.981828054649437 -6.511305396219208 -94.73894244150495
2.9325479137145654 -2.2462877313787906 41.55728601196486
-2.0100354414981245 -1.9572921538664767 -19.363004201436162
-5.283959125645133 -4.219594105042972 -9.352426035608216
-4.7627303145705016 4.217702305627918 -27.55296605844708
2.8572419758599756 -2.2800605201795077 58.30245414335716
3.9512105308892327 5.534808638625811 -44.03298470967969
-6.621878857046587 0.38444280480386656 60.131684218479705
-0.607721401905983 -6.530622262834444 -76.08319296592248
-5.144238344439899 3.6487578063065733 83.73801391736589
-1.9576489439609552 5.677671022934256 83.15151485263529
-5.534973154121868 2.958168963180155 90.70013956926245
-6.32286522655349 -0.6444288199348671 71.96413983424816
-4.057933476010404 -1.894030392951708 -34.241170430919304
4.379896824976384 4.905309817647333 -61.268231432515215
2.3920987948020587 4.995250858123321 60.42140758500966
3.278232989891991 5.928633599638578 -27.323601906965123
-3.960272371298319 -5.204500378705166 54.34359751746478
-0.07122408398283553 -6.5667367260375755 -67.58422198641414
6.164312668514029 2.4540673610142205 43.266501326488886
-1.1174465809957548 6.09250395465828 -75.33844416667048
0.2669016416095044 5.900755851934516 31.22090645576114
-6.302118401655948 -0.10082767418665856 67.2681724002707
0.9240508778660129 5.593676023800727 74.41925805544344
-0.7427064181723857 6.07271838970388 45.65131426738208
-6.121313631870115 1.7355210293148249 -88.01239055982172
5.432666354824456 3.489082438599035 -78.82920704415996
0.0009668183151083309 3.057677430733069 -83.7934317684563
3.918122803253709 -5.411442230618901 -87.4373093785199
-6.425677148912664 2.4062960066305465 19.447995105813604
0.5223660968385686 -1.956539455734956 60.73820071959736
3.4377025720860632 5.6913647482236405 6.814160327601984
-6.61791035457959 -1.9521222537688274 -86.05876934415595
-5.10046374993954 3.9952914067784797 -79.34401746594062
-5.738358308995139 -2.532519964018792 64.96928347563048
-2.588428806899949 -2.162747196361005 58.86310803906049
2.547148971759876 -3.4205128793673065 18.63149042904013
-1.404493088213448 -6.472051461279172 68.52957536366675
2.7584105048875376 2.771774054321473 -63.07194853982736
3.8735232021274886 5.542991920112013 57.374884927501824
-5.35675563744702 -2.7903387283711427 -4.022532375027156
-5.8419272604080525 3.4803198815416647 44.876151447246535
2.8139188431819377 0.1206310666152102 22.595574132301927
-1.5104654440843874 0.046326312046184086 -93.06627435892486
-4.8654990297232565 -3.746246154394216 -83.04428413520695
-1.6216646830283608 -6.511858066690454 84.31085185024428
6.0400931587199125 1.5129849598917293 95.81376497130424
1.8092054839980007 5.824353268392889 9.771786079931532
3.3245751070683474 -0.6625979996439127 80.24496271531436
6.452300193955236 -1.4686816855188611 59.60282819082212
6.146850847557172 -1.6641123806546023 88.79131279232205
4.590554929638761 -4.551149934590821 4.869855390842092
0.4310968715613006 -3.1860689457395326 48.44443983520946
-0.9011080789470371 -3.5949408253795463 -27.403492725465888
0.4121890622392095 6.758271675975907 -44.868941332174366
-3.0790647290637883 -5.44660634887454 -20.897902560879494
3.85463439137118 5.106897401605334 93.2452596306592
3.042364565151054 -5.414271122195054 -40.28846302981663
-4.705434273383888 -2.634387198326538 2.6806413027010394
1.495519879798142 6.444846491145876 -41.66055276185861
1.2231916135275283 6.319081328203767 64.616431040147
0.3780370335111105 -6.529334158828108 62.370132923570196
-6.494719285791802 0.002918176073143058 -66.91361063815766
3.306017453788324 -0.8879242703308481 88.35882802949901
-6.671494490483452 -0.1591903418550774 -31.161297653713113
-6.725009816592168 -1.0927914409886466 -81.25643293017272
-0.05966321471891411 -3.0784625812208564 55.29312742582086
-0.034540999230509906 -6.700039832786081 -90.8334301892943
-4.999395230413949 4.1517543868538676 32.77580235797157
-1.10589115236382 -4.588383794316303 50.71775893915346
6.716391466026618 -0.86093666330103 65.78290818595134
4.142430843900824 4.8925850906759 -71.91945948942627
-3.7722279095846467 -2.205332323032553 87.95109690224999
5.945818216918298 3.0474767666976996 -15.840790879536241
0.13443886370905256 -5.980551392246424 -60.808950410846194
-1.8607857364739424 6.137102091096367 -28.89749053943019
-3.955559366426472 5.257454208184182 -1.5159212405584648
-3.6245949514150273 5.544877692769804 -21.622342284939975
5.391577839316661 3.9214073583826043 88.92549213977756
3.0247228760011358 -5.787164793445324 14.39642407057073
-6.51194517931787 -0.783657431772286 -43.75996478630699
-1.5261172819528936 6.704169056301511 -81.68233123823977
4.998645039550018 -4.310807587603597 0.04327732566849274
3.000738306301812 -5.285660161882518 83.77188913872541
-6.3467223294296815 1.1734520676302034 64.20086425143421
1.039903263086492 -6.487709409451793 88.5356127934702
6.576757302999131 -0.0059672013679897065 -20.605438897634194
-1.6083919433904825 -6.6101838060690135 -50.69115234351629
-5.115382475896819 -4.493174879541483 -86.45188333602304
2.0454459309628428 0.4124706812988189 65.95229931698918
0.9780023410917912 2.4419453263748188 97.89074965574966
-5.924833173028943 0.9267677081277592 -13.392989127440824
-3.243089257055085 -4.674048802346314 -89.14342155292367
-3.8926793528072063 -4.94269828368751 -75.09488945110382
-4.963774918655411 -4.297013042712577 58.011237435633944
6.673329276378573 -0.38018687249308714 -23.465686685994292
-5.610312689846894 3.1224458349017863 96.0605124569894
2.480909108849757 -5.750428772865059 -70.60141519482514
-5.210543301592873 -4.20960090441444 80.40388248597039
-3.24866301809768 5.751986655237527 3.125843795272945
6.064863510590883 -2.367253924335704 -96.14850798540168
1.7362902464219607 6.290610551334564 53.50244713534507
-0.08911603727630668 -0.12810919752722638 8.518150216488163
2.8487208556970995 5.3624811050465215 68.43315449510352
-1.7512812663116624 0.008672303039132911 88.659612554092
5.390575510155316 -1.5805100826497258 94.18266541606333
6.432066771394056 -2.1903664424981955 -42.53926725899481
-3.126177837737584 -5.946943265526269 70.9949179539904
4.970171105242881 4.171370111075167 99.38777926471069
2.5187986268245823 -3.2113696660594573 53.178990353122146
-5.432131190004055 3.5191970437960567 -10.778307982633313
-6.129977063297321 1.6806069463836977 -33.770023632124584
5.997424418260795 1.7918273744599948 -48.112223609359866
0.10912788442134908 6.29846869888587 99.62740355422949
5.236994006673099 -3.8441435274071387 91.65820764150814
-3.620181199815205 -5.757983928475703 -3.520893829503594
1.7251633187832025 -6.490726010315489 32.659880384062646
-0.6454556798783311 1.6041110302808608 4.202521024428361
-2.5755084323004267 -3.8240622843766907 24.934329444099898
-2.850771196447816 -3.018805288449802 69.26265490659434
5.373653435190152 -2.0887904104714523 98.65858318009634
-3.338719052075062 -4.129347812873873 11.388686317394852
6.247676331166156 2.5503287099865077 75.73069413874185
6.247693926190779 1.1071554564168917 -43.05140512082552
-3.1636613470195747 -1.2527928148972287 -28.50288042576443
-1.9404668536750078 -2.626090114128442 16.268137614041052
-6.040732655002197 -2.9950750960899866 -28.773223950963907
4.320887369144008 -3.9706898603577585 -80.89890069649744
2.4044294981925938 -1.1177945829506544 -90.42980275875405
-1.3604971504661785 6.635380764004223 9.385275067117455
-0.5702311569260674 2.8193458059162775 67.21912436727092
5.488292347427374 -2.6362268647835676 32.973101805677544
-6.314219094228421 2.1010254525488095 73.70009397019724
-3.909229683698026 -4.7522692947562994 66.27142658650098
2.4734991784946905 -6.210631271643083 -94.11633252329621
6.170018961173803 -2.1925718958548317 -46.95599989163617
6.0329073616389355 -2.7168107460050392 -10.894222227992845
5.10842204357631 4.225563711011362 -10.212444938360703
-1.3951870570767404 -6.041255483707304 -8.61103613975682
5.666368790739855 -2.2410244407131614 75.4929440843593
1.2372605783140598 -6.5944246457621745 -18.10888364136851
0.6135283688554699 5.3848481922862375 -58.90290114904657
2.073643100622705 -6.332698340977889 28.24515484229733
6.525424318394688 -0.846373582164855 -84.67630332216719
-5.890457745248597 -1.7439890188266842 75.40008676240495
-0.09788634234331202 -6.731734466059866 95.44832250279339
1.9114641572922855 3.452390049604169 -56.73279636037294
-3.6923239275725264 3.9532634449804775 -73.74931009797687
0.8220303265743181 -3.333805906039971 -30.372166198950495
2.4927722891659103 1.9148907149061332 68.70594448613039
2.9096996763203364 -5.792399367042785 -90.65006480378652
-0.6452081523037428 -4.574122672980012 -57.920900029344615
5.510890337504937 -3.434046606739417 65.9676348026696
6.443227302289453 -1.8560189076803648 -52.98468285565919
4.139799995748905 -4.700535067645716 74.60056300814458
-1.493920898082608 2.0272177053182765 -63.22756337021467
-5.439866422576781 -3.0889501896459266 41.37357953405213
-2.7772381328103357 -6.006850998069871 -54.92738714698047
-2.459059893909478 2.7680895416988207 -46.44597262567277
-1.9351593891921626 -6.3151758998520044 31.69853097698338
0.2310064441197795 -6.87818221032312 42.6430955207554
-3.7971322471605755 -0.7233814347127713 19.264980843994802
5.291157871819809 -4.035705032656389 -91.65223268128625
3.1042707262806584 5.747792233264714 -1.0938532046008977
3.1916322409290463 -5.7887757679872855 80.39178768277033
1.4656723837191652 -6.276390412790274 66.5845637034006
6.203818484230756 1.094538364569902 -68.12922114399572
3.3905742414819984 -2.1328608624499648 47.44727852761225
2.475449179840771 -5.367394388284838 7.412692953954663
5.240399818391169 -3.9349934340183776 10.25930924065311
6.269310889196334 -1.6057558902448663 0.10797199939085379
1.0129806289832033 6.671777032480563 -63.96082213409928
-1.87729293971126 6.46742509249415 14.699441263443711
-2.1786218407531686 6.3973259930781765 74.74374053846668
-0.2626333995105403 6.794651811916774 67.3575547554331
4.995020003557223 -4.748767881163089 -99.75456215347633
2.351795579238883 1.7323538349944274 -29.974303285222923
3.6763634607473756 -1.9001190828044923 -52.1066758308833
2.8949987508863666 2.003476655784186 -22.82443624996112
-0.9280309659792705 -5.737577565068891 -37.401766708163414
3.0442668525378256 -5.613673726682842 -20.456978646360483
-5.441262667168669 -3.958521755407374 18.57967474620188
3.755624388049035 -5.609376749404019 -2.326388890379926
-1.334263551178019 6.476771706985747 71.13743186110959
-0.7703555461401785 -1.0260855809215546 98.32040131339507
-0.3140402863456745 -6.106231442767982 91.55347042847633
3.250806989254082 0.45566200204667157 -55.90206737312062
-4.659584813716191 4.483246328400679 -52.000763697655394
6.745568495357564 0.17103524124096678 84.72914317354407
-3.04866467551434 3.5862185779356066 53.54491523783294
-4.177902472428977 0.7443031919639331 98.32387451724057
-4.208102704652118 4.356367515911783 -66.33936483266334
5.938525168771128 -2.9566404749976667 -4.306249941911479
0.38954244334946286 0.39673344876690675 49.82511698478764
-5.724815120423691 2.9059926091333703 -19.290134734313394
2.990457734900366 -5.49101727417775 10.848013190396037
6.828030904276722 0.6435536205681105 -90.16476815139757
-6.016259810057218 0.411686917499244 -58.82132301359918
6.649443961952956 1.2581925810205283 90.23772679760432
6.052928562342749 2.222851800598749 -25.13959442023882
-6.221610554989934 2.273146930917164 50.95538027968088
5.750993111080697 -3.0711764500301557 54.6768674785308
-6.635903646818743 0.2789672237481204 30.83976736990328
5.232353667504892 -4.045811690029103 -71.99609872400453
0.3847268606344136 6.83788985102745 -70.46738776610145
0.5525917754608524 -6.720414949577889 -15.00354861473433
0.6717708694171072 6.5917099211648535 -93.04153503694913
-0.8957597355833962 1.2790452278064428 -72.4914173564257
-6.529209005350149 -0.011146148139286827 -36.274223951606785
3.957317498028491 -5.396386787260342 62.03197374784191
-2.2129906914337534 6.271981870589494 -35.30416453999471
-3.329022911535322 5.9346286798735965 60.598371135922115
-5.291504609772376 -3.8373525841882135 -14.621932669659957
-5.750239814269693 -3.6700885434679975 8.973800811549927
-5.384782463156531 -2.2130556500277545 -38.611393715357714
-5.558730959273629 -3.7229324528941854 13.851755523137253
-4.551357027225024 4.156628149285661 21.045838090950323
4.27361853900649 5.185528254585071 4.3444227487772755
-5.674532890626879 -2.248448099597894 -89.03938999748156
6.782088684778008 -0.9059190321193581 -81.7625628317855
4.7110347096302645 -4.170103154550483 20.92281055996929
1.1254525534202393 -6.105958021437218 -98.57401437668825
-6.991561661224812 -0.059635105828108825 95.38586023430159
-2.156338813052064 2.1734971119782953 -8.477462137138318
0.7280527731886554 6.731604690153089 -9.347713216331664
-6.102628108879928 2.029926325751644 -98.98251382124707
6.62143319216614 1.4460829646342819 81.36468512737025
-6.855255640345143 0.12238615038343131 -40.78254954671748
0.9979876535509054 -3.6262484234934096 -35.51919180532422
-6.335506974539729 1.200223352847875 -85.03380521131476
-3.4983347573957593 5.6075268073056055 6.712201369498737
6.0527041612848285 2.3412511237499603 29.60314670834051
-5.887136129840114 2.2643528210166295 5.635045389827461
-2.804980267939169 5.625723619934022 89.56194718215767
0.4532960711926671 6.287447242806995 17.516763476373214
-2.9815658447387023 -5.2219100251211374 28.902803265943668
-0.49389046358299155 -6.6409988205523875 -5.132930543603925
-1.7784024239442586 -1.804792627413826 31.4557520344979
-3.6512457376946688 -5.522180573225561 -27.372035080822005
-4.9468928015802245 2.809148626472975 -57.312876588664956
-6.60857510261246 -1.2387767544493153 -47.04432001803156
3.641955182980992 0.6355267771588091 -32.86704407613057
-1.6406672857382611 -5.809949374771689 46.86398287808164
5.93520920987638 -3.1148155816332053 44.58708370587626
-0.7325445115063673 3.034881724382724 -51.79894879358167
-6.69738333200005 0.6265876508919954 27.11162039819264
-0.9656137086192811 -0.622279087137213 52.40879110203355
-1.8659002148917172 -6.515099979332107 7.057174641490855
1.450808998009376 -6.582837891700761 -23.232082145371567
4.528602001965912 4.755189487665477 83.95982187959963
-1.2219240006344791 5.658542160950812 63.3189210438321
-6.675374618795584 -0.7320506528714688 78.91014537753561
-6.422948525626315 1.547268311542643 81.66751074615823
-4.502598819936933 4.99358061447505 79.19380018035217
2.709063844799241 -5.602058685117275 -58.61196766443526
6.661397455969806 1.3404504405570865 -35.14157158112612
1.4189707879998896 6.349586613955305 -50.33777103390987
-6.478083197473058 -1.481651588766098 89.55349177055342
1.5005658270745386 -3.2061045381068642 79.02768207228077
-4.375852516871316 -4.6829293480494485 89.21183725757994
-3.957822827187217 5.655010505035951 -32.10699743226744
-1.419555696430605 -6.4306146374721465 10.086250000027475
3.375040943711511 -3.093342613683431 2.519610852415823
2.2834331702602597 5.861334609202208 86.0742454992316
6.230171330363032 2.8708605591213914 -94.43672688400007
-5.299638432968612 -4.036778354755772 -69.27185523786143
1.4495338143961087 -6.066376147189231 -83.49483832336642
0.13884924772824764 -5.443225586489297 81.80141918908491
-3.313730359402163 -5.934723163176922 92.41450669038352
-4.35740426084063 -0.8958407164692825 -76.81476516176578
5.619841200954317 -0.7431043296662714 -31.094576900956984
2.2725416778554597 3.959940386213648 -47.609456027381654
-6.6143050487834865 -1.218037781545582 -98.1065611879942
2.0521449458680414 -6.323470118640155 -64.94702277474835
-4.45659738512606 -4.88107577315729 -35.93637929916106
4.435712881521714 4.690791103988149 -33.323841533847116
-6.080721380420509 2.6009739237407823 57.69731952732908
-6.420714649526841 0.8897915283224093 -0.30148246913827753
5.843771828840929 2.971427401533598 -28.353789997076554
0.2260664294179815 4.7314656438453255 -23.098319962256866
-5.774279359812999 -3.9753777470349236 -99.32708055560494
2.691430242524431 -2.9557547028196614 -5.059104822365473
-0.5825692463748042 -2.8541169983807038 37.23155787983127
-0.9726163528210136 5.672626809084755 -47.59546498856801
-6.1084610105407195 2.2735615917441527 70.6807708581233
-4.866625005117982 -4.629096992410812 48.30666839239412
-0.18835552268289468 6.699448720103177 56.865996688355665
2.9111882223775334 5.812245674031975 -85.53438103408575
-3.593830868469563 -3.1113096883431437 -97.27952633842357
-4.445126958058753 4.685736022876375 -88.2250829657378
-2.465085238517821 4.2687140656913485 -58.20098490281067
5.16462394780243 0.27821610654955675 25.32586420648811
6.176944389856272 1.548021237925738 -96.86445001410586
2.570391974601453 -2.9614812880732373 95.79566152581322
-5.268752852863345 -1.7943113476944776 -72.90542690205714
3.922481497229242 -0.2699048421964957 5.722828798634625
3.054072978073733 -5.741231899032627 44.448757912631834
4.663399897222975 4.2223881990598 -49.73229657280884
-4.007181572174035 -5.145327538732169 77.4795356388386
-0.8323007156994467 -1.6563741997746133 4.472369372931164
4.03599801614369 -5.0649709782739105 -32.77729638691159
6.410810070819481 1.9999341343181167 -38.9047389682637
3.020088856295564 5.759721815197988 -15.530162836320967
5.795103118872869 2.548584121552098 -57.10659345547319
-5.6000881586731825 -1.0204642508690005 21.762684120181046
-2.8409254114207 6.059086626721991 31.214301506727644
1.8361194320063399 6.23699467177403 27.813412564481574
-3.465675991961442 -2.6911149348286485 -0.2630177907905267
-2.987266853407845 6.180577915056796 -63.087807973981995
6.409624666371257 -0.17875134209805082 70.96263549325344
-6.843510924273099 0.27921471823718413 -3.4108074095708494
0.15346178226350377 -3.137167174724511 -48.62723552093139
-6.667742315066581 -0.969358460609967 15.026318899860547
-4.037249750800065 -4.396204150619949 -41.54312641199594
-2.338894086829787 1.3047581288451866 37.15983600868688
-0.42466261018655826 -6.5068091121417755 53.91522366023378
-6.133187538178214 -2.0858258492995025 24.2923650930309
4.293550095635606 5.236065860501648 65.75169776121633
4.608828000812355 -5.131506587205698 -84.36604678039188
-0.546996034330604 -3.5095490092814896 8.951928892094719
2.04512491446144 -6.433191417966461 38.87820487601479
1.1377164771555215 -6.633442095528164 48.91576885262033
-5.951223007917671 -2.3957842190139718 -50.167356374959226
5.434143718782131 -1.3158157431052688 18.534229261758394
-6.629859374965984 -1.522779423433669 47.75080152715649
