-3.671457066437936 1.3523621033767719 -34.073448037992726
1.7844686009146646 2.6645014536198595 -85.9873227264217
-5.428673825499615 -4.401003822121458 95.250980855795
-0.5451382476267741 6.7528547740039215 -4.827108072892392
5.417444711719353 -3.354783283649303 26.694733217745917
4.389512372108418 -2.146668521580069 49.51797899269423
3.630084282808955 -5.235053783691345 51.67632386213223
-0.4249706686652294 -3.9223776412290774 -92.30057872955346
6.825925322478286 -0.9426276724603307 45.53292568189941
3.256135658461586 2.8601119985400665 88.76702237219388
-6.1625769852628745 0.9733658977207791 -8.43552613305945
-4.0500811454607035 1.4868031212747963 -37.44121798312576
3.250701084730868 -5.291268625104423 -28.30067927892229
-0.17686090646381497 2.8296109854897296 81.28223156398597
3.3778225100676504 5.893541915372237 71.99380367404962
-2.4671725055892164 4.755607944485968 93.12032253604137
6.350187048033911 1.344494792518617 41.265122084779854
-5.177985489650665 4.486791246281111 14.500019028635048
-3.7072079629396075 -5.520328745775633 71.55677235279678
5.416965145917883 -2.0439020572357363 -71.47426975471386
-2.913599034746056 3.7779491819591313 71.86417118835915
-2.551508587055552 -0.06218962464596167 -96.24113680710701
6.418676132455002 -2.236062792894823 78.91291457381715
6.503513006806027 0.1381135940099838 -99.21438895892712
1.5756297498599685 -6.378869447653616 22.382119482910827
-1.6656360658151157 -6.363094780044367 -74.37445144054418
-0.6402334940941696 6.647367907991027 79.4780392786619
-1.5767652542542532 3.2702104582850002 0.6608026376197365
5.489204860554903 2.681088022989287 8.890229659135393
4.349535393841704 4.955284615792418 1.0708828505598973
-0.128975547155871 4.246577378608633 -55.32546201918568
-3.53380689510301 -1.6816740752312402 -98.6797282249556
-2.9137559176121433 6.1014248758784495 -90.82654901901671
1.5820193977981003 1.192704656678554 -90.39159744218976
0.19040664075080033 6.557802682256406 27.292564689573272
-4.802500759196792 4.519670805994318 43.07110664591807
5.411297308308684 3.583197251309315 -54.86445559971177
-1.5417957760018528 -0.01920293761874131 -31.233347637271976
-6.234282773873059 -1.1173357179278012 -21.985092647587795
5.246016943813036 -4.399687185308933 -24.688542369001638
1.135161576838301 6.230269472909207 -38.926620266210136
-3.525092575816236 5.622050461551068 -50.94675193833072
3.609621704701869 -3.8171905748250436 37.736359088163674
-4.976275315769273 -4.372765586311925 -32.17051333270034
0.08095832200293115 -3.9241493541781036 74.35936749145527
-5.736191417096581 -3.6104006273010287 28.76723171964506
5.5344898435352095 3.3393077476380206 -51.6339236230174
-6.336068467391623 1.4225628481745487 -55.23792168076653
6.72475570499515 0.6779873099407092 -61.05809251811293
-2.931937178660093 2.0127842186145215 32.63413137986164
6.3461079032577405 -1.1626097621412077 -74.31363869195422
-3.436528562281016 5.660648867984341 -44.9546143577424
-5.475053699655351 -3.321384180868156 -14.93658123554989
-4.920268907050837 4.490566694789694 -69.75311034423409
-1.3854489321239079 6.300885231492708 85.11457645347427
-6.260643532864933 2.7487273448764795 66.45043803875899
2.0482598591625507 0.5620683707508963 -39.77458306129729
-2.7950500535133482 -4.534092379570058 -87.77083001173486
1.7266281753756827 -2.5144520429469424 61.09608082649145
1.7705859076334596 4.0895408687974735 77.62818233012909
5.956235364775574 -0.22985987664440244 -95.38624417160834
0.2700595018410716 -6.1777314455956285 -42.39187598000212
0.7203969430420509 -4.304028944981191 -20.158281258639512
6.205460351664075 0.9808555405542195 -33.861968263972884
-2.7793438901602117 4.102881289772774 -13.071535552281457
5.893177402935449 -2.7773784047736436 -59.052532389448295
1.0302120322358137 6.270160708752559 -66.09413464651406
1.4585273462654778 3.0594466047627438 -93.32556589761232
-0.11545737873168999 5.319745510238821 -84.43379075373518
-4.1004782783697085 -4.607852150026928 7.672529454458694
-6.155767940097525 -2.2560244793876336 55.33948145115287
2.5165259085370755 -6.173610152046563 -36.420273171287256
0.2941262046855461 -0.6635764104469964 18.2501127843516
-3.127329730170816 -5.7019074564836725 -33.83558934858461
-6.1264804671664415 2.133068430568065 41.26166224520649
0.6927039404641766 -2.082091596312291 -63.646751337847434
-5.791332816602487 3.2140007516463247 54.23014082646976
-2.664138615503364 6.350318638554201 23.602121684222816
-1.2215388079294165 -5.870056919876782 -1.88441660813025
4.634721052391848 0.10515870478816931 43.463667985955794
-1.3375999539344932 -3.4321338732740885 11.665793367788886
4.851396384611784 -3.3231128698453927 -11.780591986783147
-1.6857385933735167 4.101723222947562 87.78087713346227
-3.2087963329977955 5.964370926489759 64.7283950783912
-5.945844288584217 -1.2451461121235206 -77.48524085785162
6.110314604697038 3.3552273128769 77.34320792344397
4.84843085602785 4.191066918386622 46.000243160255394
-1.0200303875209398 -5.8959325374647875 13.774106792259321
3.380851978319608 -5.545131831802513 -96.72337706993756
6.35216621073423 1.539747230476608 66.49825335446647
3.9819882088939136 -5.359486456666078 57.8083047347082
-1.1190678595999182 3.0451765787029244 -80.30498513472425
-6.299639890937936 -1.9475628459156036 13.583169686048173
5.822120969320764 -3.252759786172876 -66.91192967863053
-4.28841059177835 -0.6436373028720297 54.022013306482876
-2.811167459187991 -5.731416738634474 -24.608558210980938
-3.076179822484163 -1.3199165584618018 -83.02466173117531
-2.1644679921948953 5.788388070758005 -15.4510131306314
-2.3579761267798602 -6.050592162403717 37.62542264837983
6.608576068329931 1.9692522976032834 1.430105300905496
-3.8885469308789182 -0.2410489239938537 80.42503470819916
5.701550734021974 1.8846193705867955 4.758910362434176
-3.940475017573016 0.1297555306339703 -66.74791986765743
-2.3204549445278886 -5.927353331955454 16.34761057058154
-6.654678484328987 -0.6027284425494488 37.80128073348719
6.163841569841627 -1.7412646315409426 39.90288933594463
-1.2215019592070955 5.53793406834148 19.8171079524285
-4.049160692693639 -4.729115643936318 -93.48698785486475
2.290862895038527 -1.9117219498988403 -70.87874585821997
2.62505213924495 -5.611702040217657 54.4732908906493
2.968975445426103 2.640787792143501 -2.1368323851504085
1.0945582200898392 4.016196855782495 8.611858433641235
1.9405097740383737 -1.964369890585191 70.78632161945258
-0.05793050378103094 6.819886581371084 94.0990242274784
1.7285630815801512 -6.279170566576242 -52.37781849026283
5.8778746615478 3.2748999689730707 92.86829744334322
4.245191872991375 -4.815355598644587 -62.18572479184686
-2.038394346548655 -5.410067871965348 43.217114017550664
-4.56292291901489 4.937590726670428 -37.77273046369664
-3.898853258519598 5.019471195030962 -84.56992415986961
5.042032517018141 -4.188504009958557 12.686672930123791
-5.061299396064474 -1.813918324047016 -0.035260047794849564
-6.2632085984873855 0.9840008856348668 93.58689110816849
6.507826023217519 0.29442937515755396 -77.20558967403589
-6.106524873090775 1.6171041813516853 -78.54525925780094
-1.8282327578260105 6.223666239594426 49.3064392303987
-5.138361921028371 3.996834626136898 31.30821771129354
5.9480906388916255 -3.207220107014928 52.79382718068532
6.307324911580093 -0.853114256562631 6.8218474979357255
-6.654963553940278 -1.15581415220148 -26.42365773303359
4.9873340281949305 4.567097565821205 12.238746849831118
-6.460050847575753 -0.7692244047448713 24.1558404330477
5.257767913221577 -3.751851269501569 87.04811058793588
-1.212599097373787 -0.9236004365468706 45.7000381506259
5.580001161876333 3.6504266930071547 27.057315782363055
-2.4788534659788066 -6.476971093291435 -66.48270418071215
-4.152977781488314 5.151860427559452 46.48243283386877
1.533038267701258 6.813964675109621 -31.342377371859552
-1.41182998026542 -6.539216570891194 73.71810332630706
-6.16643942301231 1.203397611992268 -51.268841903400485
5.872340916825474 -3.407854620555737 -37.87953622492335
-4.663923122979996 4.906279767073255 57.00180345664944
-1.7025655907497723 6.436500235460061 -79.95873621192852
-4.417300905108945 -5.109715110171296 -77.59040322757406
4.19650375169078 5.03952673305347 -63.292047801758734
-5.072025227679396 -3.578450069966392 51.346230816432715
4.46025834812685 4.6279551689066 18.85542048621105
-6.612336865513729 -1.6594784921375698 -63.19309389645514
-0.6239745685182191 3.2906255882277002 -59.124769836418395
-3.484583087366133 5.348100244875253 -94.3448125352686
3.695991894340127 4.851439162288253 90.74099972054577
-5.163504617990639 1.1001739303737668 12.799747234778458
2.299030166641344 5.151424768840905 38.91103391133047
-3.048886227887899 5.806814868377631 -3.757819899181353
0.8071165759408581 6.839989672905213 -98.41170836607105
5.69270170255707 2.523427943647901 -4.262275150562541
3.8149028437179924 0.6930870628968864 -66.19390259964824
1.1937899833653562 -6.339340670482733 3.1983685756612203
5.940817336731172 0.6574057533710396 12.23160120005458
-4.843826543074003 3.5975579870524284 22.385910622871652
-5.44171972197203 -3.6701792929724135 -57.375719865926506
-5.968864217850868 -3.3559538398085036 83.52137234987445
-4.708270215302594 4.626175908818598 38.74469504382518
1.7280690048930563 6.265997513151447 42.520315725517406
6.202568544012665 -2.4596573049871866 63.7216487959737
0.3933621323631111 6.707110318359909 1.240169243004358
-6.635756560401117 -0.6850702989712334 34.34989622416525
-2.7090526501957015 -2.1183898052839574 26.766700064020867
-0.18269069421374348 1.3620456000074992 49.32260238404015
-3.356672107924838 -5.082248881667132 79.47501865217713
1.4525659956563808 -4.71898183099259 -23.92011929893264
2.7468286946820872 3.0330441240378363 -51.50935753176561
4.491224834849526 -3.6462121804274505 -8.823419783334929
-4.388317513491708 -4.596622783331325 -63.5311766090175
-3.085498077345133 -5.847990706817963 -96.82353894808494
0.7975941731432116 -6.693036080439152 -96.22533251714522
-1.8294594258584953 -3.1616906782205043 39.35751928392247
-2.6752118522644803 -2.729611050922524 -16.955795707231804
-4.379689065523301 -4.742748453366356 -7.396506938703423
-5.795093134365056 3.6773056199231346 -27.659462360906247
6.006476060807506 -2.827540130227647 58.19288851522294
2.4340671514287147 3.0034673132867264 -41.383490849967295
-5.33486788981462 -0.5766969501252381 60.11744327367794
2.9246893355823342 -4.695626905154344 -79.19280191787998
-4.672132361748654 4.710609754075314 83.85487120472918
-2.0133878883195173 6.481097193421312 82.14993228155612
-5.679718130418155 2.935951627615386 91.08017147235863
-5.81797071706375 -3.1941369664626458 70.4467353819172
-6.104336794037942 -1.459285113731525 -33.33226847389451
4.370075010227725 4.82723665963349 -59.91667428373125
2.4571349662897917 6.022204615161005 60.33185396296898
3.1336539691271015 5.949057921463557 -26.104982535587407
-2.4334188110890587 -6.27972740711983 55.207610182637175
1.2725917537567317 -6.682590935334779 -67.21245351473652
5.162627801321544 3.812396916930558 42.53315204261719
-6.6293696374451025 -1.2433723674602353 -70.84154566892548
2.0653389921627925 6.300332809527769 33.69889793796656
-6.6013923373094885 -0.24831718864062077 67.65353922087137
4.0573359263224935 5.394364348048615 75.65103115809676
0.16429976578067282 6.297951495680885 47.14177562539346
-6.680073605680087 1.3210480693701616 -88.3235481490287
0.04279294342661055 5.706578598063751 -72.65358212061852
0.20972306127575843 -5.082638629827633 -82.10380003095766
-0.0291540264701734 -4.779875069587922 -88.96197720113301
-6.522964720858778 1.1812142547902968 19.065886983008344
2.102309223392573 -0.7513484477018949 57.1845977875694
1.2055049349405311 6.1950944127587055 6.717179535593798
-6.34787928491809 -1.7444613434478624 -84.87345641985863
-4.940102498705775 4.183697845610205 -78.71776439303882
1.15056443578285 0.6398379440566923 63.52061115478252
-2.2621931212725204 1.1920924555998402 54.758020867125296
6.35659230218752 -0.008484574420163468 17.439264873839583
-2.088443069837581 -6.2881964252476985 68.38459638455869
2.105966153976786 1.0678135523962269 -60.393224250916134
-0.9681140683480232 -0.5283238378773911 51.42860995819321
-5.38502146204376 -2.6825975655715437 -4.997318995227349
-5.80983603976784 2.8266903934426018 46.32305082633292
-0.20860793804478295 3.3500532903542495 26.016913680596517
1.3527961895267766 -0.14154380537572558 -93.34025351115092
-3.809335542171594 -4.564148685728191 -80.71418327189218
-1.492992192982751 -6.229371267671963 83.03825578457857
6.040251042380142 1.5225905191210791 95.56031048490196
3.8658240444674665 5.454259459199079 9.3721053260087
2.0742707929860797 5.704858776499752 81.16075279585348
6.274565835041777 -0.8317337882591365 56.289186471373675
6.391930617255691 -1.2377723569565406 88.39527439187138
3.5016482053508464 -5.447863997288243 4.845322364601068
-1.7143776916511433 -4.3278345218511145 51.21156805992837
1.845374871728247 -0.4625354037262133 -29.45159743645673
2.717221674548827 6.061048317722154 -44.22902678513842
-5.849764156419521 -2.9834776143462034 -18.530067234313233
3.784773447780398 5.084272028901522 93.74238110028209
0.3407427410170906 -6.58597036403974 -39.090397387427544
-3.427342327486237 0.1516079827642175 7.6863181681745365
-0.23858444319599548 6.6997448649307945 -42.200281473681045
0.7995647598645834 6.345996455647561 66.30147858836916
-2.2531278726709236 -6.095136111154079 62.21134861232137
-6.4654021081900375 -2.1036766257402886 -67.94797542514775
3.9088005722329067 0.9473545890866903 92.47500973398118
-6.537915226677844 -0.9387810452230119 -30.499009406552876
-6.1024036874178815 -1.6385730985678106 -81.72875910376523
-1.9431379090290681 -6.318351713326499 58.264656594817204
-2.377891405488512 -5.807268651360491 -90.96956895748079
-5.131113033804546 4.342311905013974 34.86668035038414
-2.776200747271724 -3.459016234205845 53.73830019224638
6.045871491310927 -0.5434498501945962 69.25699183302925
2.567619245311782 -1.6111081306308705 -74.52396527100761
0.11626986331730842 -3.372687485272173 86.6914065053289
4.96307736076254 4.166487816938214 -17.241669497629186
0.09355885167643851 -6.811749840600348 -63.55008638083846
-2.422276334722663 3.612481446583988 -29.44364318866379
-1.7216319762980479 6.164461399193865 -8.88807189717008
-3.762101309397032 4.964826741412822 -22.705830359568516
5.820021301092971 3.808876243077548 88.82095183080406
2.711993737826357 -5.972509029905445 11.761592219464355
-5.390791281398865 -3.192972455545596 -42.7692797501293
2.886953340555003 5.920981689172125 -78.49886480993186
4.390315565988713 -4.560257750999124 1.07438779296998
3.1057493614936074 -5.440926690867967 85.29663320457959
-6.76608462976386 0.33864245894360495 64.55794438134079
2.4229604447215665 -6.2137048004487765 88.30551153670943
5.609727789231679 -3.348812496970605 -17.984802968656524
-3.497883704742134 -5.332619645939534 -49.952217283510585
-4.8113444830107825 -4.420740663844091 -84.95036819511819
3.333845556154365 0.22790233778379831 65.77718391905802
3.669142990160663 -0.037487186567819665 99.68450035149661
-6.345508764642039 -1.6245874254669739 -11.719487225992832
-0.3370010996095796 -1.2850136388681133 -89.20586476802605
-4.561061553355705 -4.3976628202208685 -74.68712684611027
-5.685221877361058 -3.8143414053820535 61.76585709463888
6.618563050599125 1.1462271357231177 -23.403961456408666
-6.401847312970477 1.6401607581578461 96.39555713509604
-0.34551096979322704 -6.699093444677524 -70.97589479559241
-5.505331666524042 -3.528203249428853 80.72499269430682
-2.232167494172809 5.884562632293874 3.1842423829594266
6.108563179255096 -3.1148888155313386 -97.10439268626588
0.012068031676262633 5.9147461910614245 51.880699086934605
1.889456585419341 -2.4391780908761467 9.447923082234679
1.7593623238762237 5.529140599367 68.88248660210682
-1.9778314106526222 1.0540391020648618 87.07869351737895
2.2996953065680272 -3.2754237595021247 93.47056224890689
5.907966555771427 -0.48339217721389993 -43.45308033975317
4.979383124257895 -2.333601229793273 73.5096953568505
5.302286176549869 3.7644401284811275 99.50980726687092
3.6837948670755467 -2.30491823637912 54.72804673068779
-6.601340784708498 1.561226739138935 -13.44541552478466
-5.665440788097095 4.0636975396868475 -34.5824427296805
4.675557002538486 -2.2861916447011597 -40.55400459061074
-4.663987148525976 4.6622882154120955 98.082612361777
5.732829066911098 -2.179614379612403 92.2375537778126
-3.3682991702336307 -5.517493517984096 -4.701922536038386
5.237350173543042 -4.1767233306843545 32.3645529234122
-0.9149789472160239 2.8401435285036136 6.296596829575249
0.051267187502854805 -2.7067122162515203 22.123679929367878
-2.923851497919511 -0.42428020828713986 68.87093804568129
5.584740835904261 -1.0655083142245865 97.83324737933563
-4.198745596891196 -5.419776168595044 11.045285088238359
6.671182704221444 1.0519477717239145 75.4249813065865
5.549336789378586 2.918156219192752 -42.74280905648135
-3.80009319168456 0.7288176574032642 -27.251750263391983
-1.0829297095880084 3.9171264423380183 14.537490365402272
-5.249899170948828 -4.0457195042992415 -28.725229348899216
3.114290164643448 -5.390058005018851 -82.96535267609273
-2.771205353026719 -1.077723823416061 -86.66889625494936
-1.217984304596344 6.731213377153474 8.464827452952004
1.2467836830707157 -0.8457620368512835 67.66234673776428
5.73061577038916 -1.7844206068355246 36.72898035760058
-6.117156450812335 1.4611730218392773 75.16605644940216
-3.8834213558927493 -5.533046425887502 66.26082053765019
3.06714878917051 -5.823564070059511 -93.85595080185246
4.527134878230563 -4.615121819564749 -45.745283167122786
0.4616519735261717 -2.3918432194881913 -16.798506515171713
2.930688568283185 5.928657177025942 -9.808892027972623
-1.1430647555846083 -6.122951406319469 -8.25884011433761
3.644810000391428 -0.26716015371199153 75.3236244428772
2.61954935830221 -5.968244854424828 -16.132202110291118
2.000542021701341 6.16203859133676 -57.92874427539086
3.3017759898848253 -5.75166413546613 30.183181555929337
2.305383533672453 2.7256989583248146 -82.00327044719997
-5.720200356862267 -3.102721448375212 75.55643301159526
-1.670748793108378 -5.985332619786419 96.18933589305782
4.00108074993892 0.1961334537444574 -57.6201599570966
-1.3005833075445863 4.514817302259695 -77.59065994386894
2.2603115362128445 3.5787847909668895 -28.655650144121577
4.926422613962305 3.5115188670918593 73.2486820428397
4.261576633807243 -5.196548530884923 -88.73053538925801
-2.885419042220253 -5.606572849593055 -57.64775487787584
4.024812146569128 -4.86251676892306 65.22384112240789
4.457550130123293 -4.796998391167276 -56.20812682431477
-1.1273381687193584 -1.6547016772695275 71.35192932799322
-3.9305762866150697 -5.3692539150087315 -60.77144832684236
-4.720024525527155 -4.584272483835648 39.008363634077554
-1.8889892639988233 -6.579805880453169 -55.143121182365306
-6.196135948930744 2.0660510338134634 -46.58533551836741
-1.3388955321197054 -6.184880960731767 33.14230260483953
4.329011054638515 -4.97377080687594 48.315038845503736
-4.066918480671494 0.3007970886794596 21.745075930350435
5.3220543648110255 -3.8742742813661732 -91.47738753099561
2.3856332036483208 5.7543281974689515 -1.3569650213245446
3.2520083865091998 -5.473653654047582 81.61908992442294
0.05363767293737886 -6.650715133470782 65.40127756337837
6.479731434955994 0.1274905459673749 -69.40758052936691
2.914533206582716 -2.9317040038709994 46.03564950407984
0.7622555824957606 -6.817651033009366 6.629601397499353
6.4565363511034715 -2.142184315363676 10.105206547297868
6.766376882739978 -0.9064722433017405 0.314387269161723
0.20782603817662731 5.627581190602516 -62.296061161828995
-4.3706000197205634 4.378066745691141 11.7741123991485
-1.170792807414003 5.7442632625892545 76.42174045613754
-1.8840106092107796 6.180183746424864 69.53671506441114
2.7919309473454628 -5.8437084170017926 -99.96542771374274
5.145665656399973 4.188518160078767 -28.586201559264026
6.2985280829618935 -2.42165446956301 -52.00130145232931
2.7041260648998353 1.4386555016058231 -22.84118796853915
-1.8573281248507285 -1.0545844667705324 -34.47885860530542
3.4078368779102486 -5.7881047799382594 -20.814930581223678
-4.701103970202542 -3.4289617103607757 17.886783977387402
1.2129552342815049 -5.942646139609772 0.2811417150800861
-0.22984550221110395 6.105134119583624 71.75654657420962
0.8102464682112949 -4.176651131051949 -98.10059428417566
-2.6147491289299376 -3.98951287286384 89.5206244027344
0.1497390583328011 -2.372070597597153 -51.652536310371154
1.3508886521239447 -1.4225412475379011 -58.32534446348449
6.673833677104491 0.7625136847677472 85.97354475149312
-4.086502857823277 4.776848775436667 51.11331278620913
-3.48789826914577 1.774944953451031 99.15155037189626
-2.7236678541312522 5.476848672630797 -66.44851685380581
4.160683362319527 -2.087128696602149 -1.8371605242763294
-0.7382558407887192 4.136189870361007 44.97092049573374
0.6930183763181839 1.320013361233282 -19.391194290889583
3.8720665966812455 -4.787646233636663 8.310489898205322
5.9889984765423625 2.558068589457556 -92.34584938696165
-5.770954641240637 1.2067214709611114 -59.00219938195185
6.637981000936478 1.3414403096936431 90.22609073013284
4.766559397264797 3.6525709330548053 -24.261934222440008
-5.598763590623271 2.2575945544877856 49.857872465327006
6.6172827277104345 0.17705241451571077 49.966965395014576
-6.644213668535179 0.6308911947731387 30.16084693055039
4.265032481822699 -4.8135903640711275 -70.69338971297708
-1.4508368738677324 5.872943103317051 -69.92622939480283
0.9817576158479602 -5.900305209498575 -10.27459587691196
-0.5082045460830791 6.572802441674651 -92.82783723958647
0.8827114749375096 0.1372605724108289 -69.01223425330343
-6.559189258380793 -0.059915715558818965 -36.061209032775956
3.5991674467725208 -4.818024060716562 62.04353084667406
-1.5603356583013683 4.159369849366477 -35.02616829226548
-5.746905213117317 3.016213864722771 60.80731886681936
-1.2321852996352316 -6.088198280738579 -16.649204889275843
-6.20722163163582 -2.588429738714729 9.894767492067887
-4.4572624315494735 -2.7805457577081105 -38.882766976460175
-3.6884801885543514 -4.561064149810578 13.827146785274802
-5.031940342466217 4.205694140906497 19.516599700796995
0.6689055294297258 4.541714198961828 3.3826335853046423
-6.512871899049377 -1.5981353298999474 -90.18454408979312
6.530885528738979 -0.13202680076591652 -80.56462487599207
6.236797894695025 1.3180066273003976 22.918677997022456
-0.2540326349932695 -6.2203691172344255 99.99540184062212
-6.409044919914174 -1.6913211337480196 99.32756868882218
-3.898023887066211 -2.16205183807788 -9.547388174755188
0.24809104910932755 6.768504041149914 -11.689438800322568
-6.328740053795685 1.8461793000178934 -98.1337246155833
4.941068465914147 4.283376222634217 80.39622832862094
-6.37588068224643 1.2815510360287459 -39.528327049367206
0.2841246947070365 -0.12185652695840246 -37.281660770486425
-6.648675922201877 1.651789557258662 -85.02319487692434
-3.914230403518742 5.176327015887838 8.450988951732807
6.817853137989166 0.5080608116944326 26.864808880478922
-4.426245049336415 2.260119739864485 0.6920596723638153
-5.739025035047216 3.1614781399358285 88.20017829812073
-0.2587415686479335 6.706194599110698 11.599995307195869
-3.2631318039202437 -5.836560321650559 27.18815387585983
-0.2115193677286461 -6.741608614444015 -4.834152219231618
-3.7083207217791756 -4.847102483823419 30.885245836366845
-2.4514878723100546 -6.281170801558286 -28.988280784442008
-3.9498626117707936 -1.026047124012123 -55.8024429457839
-5.9722346329844935 -2.369152777993761 -46.208848325902444
3.1990955505184027 0.32216366132898566 -35.424124664437436
-1.5663871366167872 -5.3950792415105475 46.48296183063327
5.006740392337309 -4.41594082304905 43.83509418882837
-2.703075355223557 -2.3141196876729975 -50.94631826436018
-6.192689865104302 2.633701955335141 27.261080444761728
-0.3308104483677251 -1.7598174911371747 55.16958763042856
-1.7734594185422015 -6.46096632623937 3.4942694464346085
-1.9995997154525107 -6.2461098086569695 -21.148011096231986
3.710618700808668 5.572534334628796 84.07134089453858
-1.0056837089497401 6.703791231086211 60.48697354219222
-6.361722195407516 2.2565619284886953 78.97886710382105
-5.056755197982753 2.168303598534298 82.51256659235862
-4.429692596585971 4.945586255802978 80.40740092204068
0.16207682314130384 -6.166659443271631 -58.163057033252656
6.486057708215902 0.917596211002656 -36.67021655442491
0.25102893480022104 6.6250355563651 -53.05032999921932
-6.859703645482113 -0.4474440455619872 90.71556125114927
0.4080432469960637 -4.716957782907767 79.32073093215172
-4.844732349362768 -4.747719155596216 91.4572737835324
-4.291769847791827 4.7911398418037825 -31.783215910654597
-1.904466391087398 -6.131568193345636 8.75766957310181
3.040002275832442 -2.366327819095205 2.712428412637535
2.1558834807611365 6.099535294499736 87.88206147194308
3.1006547403618807 5.350133749966708 -89.57423091342687
-3.141045233701745 -2.44940131681103 -70.83233286257696
0.6250694085170515 -0.4806242329189474 -85.75805176558701
-0.9340892141445611 -3.1302073965285526 83.98348770330338
0.6349013244307931 -6.787381156609672 92.63621052869273
-4.074750337924485 2.7592207964297577 -82.18640837753694
6.331002003623223 -1.9597718042565022 -28.753491375233743
3.2946156275813268 2.004713248902614 -44.88801428072033
-6.24176566851215 -1.3916923491541542 -97.52539155345049
2.7827977709955305 -6.167303869566248 -64.84641822618471
-4.979940388792728 -4.073510111498249 -35.955032005731525
5.743056067390125 0.6525962648791901 -30.402466578288223
-4.759452347220894 1.1378060704994937 57.035024433532506
-5.935694387774501 1.6365874416351915 -2.1358434127084394
6.381805036251237 1.7344219030079104 -20.058199886628397
-0.4547296348954619 6.871685494590094 -26.2634084056384
-4.652264769916755 -4.6811633386543265 -98.75685808738466
-1.7516770377298705 0.07036308032822564 -1.5506061118009193
1.7689247934149113 0.8148103540266288 41.963865155116935
0.7264241647098231 5.251414941105383 -48.85947237475637
-6.290764115603872 2.115598544094813 69.44524035520729
-3.4139353471393816 -5.876583886475932 49.20279083082068
-2.035630297441954 6.203293337487968 57.841289632375066
3.372445963233313 5.3004000904129756 -86.27216833261413
-3.2169763698236333 -1.7320508016087002 -93.80631432436276
-5.250028084327921 4.253383075658172 -90.0567874929619
-2.23780497162313 5.815444158904803 -57.94079271264995
3.8192077376553777 4.724586706024292 22.801966264870032
4.914196848361655 1.8877399499543888 -97.11257225097897
0.5934589629669599 -0.39595890212961804 91.66341315146276
-6.547848289024802 -1.5907675916085597 -74.61975224857899
5.691277998423253 -2.9384968555334168 4.723655391006322
3.241820364079889 -5.819976116574824 45.748179905489124
4.288813680042364 4.9913425266812235 -48.764562338502756
-2.713662967067466 -4.233522124232873 76.04797684832883
0.760850351725879 -3.113977975548719 5.372327035967426
3.5206543799394057 -4.728643040620938 -33.161119448690734
5.314704644186319 4.407206654497897 -39.91032420462245
4.566407885386975 4.737989868879003 -20.153017415496947
6.5969424955730585 -0.1617148665100037 -55.962744387570766
-5.6775721208638394 -2.6294825954929357 20.810825133290834
-1.1729535153694883 5.0402624758689925 31.83570622062991
2.60393218432624 1.6239429421845168 30.627012159174427
3.3055425161179874 -0.8154143640254536 4.938149141917887
-3.00938148687574 5.142125752197482 -61.80996703706778
4.6485454045681935 -4.393033815611543 68.97184053217558
-6.585851336322319 1.3604464305660584 -5.468567706520372
1.653314509549589 -4.684781048273942 -48.67917318399182
-6.471520526960749 0.323896312785886 15.80656738986447
-3.2062913702818108 -5.734063266404517 -44.77791190251395
-1.468112192203804 3.203484312111799 41.44959064304445
0.1896350441859884 -6.775239423942335 52.91026837585379
-5.35693683798635 -3.5223259389159294 24.63420795298457
4.808565575388664 4.31189104483628 67.81840817015299
2.0855407930655727 -3.805584153625153 -85.51624958803468
-1.208801960336298 -2.978202791640078 7.495006540554401
0.5854900892333605 -4.272986688684727 40.36055961348045
0.21568946176871923 -6.765716192541281 49.6412393134208
-6.357396002385721 -1.5452461667426407 -51.394190282067825
5.233319653574709 4.190526142790815 16.11276526215206
-6.481985319427714 -0.9811290471270844 44.75483944611943
