0.18707006092889708 1.0591185696118726 -40.389738008433866
0.014494898369094844 -1.4171911442151037 -84.19369494721596
-6.172846380077904 -2.628087297657166 96.82368008645166
2.0338751352110926 5.878479077284916 -4.999031757001457
3.518772304832651 -4.38065518200583 26.57760786378662
3.611237138173341 -5.4871484769138394 47.34222952568764
3.9508427123805245 -5.277429583247232 50.56952441249202
-0.6599055061764258 -4.183559697152033 -93.06495700302979
6.402048070095097 2.113829583419963 47.620128267353614
0.358906139135008 3.0257132517002634 89.90041245659663
-6.597941695830375 0.08372454961562117 -9.397822719539521
-5.246957058076078 4.038326881046196 -40.82370565796875
4.836860450474034 -4.152676024714172 -28.445530062014402
5.906316858608957 2.454164397712658 86.31430272201072
1.7225450867589671 6.50600407610974 70.84335050154405
-3.198529772707942 1.8450752881514625 93.98511318239228
6.148683011390568 1.766483611291584 37.02840717849335
-5.284198903623656 2.971206952399008 14.182072487085403
-5.194570972449538 -3.889327661404395 73.00519466417988
5.44151288137401 -1.1492403624835994 -74.50983166732269
-4.79851496735971 4.577029898312198 72.55076615327462
-3.1560180291726487 -1.7575980044567057 -90.57137577674935
6.182057740953136 -0.8426375956428568 78.92120434511656
6.145352807136791 1.2681844205502597 99.30934227251043
-0.6887171152302786 -6.638329455811473 22.632797014830786
-0.018494130278625287 -6.181601285554824 -72.85451856900279
-0.6992179460832395 6.1503245065857906 78.84451735977193
0.10429987474883351 3.9385624705330464 0.5983632948449127
5.542963227369912 3.1978061874288466 9.231478592482366
5.658891510979839 3.7973740769532087 -1.3506214042051479
3.389960549716267 5.75665387692846 -55.221002405069335
-1.44477099232408 -4.292228771780168 94.27120676743368
-1.8693024509006577 6.150982220151373 -90.39721827855656
4.869799004721509 4.405679424812077 -88.17481956394924
-1.3286552275605932 6.580164737224622 28.716322899729633
-2.957676545787901 5.533099557027635 41.88505514988621
5.398716175382629 3.388320644636843 -54.27692308703774
-1.5691338399039962 -1.1930205749195175 -32.49787511390437
-6.403599562086406 -0.10138189575957915 -23.373509663198686
4.793805261929762 -4.556370582731033 -24.575827903476895
5.162512616518807 4.496535923471007 -41.683009089596105
-3.8194003011891353 4.6021388790532365 -48.51204866547075
6.377741482028516 -0.33371191557558466 34.35669914009213
-4.811504861709886 -4.242374583159776 -31.55810055093977
-2.7342084999808165 -2.346028345358669 73.88272671817683
-5.270345686651375 -3.5664895756578634 27.378892465402622
5.37104878200677 1.6439952375323152 -51.208410351552544
-5.545974031378139 1.8025534038813098 -54.38973062529381
6.169835577454701 1.5857423022110984 -64.05353096952506
2.406508174068659 2.1054762421876965 29.649854686009665
5.717035975813576 1.4115159001062492 -71.87468268842892
-4.531755143656682 4.519804965439833 -44.36053589714709
-2.9484529406399447 -5.565241607282223 -13.57187252869318
-6.177050916270345 2.8765237486396 -68.29010681893512
-1.3309417208697143 6.286246482283245 86.44297316657074
-5.122397183787857 4.410168007454323 65.43257332797921
4.059490992059814 -0.004822730286941038 -41.25214944052786
-2.388300763456995 -6.221588319434585 -83.82180601174312
-3.3559945409876164 0.6090798925826866 65.03471323065348
3.5916719685782295 1.5397174011115327 84.04159907977248
0.17443877600611357 2.3765497290337994 -96.76224392287575
1.1747729327269976 -6.068735461257236 -43.13713294932802
3.720776009778537 -1.6629934901974082 -21.614283148887953
6.523564891420538 1.5881217955888338 -31.14293668024263
4.1423489607839015 -0.5551360068054391 -15.764696203482398
5.398960544313294 -3.891608139736587 -58.165761560083084
4.27345154263446 5.037637697254645 -68.53312991118212
0.8857987297924996 3.4114888614432552 -90.43748403556133
1.4424244304067335 6.331642576698667 -81.1065334901321
-3.666062051255033 -4.1646498308202755 5.740635997808422
-6.305156176127922 -1.5006664094325102 56.0112299456398
4.123789524553578 -4.986512668380061 -36.35301307900221
4.712957930739044 -4.3718267632098895 16.566085526726898
-2.664952313833402 -5.967595230500608 -33.341678363650125
-6.483905774973496 1.066882151650372 41.432082809544355
-1.2815230987526398 -3.6544430714150087 -65.043415212882
3.3290634596738484 5.910119363449767 48.70037106028525
-0.27541908375124313 0.15223478211022412 18.220781123609004
-1.3437300944326287 -6.547560784655221 -0.9323437114820768
4.899774750891301 0.14931981629775054 41.96359304511856
-3.610682505539496 0.7915102496143206 7.37641786982854
4.642840770921998 -4.379703833559089 -13.245358083685444
-4.040568284501513 2.3483790493678245 86.51019642122502
-4.565386153098549 4.670231695701532 68.92509936180439
-6.056007191722954 -2.5565541112522387 -78.62495251738801
4.162886390810106 3.714267197027376 72.26150583184976
4.183796483505934 4.4844013018251365 46.26534551614561
0.02721151247848034 -6.625048070553199 13.01576935427932
4.234332403113078 -5.041793032738033 -96.72008857742196
6.1963388360952605 2.478282094339349 65.24063018723591
4.3359269897873665 -5.022399983470091 57.703788589907084
5.416423657255864 3.810814019686512 -83.10469128860045
-5.965973348975434 -1.1488336159178085 11.471991536529146
5.041505343504239 -4.271558230568167 -67.9975568916168
-4.269792439954769 1.411290199905734 54.69719291466537
-4.564905717565642 -4.160515588769104 -23.9434093095826
-4.19584016742922 -0.4128723528581988 -82.87477490450502
-4.1901899275459495 4.840869896931404 -14.461358758931862
-1.700812743149329 -6.181751471371818 35.851159381360624
6.309601341612585 1.1525389124156487 1.873520839529879
-0.0035840966208999167 2.1513466647637127 84.44877546631501
6.243474461776832 2.168711635581166 4.7649981267068044
-3.321666514389417 1.6672154170222158 -67.90097863964542
-3.2461916932801587 -5.834980077588479 14.2469446762827
-6.038161634229907 -1.8730756422792265 36.93576214657783
4.479944035079346 -5.126969323104411 40.670569055257786
-2.1484352355534373 6.168223839828551 20.966686061927128
-5.766750002836686 -3.3115825573861817 -93.16680731337223
-1.0335560099497845 -2.6252562468865785 -68.53625158850329
2.7523098759396705 -6.085297131830277 55.43305725738723
1.8839375551216895 1.8353848880284338 -0.16722769437057639
-1.7830365016503964 3.242276095079672 9.021550828878855
1.4360219712630176 -2.6802422913496744 62.2754095409997
-0.44700413544369566 6.3278214296208635 95.14584980167757
3.1197829148445817 -5.601280870019605 -52.60739934589122
5.770124216875537 2.948168049471459 92.78851111757248
4.778468196260592 -4.665319099221369 -63.14508344345977
-3.107732321498428 -5.862759949318788 43.36541139174073
-5.1192334347408615 3.7467205509366885 -36.22274218757956
-2.0652703058557087 4.292505893124124 -86.61772757406166
6.414796130058395 -1.7848037067994085 14.469763340135437
-2.6823880840653103 -4.94561859002885 2.899836212069755
-3.734778102122993 -2.4977372440228764 91.73586008050421
6.5787652170770174 -1.1748711008505857 -77.76161490509193
-6.30704234501107 0.8640334399470745 -78.59809276943531
-0.7117067603839116 6.556590977257165 49.204812440709205
-5.527992903974792 3.6553092130247804 29.129266162976958
4.836351530510195 2.334583768122146 54.635116325643246
6.687316952256615 -0.2734599849381797 8.39841009440019
-6.349030649980722 -1.1554274200156236 -26.369651360443843
3.982899408475209 4.962289521307882 11.642736644915
-6.574106850571768 0.8854774043819379 24.07166460029536
5.431056515710019 -3.482877693424319 86.13503789232527
-3.018817228815496 -2.323773020524455 43.983690169812505
4.36868398694702 4.414319432163589 26.21752325298352
-3.953240099926377 -5.46686263313862 -66.57036004649137
-4.108908269850813 4.533673691398647 47.35229439658036
2.875089706149895 5.836081822104984 -30.158842742966943
-2.9150154098161054 -5.717234006200344 74.34312177096245
-6.378297256654277 1.5617349040682404 -51.21209925555469
6.559907865621492 -1.4692803654810103 -37.21988612194356
-2.575953062249786 6.110092979943417 54.82458379643948
-1.4760370008797306 6.598763877542523 -78.68828901536365
-2.8412626137397536 -5.09898075300741 -78.29084921631697
3.3076308237318957 4.8962717015650945 -64.95716547344404
-6.338511586890194 -1.7345941758070156 51.21708317366307
6.437826549285698 0.06345091069039206 11.967647689596978
-5.902232954538424 2.4992923244488727 -64.31617982609171
-0.06084761208803996 6.322627884495819 -55.31971114747324
-3.7161990106032845 5.6368367968043405 -94.43496359997518
0.4511038370778535 6.416180172639883 89.40395332306633
-5.949614846468192 2.2976887652468694 11.44812423556766
1.9769572789477303 5.212386780132615 35.91198844264256
-5.281253769458661 3.8226516990981168 1.4408637427501465
-2.4420305561151374 1.8164530892389776 -99.64350354596962
6.174178724735616 0.380949817956132 -2.498907197072163
5.49657511847378 -1.7112597088814885 -64.81484832761743
1.9958825540267726 -5.884420397967086 3.6815900269721706
2.1714712446658244 -1.5309521908590185 12.161357733784026
-5.126164852948497 3.810219892914916 23.816709920096567
-5.562169002022273 -4.257266365689056 -59.21515041898299
-5.665529780078734 -2.54928907643792 85.23345516139119
-3.521145976984959 5.610070174141869 38.963793525311026
4.1104160255083775 3.228593815655776 38.94147524652039
6.409222122732109 -1.3553563775819097 62.899398888796995
0.02460421808512911 6.5948247618515365 -0.1027328730813136
-6.1144263750270085 -1.497714576775388 33.79035949091437
-1.6302912703552217 1.5569900147238158 22.958801140809467
0.47846166614083174 -0.512280790429703 54.482153228916445
-2.6486808052788433 -6.022492583953927 80.18761664571184
2.263685259476796 -0.7017199726470198 -27.035929961180052
-1.7492172850359415 1.6909869646387252 -54.85508630787569
5.705571456317043 -2.9943794838831495 -7.661066488724561
-4.2992908821009825 -5.162491677020967 -62.47827377183275
-1.9898086073934713 -6.397858589444978 -99.15082081232376
-0.8928431813743816 -6.479062706718012 -94.76623684628306
2.6089669816105765 -2.3197530518251064 40.94836359447984
-1.2099639367751096 -0.825496473874777 -18.89056806693789
-5.2801097323089055 -4.185053880407327 -9.485396565341247
-4.7627303145705016 4.217702305627918 -27.55296605844708
3.6096542880227 -1.5414070548921972 59.136084814380304
4.088348586878759 5.507674204272154 -44.19036028225219
-6.615994607544062 0.4169200944147105 59.99321916228296
-0.2740709214161645 -6.474641370351104 -76.3453291795292
-5.0014176597564175 4.183392164696363 83.51556947549017
-1.9626513731764696 5.665975381967316 83.16093888155089
-4.9562146000161835 3.6671406083313567 91.31676756386673
-6.343577866858592 -0.6271887963519459 71.95352612811978
-4.417186994352293 -1.6641186416933766 -34.34037123805404
4.961144111745872 4.37418530036393 -61.36110605978745
2.624650917814955 5.717199625569381 60.38841341769509
2.369823709408325 5.883165643650164 -27.133367686472933
-3.8156547209729563 -5.328447242204329 54.29280025222327
0.09986674701734746 -6.386693353445609 -67.73072956074665
6.20144975284057 2.7755524137282865 43.48606187553615
-0.7384151407335509 6.230085677859406 -75.88937902668505
3.5616208847753343 5.453048678602411 31.76067517739016
-6.457692121188259 -0.4006464902291336 67.77532188200907
1.0330856040895502 5.854770905002679 74.27993340766326
-0.7953737404289232 6.817473073008334 45.65772770144529
-6.121313631870115 1.7355210293148249 -88.01239055982172
5.723365430675206 3.378692482587587 -78.91958176538782
-0.10908529302351161 2.0638538012339245 -85.62806803115916
3.9104297113065534 -5.402649157793928 -87.42820760278215
-6.425677148912664 2.4062960066305465 19.447995105813604
-2.289512510323918 -1.736104720312787 62.222501721685205
3.396755201806014 5.805696082420975 6.787450784666795
-6.609056422811685 -1.9128402673958236 -86.09661098554905
-3.4138062786127508 3.94543830604299 -79.90195228846171
-5.83627094402319 -2.658423248277136 64.51538545961806
-2.959120331123804 -1.8105288482560031 57.146639677439325
2.31937025373133 -3.511007533967397 18.372625288772262
-1.4383889042908975 -6.5209134636744865 67.8939375028084
2.957060713731458 2.351446519570176 -63.387669351250466
3.7184979068974546 5.36329947373641 56.92822867612639
-5.361718979488186 -2.807846935728287 -4.026813924286108
-5.742835430026637 3.350146935244397 44.94450349751952
3.7459877095662923 -0.31951266817717383 22.751894853257312
-2.22696947761827 -0.24065730962213205 -94.48390742024493
-4.499100841883253 -4.056238118756245 -83.04666106908572
-1.1671613232106546 -6.437773078297936 84.06503635822862
5.886375035773757 1.5575134461120856 95.70553997289836
1.7323335148144492 5.86555706181358 9.702459371048578
3.543607668922439 -0.4137937835069519 81.27968379497348
6.568581846980997 -1.5749712334125923 59.84249702700846
6.150627117246423 -1.7754014083756293 88.85930307763597
4.786235302847505 -4.4859811289537355 5.317829886380601
0.4310968715613006 -3.1860689457395326 48.44443983520946
-1.483420510166406 -2.4600049894665403 -26.980002008157644
0.13114082777211478 6.216903480139342 -44.301105115470406
-2.5335350637691443 -5.716782559541925 -21.206315413315373
2.8660681102905015 4.856189423643527 93.03859883961064
3.042364565151054 -5.414271122195054 -40.28846302981663
-4.925843461910571 -1.2832684394009852 2.9831607383134573
1.6181471566054335 6.426952064624429 -41.73286181058058
4.287317391790596 5.303077933478564 62.8096546415271
0.38206753358431766 -6.525961504665273 62.35940913993821
-6.4474232605257695 -0.035857528532980826 -66.7538416351984
3.1928212365152224 -1.0565156217100502 88.5847792056612
-6.656616501563166 -0.161513742623528 -31.14958533703515
-6.725009816592168 -1.0927914409886466 -81.25643293017272
0.45399911811542987 -3.8218349721924687 55.464346344887474
-0.034540999230509906 -6.700039832786081 -90.8334301892943
-5.141584340095854 4.090564032168441 32.91616372215278
-0.895794723493889 -3.543019189009023 51.49227571668482
6.909779909868067 -0.7029374277428123 66.25845397861292
4.195441122488407 4.6568408706349915 -71.89355614904159
-3.51963102091601 -2.2581507809797263 87.59817844465191
6.073133338762074 2.5403648349536225 -16.343200605045702
0.13443886370905256 -5.980551392246424 -60.808950410846194
-1.8607857364739424 6.137102091096367 -28.89749053943019
-3.955559366426472 5.257454208184182 -1.5159212405584648
-3.73204915772067 5.550884793023617 -21.62320957791648
4.765381276116768 4.442821543569498 88.72409837614562
3.108382395688144 -5.888918379989103 14.46283291374516
-6.513379165335745 -0.7354292038514911 -44.1145255221706
-1.5702382365519068 6.717522590484687 -81.69777501533311
4.998645039550018 -4.310807587603597 0.04327732566849274
2.572945203633696 -5.748745542689769 83.52248831137123
-6.613797650720425 1.5738147256864503 64.57429855930633
1.370309743059484 -6.350716165531422 88.09331270395322
6.757480042033315 0.5719699516669434 -20.527904951671058
-1.6384921333231486 -6.549281582194875 -49.93580355367829
-5.134190180299917 -4.486508602337607 -86.3920163909842
2.7849032288136493 1.399277739387717 66.07039457567767
0.8461207039063514 2.459536968219502 98.02599073185539
-6.360177298591118 -1.2055019352691412 -12.985670907123163
-3.232866393369732 -4.683336187157323 -89.14913975726569
-3.5705740790573257 -5.251999005802317 -74.34907224761263
-5.201618008626374 -4.012948150091562 58.06849463118001
6.674838277231817 -0.38062061530610425 -23.465940927768322
-6.094892736676905 2.5679679860057165 95.17216238144762
2.772578534852416 -5.507693276023388 -71.32882639080792
-5.029492327152616 -4.061080198297813 80.31184139742757
-3.272716046515848 5.494626627214545 3.348288559109097
5.99854109501024 -2.3876840882673913 -95.76806576511068
2.5299710800909976 5.760357291222718 53.77080333214048
-0.6273280481945742 -0.004634299810970896 8.663424114675308
2.8487208556970995 5.3624811050465215 68.43315449510352
-1.3706757608061169 0.028252008748734597 88.26263527015062
5.403721461368364 -1.5797305521212701 94.21550746497299
6.366338323550731 -2.1619923439522815 -42.4013107862901
-3.128797299902995 -5.952101663894143 71.00017588628734
4.77329118726214 4.599563177294927 99.19335329754395
2.6622801717200195 -2.988065110398615 53.49085079590392
-5.523642265503154 3.7249270018856104 -10.949105350165143
-5.601987137125694 2.1728515810024214 -32.830339994397285
5.997424418260795 1.7918273744599948 -48.112223609359866
-0.22484344100343112 5.929106304873975 99.91067525198088
5.283471889904873 -3.744770737404228 91.66311947103314
-4.04346539997438 -5.066648464380836 -2.8090374892432184
1.60295999890044 -6.068631128264018 32.73550236306389
-0.7940683245197617 1.5650775709161215 4.025633943864791
-3.483664683158479 -3.8511609552421326 23.40276025379704
-3.9038631563606754 -2.688350133899744 70.36692584148565
5.047163295892223 -2.009017713604661 98.29755597661786
-4.253032652619893 -4.547616078443828 11.148201352075954
5.834695112590489 2.781823342849877 75.6266052288474
6.567263985601892 1.2046489336733144 -43.07668857384779
-2.2079467416103946 2.7852868874785 -30.517730361057957
-1.7717919772157384 -2.4160841987357418 16.033883839029457
-6.040732655002197 -2.9950750960899866 -28.773223950963907
4.320887369144008 -3.9706898603577585 -80.89890069649744
2.9774626641585984 -1.137546565693823 -90.09928870374256
-1.3604971504661785 6.635380764004223 9.385275067117455
-1.1387611027643614 1.651702005743455 66.76588413182101
4.126888361991812 0.5900735172871996 32.020855536650366
-6.320121603557463 2.1255984116111866 73.67146230454786
-4.566750698014275 -4.709762113480473 66.52942058267665
2.4768481285137596 -6.201456143283391 -94.09955762984423
5.727016171407225 -3.7715751610525032 -46.88231799986074
6.4192872917201305 -1.1699133762299219 -10.94071273258592
5.097731051166943 4.155248714663011 -10.217964746088066
-1.325588756855957 -6.095711006242213 -8.636332589915403
4.85380089210829 -1.1976524446529895 76.16199096795471
0.5490326621399554 -6.8131402585828615 -18.562757737786733
1.4326582783225925 6.045505389767669 -58.67013320713058
0.9759205177923018 -6.778427092099367 27.603626026813714
6.671307651303297 -0.7485985942617406 -84.57465678593128
-6.0158932067468776 -1.0683838111851998 74.94018881963699
-0.004074648528964012 -6.8161279235660865 95.59099045634491
0.6093008066823488 2.754317556270293 -56.92009040536712
-3.123401032729043 4.374261243243592 -73.90721240734904
1.3198824733959398 -1.738113237933199 -30.474317845572305
-0.08558535158564551 2.5361247587878886 70.66971554614308
2.9096996763203364 -5.792399367042785 -90.65006480378652
-3.0731925761088577 -4.396479583061261 -57.740109636230855
5.510890337504937 -3.434046606739417 65.9676348026696
6.351852143963262 -1.7348898339580379 -52.97665230057609
4.450857905771397 -5.0482128139434685 73.46841903503257
-2.323127501525773 1.7639336186945036 -63.62740008993892
-5.797680077586365 -2.729073579336694 41.30228941337208
-2.7772381328103357 -6.006850998069871 -54.92738714698047
-0.2590262460148858 1.747969232620726 -46.396984614796274
-1.3900267974702918 -6.477144909383345 32.214796578356435
0.41747958699550336 -6.958719287695935 43.18071103148639
-3.4382101540094654 -1.1574513212936948 18.995815533347347
5.321168097141772 -4.0705408271538825 -91.5991424552648
3.1042707262806584 5.747792233264714 -1.0938532046008977
2.7795165485606126 -5.94541708848677 80.27049540310408
1.1781498228694753 -6.44369799661751 66.29069516586672
6.3423669603572135 1.2416848510089646 -67.70506026349655
3.3905742414819984 -2.1328608624499648 47.44727852761225
2.475449179840771 -5.367394388284838 7.412692953954663
5.263976953943211 -3.911867232119188 10.180929740712696
6.369879917173337 -1.6358652019530115 -0.03689872908359419
0.42073177426125064 6.526858686657313 -63.232492541022935
-1.87729293971126 6.46742509249415 14.699441263443711
-2.1786218407531686 6.3973259930781765 74.74374053846668
-0.4463639226451511 6.796091589123163 66.75950362188247
4.974732640431879 -4.671525444726546 -99.89587948924027
3.273662494116129 1.220829013498078 -29.85207490961904
2.9971649710344552 -1.0868518107689642 -52.16766100734975
2.6650805911636355 1.7692342233377198 -23.509862971421455
-0.9626876357105983 -5.371153640986809 -36.4773565745892
3.349583182670116 -5.807472971605926 -20.59196271035988
-4.607598762132196 -3.8541375660950425 19.89288563620822
3.146987429856154 -5.354878887820889 -2.5846287465798
-1.745940817254743 6.518156608002142 71.46648145447473
-1.6202006564737457 -1.4943689916400684 97.09236606988803
1.253914308545121 -6.63084048901826 91.84263298320471
4.42137208508453 -0.6929217870598194 -58.01370644267799
-4.507601293509343 4.495858733783193 -52.021565463650084
5.393992804546032 -0.46212211511105894 84.93339363386481
-3.3608111171168527 2.798448703512697 52.30944560595271
-4.362256014443491 0.6069835822969321 97.28367622121417
-4.340770966076777 4.458319472512471 -66.46427107453772
5.909011111392635 -3.012922489249627 -4.519011196312316
1.2658475557002793 0.11402806543673583 45.18970488202257
-4.417426467413248 2.681254867245496 -20.672185007350024
2.352485734860437 -5.114238322685151 11.645318964817742
6.838783781111888 0.46003637480156945 -89.67054139068267
-6.016259810057218 0.411686917499244 -58.82132301359918
6.708588576478262 1.2068311141171533 90.11213382919341
5.948255126167609 2.1010489751586303 -25.04714238121654
-6.118120176363868 2.0358990892354623 50.73987373808404
5.320056675770665 -3.105666391718192 55.35879358013892
-6.635903646818743 0.2789672237481204 30.83976736990328
5.286951410465165 -3.9770850079983266 -71.85867062692371
0.47542142693193784 6.541483812140945 -71.41478387584723
1.283815861734672 -6.6670424778388 -14.973706811581197
0.6027245626073564 6.766957943618702 -92.60462466840754
-1.0973089625098469 1.0318245668834174 -71.67625869762554
-6.710976252204377 0.4033063639399518 -35.73066876429724
3.957317498028491 -5.396386787260342 62.03197374784191
-1.8656436331420145 6.20664649318378 -35.73838842247274
-3.329022911535322 5.9346286798735965 60.598371135922115
-5.291237410955979 -3.8372556107102365 -14.622127665515839
-5.6253332487325265 -2.99581334374763 9.264668812271731
-5.038489350305407 -2.537860323030133 -39.25868704527144
-5.558730959273629 -3.7229324528941854 13.851755523137253
-4.482061464677648 4.168960156624184 21.04066720848063
3.8050544375073363 4.513762376712091 4.371259645320458
-6.061992044719557 -1.1024995939983988 -89.19892481470416
6.823405125181167 -0.8973119357575717 -81.89485764347376
4.928023142440546 -3.618851894114317 21.239603444045724
1.4423180179339834 -5.953851362388542 -97.940729740109
-6.991561661224812 -0.059635105828108825 95.38586023430159
-1.0983549811018685 3.011600997592394 -10.864900242146355
0.39340836540384694 6.757361533126456 -9.33995800146199
-6.140799032475714 2.0487988466625953 -98.92769946396457
6.536056244764971 1.5323925793916722 81.65484701373919
-6.798213362145865 0.27622079739072336 -40.87147893953802
2.9806878757052266 -1.7682756242738602 -36.250398319675966
-6.335506974539729 1.200223352847875 -85.03380521131476
-3.4983347573957593 5.6075268073056055 6.712201369498737
6.3440554221798635 1.8734579564446467 29.468504536306693
-6.157569794034436 2.550924102262696 5.896096358726388
-2.804980267939169 5.625723619934022 89.56194718215767
0.29388915411842637 6.374385866417285 17.36619334365485
-3.8315980942304044 -5.174374150188173 29.415902985037672
-0.5996675625962398 -6.600214894452737 -5.08874334796554
-2.9617664689350547 -1.972245087903541 31.678746758038262
-4.0218215096638 -5.366879303619258 -26.824850436611666
-4.9468928015802245 2.809148626472975 -57.312876588664956
-6.7612225474200525 -1.1846387233827809 -47.11043088484043
3.523152617280991 -0.7984317010259734 -33.42075528854043
-2.1462793394324513 -5.8413129288117025 47.141024803891376
5.34131515844115 -2.629590082080281 43.849788148576394
-1.663943547261518 2.8037787784167674 -51.35157493433969
-6.570922427467453 0.5181949027276457 26.97144767283073
-2.5049569564254504 -0.32307248868443406 52.70319858224876
-2.1739841851428583 -6.508928530842892 7.113430470040161
1.437940942849388 -6.550320456896392 -23.11665226583778
4.877762066856505 4.9350658079246115 84.54948548565527
-0.903242904162568 6.224685690237606 62.6712538630123
-6.792311681992013 0.3974636558984772 78.72298366551958
-6.415047426327558 1.5527392343657969 81.6580001098739
-4.07076711994216 4.779871725361285 79.35299044338477
2.824145508203911 -5.9634332311707965 -58.28296978589425
6.631359983237033 1.1127793451807038 -35.44135621538413
-0.09125812924805511 6.315259712299265 -51.266125438598486
-6.4627598889345705 -1.4612452558359281 89.55170346194319
1.7295768694697031 -4.118288770381071 77.8979380760057
-4.647824732349068 -4.529103245370838 89.4160948545103
-5.250822283860939 4.278281821276591 -30.464888132364113
-1.4556478879495804 -6.5638111877963485 10.135079401263173
4.007988805526414 -2.5808748636851466 2.654028797500935
1.9164032796304518 6.247604780191823 86.22682318143505
6.257481016338829 2.151069764765496 -92.75097092972037
-4.900400896711993 -3.64622700198798 -68.92246322203904
0.3017491034950206 -6.2313341478773845 -82.61647422289836
0.13884924772824764 -5.443225586489297 81.80141918908491
-3.041513355301062 -5.993035414134135 92.0959070458743
-3.145060925072695 -0.7633986370719154 -78.6831581698166
5.0515969055027234 -0.9081873658739322 -30.835527250077494
1.6902589146063003 3.9698496931046567 -47.94364796278393
-6.620180126685419 -1.278994988375671 -97.94917584916031
1.8649283585323142 -6.078025138879896 -64.97881052799607
-4.321746828872718 -4.954676247969494 -36.06057716806154
4.481076331032832 4.497049104980696 -33.899946193566514
-5.460395903377865 3.8996937116636774 56.112479210105704
-6.583673782252264 1.0027077164262388 -0.2668409739398885
5.454107355009118 3.162092777382286 -27.903108559965784
0.3946904649475857 4.307506650120987 -22.892322416173112
-5.669954291046327 -3.8002195517239636 -99.40743230167364
3.2842013718736216 -3.3567683421420456 -5.776489094486369
1.0190223065053174 -4.254858254619478 35.483066410141134
-0.8921306274516758 5.554348899599905 -47.68317920699365
-6.102449109825267 2.1270304316855317 70.35891015887601
-4.9034220431404245 -4.627728903817316 48.26695310176257
-0.2661931936043591 6.653664870304867 56.808248979616025
2.9852947538262224 5.855316396193761 -85.59839563636781
-3.593830868469563 -3.1113096883431437 -97.27952633842357
-4.9610993331869775 4.2453047440594105 -88.31959635267185
-2.8906931445842754 4.504550205684447 -58.38714237723573
5.986701505599323 0.29559369061152596 25.086777114657846
6.325227877458903 1.3425021909324106 -96.61777426408918
2.059591065549241 -3.945179820136302 95.94760206567929
-4.3982198110003266 -1.3482079641767681 -72.47231518560686
4.017750183587867 -0.23097065164742941 6.113385286198795
3.054072978073733 -5.741231899032627 44.448757912631834
4.309182928722306 5.168268736008692 -49.53237749891897
-4.197112981588675 -4.81510358803359 77.2360284875202
-0.6078058958994916 -2.098573204579785 4.641675810935681
4.581187473956241 -4.524995665409186 -32.222679952728804
6.1872371325241176 1.8081152958599074 -39.414048392065965
1.9735292996337839 6.214188220750188 -15.764940082197562
5.97553670632032 2.056349649175106 -58.39888611564721
-5.675607633590047 -0.05026470053941946 21.47073065147828
-2.8409254114207 6.059086626721991 31.214301506727644
2.039230144138523 6.340383106041979 28.152199061123845
-2.5217956162085113 -3.457491072286568 -0.08204127232466396
-2.755788086399555 5.899013899312314 -63.08945094848573
6.663973674256299 -0.4205735193937311 71.01435603831031
-6.846382508777931 0.2928699310870766 -3.406833541485127
0.2017136206440419 -3.140797076551011 -48.55052538672609
-6.777537640182929 -1.1357275848078872 15.177819681737924
-3.502291633702645 -3.6237593405544923 -42.23387022132553
-2.498373121215784 1.6701176495355783 37.097978054712435
-0.1829173577004922 -6.613820041245697 53.9380054778168
-6.133187538178214 -2.0858258492995025 24.2923650930309
4.3231613801505215 5.178184477238189 65.72317825132778
4.608828000812355 -5.131506587205698 -84.36604678039188
-0.6164363781837139 -3.4503776532225396 8.940043970542419
2.031034231451488 -6.213206072260537 38.98388614331537
1.0289262857894683 -6.637092975076052 48.790203383876026
-6.479588032368881 -2.0403268366811886 -50.57736661113995
5.326689334274563 -1.278254897633109 18.613398213601364
-6.529378927718069 1.339456358147223 46.9385669541396
