-3.6475623459077773 0.16187057514111192 -27.59236055574436
0.9107399414363488 2.392427902688411 -86.95567258151081
-4.485454782914942 -3.94152196710118 98.06729298381569
0.21421245017760848 4.933823250293128 -4.368673733273169
2.4813931002149174 -5.3043279806099095 26.46629088341487
6.228616595046715 1.9249391149459212 49.14180488321065
4.0539276368436825 -6.47959371269211 50.4927687827537
0.6420537604167958 -4.432503961607819 -93.6825190692676
6.751905082864679 -0.3171380593577043 44.470924794795756
6.721878809118216 3.4399150575450204 84.85318436485095
-4.151602796253821 4.630416474254216 -11.68517887572169
-2.5363674954972337 3.151740530738347 -37.97942174944808
2.500070911503144 -3.356328621987132 -28.157885479438168
0.9884386058826036 -0.09019364892133108 78.8305565532114
3.2030134148306946 6.514755432549147 70.75168163813298
-3.1568237035109328 7.43155971505778 92.86937788727818
7.255975838329304 0.9823456539914805 41.59875261383697
-5.1500229468896555 4.190465323899889 13.490221317881714
-4.621321291618543 -7.738775143004611 72.04532793294007
6.214465589424335 -2.163668523990167 -70.24236934990323
-3.6475066589610607 5.738031707593512 74.04048820457756
-8.240742648300838 1.4773465383959385 -90.89541489040687
2.430949804603171 -3.184076098866717 77.99680732285883
7.707869629137915 0.8067847056223347 -99.38112057860641
-3.8426287912999495 -6.721145612352686 19.67006727873303
-0.419630541540536 1.5386642613256951 -71.07569798357537
-1.5176835053283204 6.385482331084652 79.70139034401214
-2.161513595444894 -0.5169894222001976 3.4559910403572496
4.904416503671053 1.8216081469484189 10.629717371709257
2.14567778189791 7.397181518827967 0.9200696686343344
-2.2342245934989418 4.080831907661 -53.134955553673464
0.0782608057657842 0.40344697264675844 -98.84129551917867
-1.5629476040890162 4.39126683140735 -92.68825006416589
3.1679923183610246 1.9958318019915435 -88.8150595179456
0.1481392348545802 -1.3146035444220083 35.98328688718108
-2.8063527461420117 5.440758433885194 45.946834601497926
2.5842030640365556 4.477070822630913 -53.157723401674524
-1.2203354235444943 0.9793434235254493 -33.006697464604635
-3.4762355306273967 -2.9588333736930634 -25.633759382601323
2.1177831934401845 -5.039190270880443 -24.291693786595182
-0.12867155964627625 6.88421178990982 -35.638207055943916
-4.538338239638932 5.218420970079376 -51.224377800897436
-5.01252503265825 -1.402340113756292 38.992011523772504
-7.737813818177036 -3.2863973165040137 -31.130878835958857
2.2586155197000735 -2.4294235145303635 75.37251009870263
-5.274456833687263 -3.3022863020404842 29.420199294397438
6.07508285314278 2.284905247082754 -53.695566693542375
-5.923695600474117 2.203949086058635 -55.99415570979113
6.1215795557480694 3.2649227774830916 -61.65167076494356
-3.457682419721467 5.227309039028276 26.903233764494487
5.597621421239513 -4.066310989126209 -74.7652491409044
-3.758448558102392 5.404263893405437 -45.63190309853556
-4.795087741085097 -3.0141925712052524 -14.766334636903443
-3.0613034448213314 6.033653430480101 -70.23932799857782
-0.6506823636289555 7.523926652999583 85.31552427021548
-6.201924838697141 2.1271820582197027 66.01222322171145
1.911031760843795 2.1952922318048653 -40.91950768190666
-2.884965669056108 -6.212079117884505 -88.05712200582892
1.364085607907191 -4.116495220455414 63.06584685083685
3.768557479322682 6.533480956650315 79.38349353531434
7.020046715371684 0.36656535171444427 -96.58659549084008
2.034157949228656 -5.7799721401213 -40.81456329025536
1.686245725074022 -2.3585842693852106 -18.470943924268276
6.213505423167716 1.6347237496682072 -30.684621837884517
-4.232499418722812 4.441225102667016 -5.167635075604792
6.020261012373209 -2.8348201379743356 -59.679680422042466
0.29930926550670134 6.48168229501744 -65.64992184529194
3.0325956696093703 3.3581507060380926 -92.56585946405512
-0.12105334271708636 5.878408200795991 -87.2103352125682
-5.086812772650775 -3.9793328906823064 5.2113624721914045
-1.8174376479278518 -3.3072242979261857 55.75042876025432
1.3365905566257028 -6.167691877841151 -36.40529138057806
-2.8503400960915193 3.5137480429299686 18.865665647195524
-2.9424786949612933 -5.981102233629118 -33.442976160406594
-6.51176062067574 1.6483415923400715 41.856542863050734
-0.6879741989200636 -2.9202716889961757 -63.02929735265089
-5.481722506537178 3.5660947910357472 53.88867324690211
-2.5207977600755287 6.358764217635707 24.61473323401293
-2.9844250377281973 -3.424653498747291 -2.1175167345334085
4.986853036405873 -1.3237217069103386 40.78189641519991
1.5614072116502973 -4.769674103002117 8.371065751823394
2.559189602732695 -5.835751402004053 -15.157856954442009
-1.3063320003282848 7.261503171303307 90.29930517448986
-3.500707967452301 5.278546929491238 61.60951348991374
-6.478810395286196 -0.5389434345572616 -77.53367586545598
5.821250287818712 3.2505034279006066 75.91392259248657
5.587970853711213 2.626211679869814 45.98502884730186
1.694643358269726 -5.456317378830985 16.76429475529189
4.152310331201126 -6.5274066404444175 -96.83686414231458
6.050244395058096 2.7968784423195863 68.29672918620537
3.4900890362008283 -3.435503720911061 57.804910126232244
-0.44734312573413193 3.800870587334553 -79.70888304213652
-6.73004583215869 -2.4902937619411487 14.879977377481055
6.263260828748309 -3.2735103501213287 -65.20823483971837
-6.1169035138880545 1.5017736129537504 50.4701730598833
-3.425327533063389 -4.893784297554349 -22.60700883825808
-1.954995095532153 -4.41838700732653 -83.3956432398517
0.003116306874227842 6.325162550378902 -18.727770355636146
4.594268667291265 -6.552363454729819 38.12581648487294
5.784664287789568 2.5950171243590914 2.424955662010679
-3.145233310896841 3.9559574375974598 83.42475458606935
7.242567883237379 4.6804038303831685 4.01297928661741
-0.6766535273160097 3.423076517298609 -62.88317834542964
-3.7937786493789623 -5.371879479611468 17.65435085033296
-6.743469969325172 -2.4489141069262166 37.86225864974765
6.734129059149264 -3.6426577052131517 41.19705624358872
-0.3608513896211828 6.655261384052775 16.749146313919592
-4.694370540485056 -5.528314544492433 -95.29592516188673
0.805971161955884 -1.9539750027181255 -66.52609492641764
1.7308915522527983 -6.102139559875917 53.51736306087326
-0.18555923245122882 -0.541632844109436 -5.454573553106927
2.4557421739367915 4.542423042409778 10.037705695175319
1.3552695479418653 4.038807878175278 71.51513810503414
-1.5749144158681823 5.881846204443787 93.10423394964121
1.2115044120006915 -6.534238137738088 -53.78402340932874
5.759538809317717 3.1906750613485766 92.39579263407401
5.846123712371894 -4.283402848505214 -63.33914574787135
-4.7640463661727175 -5.2313228890840815 43.59914881809337
-2.6813743823975513 6.276121460593362 -37.813391423899674
-0.5970354588288136 3.7442383083810578 -84.02398516713276
2.8010299995633816 -2.31711144481251 14.590557709865358
-5.3276370882281965 -1.0740955430281347 -5.39706177806688
-5.6750816406043505 3.4346671182616 91.90310549325156
0.7308901970178332 -0.8292702684511668 -74.1066369456669
-5.363443428252511 4.219043222967445 -77.26174991549475
-1.040629676020105 6.427668762745737 51.76994094057187
-5.083765133744403 3.8045530535326004 31.090810842625576
6.204034058983114 -3.1360644641534234 52.77111137560921
7.795920927653453 1.390898936557615 6.807464940552873
-6.668674517496986 -0.4524165475631952 -27.688577359495117
3.80227333818247 4.666943730938655 13.746221520107905
-6.269592963425061 2.9510706488307346 25.93061143035573
3.2834687715648028 -5.690208167002564 87.63750680463639
-4.703856324947586 -2.646567573901704 44.76261164253931
-0.14021106305353068 -0.8699186371658026 28.336852709728724
-2.673192224187353 -4.668421811971439 -65.84414402139856
-6.703948794800626 6.313062677948949 48.67859802718384
1.905081712789147 5.356100993424533 -31.217953255009977
-2.780996269071397 -6.16170980989804 73.749762190665
-6.824567403403442 0.9701311875905342 -49.78154966317579
5.131611127834596 -3.7188670388142313 -33.303714566378154
-2.3872226839385715 2.822720239130084 55.83594808727628
-2.772005035528469 5.972461625696684 -77.64785506769131
-5.339701410164789 -5.117499703183925 -75.97139156379845
4.349671483142124 4.704724796165325 -63.96908724696397
-4.629089812350941 -2.0786412332896798 49.5415289600976
6.048395454521281 3.800433978489284 18.576796504286214
-6.813582172420197 -1.0934929412654326 -60.07404017255255
-1.1130936163657505 2.034524876483946 -60.039701778430945
-4.840338469874077 5.715635336935673 -94.02665521018703
4.702150462675754 5.222951306571983 90.11205592327111
-3.6490428590399495 -0.2892836431669408 14.050051610262235
2.29819569270816 6.2665244575829195 38.168225408146924
-3.158643427792019 6.218546140475169 -3.5012462473010397
0.3796412385133836 6.011308461822555 99.58180853329425
4.742252669579445 2.9542114689581473 -2.7623324348657974
1.9545546236676474 0.2498188402636047 -61.26594588114731
2.459791619673668 -8.571393914198293 4.432201333403457
2.931413047057397 -0.8348058718573587 12.309665498385892
-4.990944467212825 5.817513855983299 23.408167658755918
-8.306922352530687 -2.4896033993614113 -53.34482620815249
-7.575332452299418 0.7059060475379044 85.1993513050568
-4.2974494290182506 5.848852240413292 38.35618341204161
1.063266088998483 6.883566151226796 42.9289501557036
4.40586871469173 -1.7548560462959437 62.03952448302156
-0.23949285230744977 6.482059622106502 -1.113849912851337
-6.651585920148601 -0.013546931761143743 35.32982834478975
-1.8609448524014567 -0.9159521478777969 31.507887419263145
-4.23813601086316 -1.322497153064334 53.79722303560954
-1.873687863686643 -6.057062067007324 78.79188812442281
3.5651143616100547 -2.4240434704075335 -24.214923452906227
0.5254066447844891 1.4639216406825346 -54.96461815696314
4.145662662265176 -7.130634769627265 -8.902293624145315
-5.170025670485042 -4.7408824031774826 -64.03461388440697
-1.845616205430126 -6.358111591267192 -94.94798401209734
0.9208738635984186 -7.808221142912876 -95.44178844452948
-1.8275450090691092 -2.7100234088095467 38.40925322225664
-5.035074484510768 -3.2173173595903592 -20.823256047237287
-5.7386567544808385 -4.0888287097965925 -4.288063495038007
-5.655995727825748 2.9358619505264705 -30.114691464090292
6.665957629593216 -2.3413983516833845 57.717836748191736
-0.7281555854784265 6.855059043093463 -38.98243695687589
-5.7495107779422945 -4.51432529461873 62.230364489355075
3.2833096185425052 -4.351519810752054 -80.26931232514495
-5.213492961088384 5.459629430145307 81.70276303758725
-1.1383179921103301 6.085182066824394 83.09924113330423
-3.7018191880295217 2.426615889190021 89.77434945239695
-6.97438864187595 -4.065859079949757 69.74349781199247
-7.489276045773457 -1.1592189993707038 -31.99689961049671
4.151174502979203 7.465698105017731 -65.77220262440537
2.615493425570767 3.8537688593327446 62.14497512208773
2.004907880639243 6.087069191640711 -27.44042416579292
-1.769629801153536 -6.538606839031248 54.95588850376855
0.7627673295371956 -6.325349327309929 -67.18654244262763
3.4648820850704154 2.534843099130648 41.56929987703439
-3.8774973774262587 -0.07176766495327312 -71.2499204814835
-0.416082443379827 5.711177687857917 35.199047742970734
-7.145674440946111 -2.662204293919994 66.84527991047402
4.142611423220691 6.4745975161900775 74.86978472057615
1.7863742935487963 6.449948729163888 46.30563357445517
-2.4639233121725366 -1.5673969702217274 -87.05672698343061
0.27106983860356887 6.5712161671979334 -76.97779268864208
1.1256851418590446 -3.701011532477299 -84.16095789898284
1.4968305922737684 -4.959119200982919 -89.5888312197631
-6.535418909141669 2.417792635979016 18.198670351596093
0.9585992060425809 -2.3182327448987294 57.61590166589246
2.9048203791032305 6.428853711534895 7.101590930530132
-6.086523127200998 -2.3961332710239565 -84.92332366370981
-5.51730517993342 6.440980009195421 -82.12299511380151
-1.072281633897439 -4.455141688842451 65.9094935520579
1.2390476240120227 2.0045499564951763 52.994799848827746
6.340202028272358 -0.5050921488367087 20.557899334913422
-1.6144946281405739 -6.563884195340664 67.62508120914484
-0.20111423755382676 4.4969858814814 -58.75563920769065
1.1306737728664515 -2.313574380213395 47.993933819232204
-6.851016008019038 -2.8502225030177444 -2.398581873522049
-7.3144749566408676 0.0004540718485741557 46.81612066735163
-2.906406913262769 3.693162812598207 23.988873285658116
-4.055939469195231 -0.9559058520699953 99.44875659056291
-3.5621060092323495 -1.118635271673145 -82.85444378444126
-4.1551482721556035 -6.237742661959386 87.1754363868705
4.402631790781777 5.201946628034018 97.71556164577892
1.0434442402251163 6.991664988521229 8.073484635221266
1.2553848701370658 5.876422149028449 80.74416265483323
8.180463745091066 -0.20759488372290935 54.855007155917825
6.2812343281460965 -1.7892195661368382 88.50212475239628
5.517581745309264 -2.7729458075170723 5.100249336054448
2.80094860903402 -8.462235867276483 48.96346466289874
-3.537327169986297 -2.7757595804544 -31.266673206628223
3.0788079702922913 4.705847679330312 -42.74236763387945
-4.491450213752835 -4.297252500287724 -18.268707593174714
5.220167888462459 4.026513369495638 95.21608863704326
-1.6140565154301216 -6.539692650954414 -38.96730265592905
-2.780974291980429 2.707295347737823 9.966672246415987
-3.037034376700237 5.51454623716338 -42.90882440147009
0.8356455372063512 6.638539160742961 61.57691638735523
-4.394901561006886 -3.4522637667393647 60.899186915190036
-3.535269721172172 1.2317968711929115 -63.77048654478068
1.8801655582024046 -0.24756453067219025 95.19017421940974
-8.022670424508464 0.8186484690550655 -31.059203804365165
-7.6376987818820865 0.5808263245830078 -82.3082540216335
0.8936385964492046 -4.579910762180782 60.081903194032996
-1.1411679068634857 -6.28378121188959 -91.46076903462327
-2.212047540921821 2.915759995005981 33.67233382672896
-1.9661817910775243 -4.634332477508311 51.92488015809989
6.646952474561659 -1.5138422841844004 67.05150123734393
1.2487541961499797 -4.248860535891792 -69.46792043243052
-0.08716831670227511 3.3269018039338762 85.01418604096533
6.657617883206195 1.848084664934622 -15.817736807765643
0.1899178941306 -6.680033170197374 -63.71754212449418
0.8542963653965534 -1.3888443133790678 -30.06024039396005
-1.556455533577121 6.464535222189248 -9.097562106012601
-1.1709619660305144 2.3083552027838596 -18.62486153787906
7.498091035432406 5.0525863488067655 86.6060776879236
2.577438682371146 -5.85533898966329 13.505915898955708
-1.573449615130325 -2.141475078180443 -45.81883913471981
1.8354759747770242 6.550617236151404 -80.20775633787737
3.373099201725209 -3.676523546507634 2.468385733276777
3.1936423098812474 -5.232426183963797 83.87563587635422
-6.007734283507209 -1.120910811276179 64.70658524458761
0.1351483109147012 -6.3180058047880125 90.46663732739603
6.4834533588141445 -3.4767800065029295 -18.05296871554284
-2.9629394153021167 -5.983214187272494 -50.837291714931645
-4.697897340907381 -5.4844557550159765 -84.95050613703393
0.13607734876045013 2.271119531418792 63.24596512928575
6.26158674638045 3.7700692006513377 99.86478067954495
-7.021165502546367 -4.530509434632207 -6.1811799725320276
-4.098724992115407 1.6082321805962458 -90.54628541872667
1.650931725730234 3.480762593745704 -70.37632648764809
-6.328940521526803 -3.971017819680237 64.15530850014478
9.048384052420168 1.0152956638061759 -24.51728332750982
-6.852410975761597 -2.1409551429750433 96.67295088043139
-3.2057373118126242 -6.062044382562008 -70.40086287324073
-6.275947844121355 -2.465058188571546 82.43901917532207
-2.565382399035357 7.527906574875157 -0.5912214703188957
3.467751739458944 -3.2512163575201383 -95.14068357133723
-3.026901166009742 5.585361204399632 54.34129782609895
1.8669367738294937 -1.5184454428240017 9.393287321540749
-2.8916842409631043 1.365616050582718 65.45991379778985
-2.105139227297065 1.1092943110702391 88.63176815240031
3.475079750745726 -5.688422560621841 93.9882567895468
0.39568434293224597 -6.547910910693497 -43.85366987903863
5.050537532870036 -3.571757076565601 74.49503032431048
4.513608321490361 5.154513806611325 99.82314498080041
3.730464741046457 -1.4451641119116263 55.66322769002558
-8.069907829130166 0.7894083144822379 -11.879019476029276
-6.279379619778723 2.613271114216966 -35.91695093104223
1.925507475381775 -1.8868299786313225 -36.283273202855916
-3.489082322961919 3.744645722357778 95.50429845150276
6.258758301845567 -1.403066945723111 92.43442135534387
-4.408626661582377 -7.248036291580702 0.09882234017658784
5.18461333417773 -3.85290204481897 28.87914074829678
0.24743260265575134 1.0683767874357986 7.842589916186226
1.4053855086091571 -2.1138917548388623 23.01907926337084
-7.274274686737405 -1.3348831782344415 69.5136761872985
6.552434325578106 -2.6088968662648564 96.89287494737151
-4.766393127937462 -4.78700416002194 10.32203473640821
6.982147626884642 -1.7425339462745875 74.79464633902246
5.8969497800861195 -1.833117783890226 -40.45223500206781
1.0177766648084081 -1.1872577330926788 -26.51097619069451
2.4345197886036747 6.002031999907601 16.050903941845142
-4.232274949157917 -6.630960789110257 -26.519809228855046
0.3929584678476716 -6.825218654609401 -82.97198202109044
-2.626669536602649 -3.079117950152036 -90.85184831607198
0.18170394135065293 8.11113426307613 6.900937544804246
-1.7940077111790749 -0.2025314368494587 71.23131676096311
3.990685113488002 -3.4708450385959217 38.84618145873613
-5.136060280202944 -0.699635842815257 77.9340406886646
-3.8353751092445165 -5.178169459392305 65.7179639410577
2.435530449302905 -7.30049333968141 -93.09111472762523
4.135662080907856 -5.76186462671138 -42.76811153782875
-1.8154085064768797 1.7469948851776949 -14.741387148350341
3.1565808685477945 4.186102429611256 -11.945282010996637
2.741162475791799 -6.946499224974957 -10.816312531728553
-1.2395770718120795 -2.66285048104447 81.14116349097412
2.337937425174357 -3.8940320563094533 -16.896157008240667
1.1915489350906106 7.248196417479306 -58.51000090416473
0.90316260107442 -7.627310700220856 28.541929158082965
0.615386497101869 1.2704257979658529 -82.78661194997854
-5.757089491507041 -2.4082775111551733 71.64067318344664
1.682158291689002 -6.562298871164566 97.03935140957537
3.1233413565640475 -0.4045155686035652 -58.64483861443588
-3.1412766860530033 5.837058013608082 -74.38501103447875
3.9719304083917497 0.09593055672513584 -28.053093176063708
5.046370596187798 4.20904511082524 72.89393162567104
4.240600000138743 -5.880672324753634 -88.59173792649386
-0.9045199700931004 -3.7795578943651518 -58.818236274264756
6.317000545789064 -4.404870169649455 62.60422228152033
6.050885211207029 -4.165693504606769 -55.7353769730871
-2.276405766242238 -3.9819521637770237 70.37312002369075
-3.6111637544633877 -2.587429306526805 -63.036674667211685
-4.392355730603863 -5.1056856806622 37.68864288566684
-2.3087781816331145 -7.0177031922983675 -55.24179850286215
-3.408827970245102 2.076363139070498 -48.14107665337998
3.0639672246763485 -5.440202589482152 34.209142270835095
3.7305626918692343 -5.903230359212632 48.44974700322321
-0.5541428410012831 0.2209872522547749 19.70288169810408
3.665171933359729 -2.8599034620098234 -88.77411255673354
5.793864705111797 3.9334667869624016 -0.24032823667212755
4.9478054335095365 -4.249007462506363 80.03626166856536
1.7734041871806128 -6.281517119047531 65.60798784805216
7.004751641972883 2.2229194778747607 -63.419714070977314
2.185341323407838 -3.555937151430454 45.726742329391286
0.5921613257799543 -6.654829671475272 6.307762650918121
6.472459702784785 -0.7521478432753302 7.936127556834147
6.562177373377591 -0.7630559769598567 0.49179707088530156
1.0674539052596894 5.992815630224029 -61.143367294385925
-6.331277162498892 3.7974284724587117 9.257702496353279
-1.4713188412143499 6.536550131538895 76.63459094407736
-0.19213299380255733 7.106511287035393 67.64043013283171
5.049936654813952 -4.3105989360681365 -98.37181298680635
4.764097799572866 4.718680914817533 -30.859267324942426
3.1851736209704504 -1.6538769032393739 -48.66082484723503
1.0081280674186404 3.0976679661155275 -23.721193976734437
-4.204381653335223 0.31811157620693903 -34.95211734352759
2.4807990036903123 -6.48193385585407 -21.655734340047516
-5.044401650995017 -2.768874460896148 17.7575598856725
-0.6941630511154826 -6.269821092774869 0.9568206798160352
-0.6565276895033083 6.552939133546289 72.04604433472468
1.416959521414746 -0.8800695228992921 -95.73809572353565
-3.4687635921836493 -3.62379643595151 87.93825944775276
-1.529007975204076 -3.0104857129915863 -49.60593964846167
-0.2188527784979668 0.4349096432502122 -57.94185957569307
5.445888477337773 4.10017552445671 80.61042598082217
-6.778012063082209 3.983256845185518 49.61565405803847
-6.2638147151461565 0.7548479957622322 96.98301010811004
-4.0170318041560025 5.440096629003894 -67.11428571614367
2.7907470823077216 -5.61346233230371 -0.6823605493676649
-3.628745296537583 5.913297404494443 49.15180278722504
0.49397098099960945 3.560912755567836 -15.927749222608506
5.4972888967290645 -3.1203381831586032 9.613624733807228
3.8533866395662653 0.02577118954512647 -94.27325037856605
-6.07809011140661 2.3489645880981396 -59.380070291325076
6.543483962755986 0.7274422920181665 89.5853464247719
5.144323803796307 3.809935402102701 -25.103243363636675
-7.931759159777142 -2.2244621608742428 49.65945485862669
4.016913129463653 -0.20225849035878435 50.5421021943685
-5.601885681725656 -0.20665468006326393 30.97387728571987
3.064666346264975 -5.830900374582061 -72.07293842982044
0.6270417506011898 6.648785633314339 -71.52810537748319
5.135919753067495 -1.3679915766277262 -6.854624208029493
-4.851346477269666 4.876329009638196 -96.79804082700163
-2.906428287630275 3.5439991797433548 -65.23299970044165
-6.993423239775976 -0.6975466740518541 -34.36498143667978
4.008729040571074 -4.285790121636989 60.60468319652441
-2.268553386724076 4.856481488033777 -33.98717663986719
-5.915551358686041 2.3126441435884826 61.719914017021516
-1.526267790570731 -6.602359118398288 -17.61394752579466
-7.6457778191961125 -0.19903187228471597 12.714439668503728
-0.1598418089648137 0.10278426473158259 -40.64372549967256
-4.315513169973506 -5.064401285347919 13.743315479729642
-5.171730163120739 4.1307194519165815 21.00859246613471
3.252843304024223 5.3574333655818505 3.8350763060503477
-5.403481749246002 -4.270018622102141 -88.08594513983199
6.194298960809929 -1.4427579884828576 -80.21100858362136
8.300253513630354 0.48145132698096843 25.046348064804395
-0.7527315569303059 -6.532977988879639 -99.00331055395382
-6.528882074876933 -2.758614381425027 99.69525154295586
-2.955029056150913 1.6601174576358233 -9.116562343472058
-1.4345626819538526 7.580717823715695 -16.098532034385606
-7.328510437520797 1.5143753811180534 -99.52220486265053
4.10489583750929 7.346989295482318 81.43903530524298
-5.473473004598157 2.7048262552125397 -40.49641576513665
-0.9445981793140439 -3.711218417121743 -40.49474573218955
-5.275468443804673 1.0949971035303026 -83.2067796291903
-3.247977509748596 5.666872808991688 9.00145314509064
6.28553915732816 1.2836436222527536 28.073139037114423
-7.13701393100812 3.488466359939251 1.903966869979386
-5.165409674426915 3.8037293497952884 88.12801282101944
-0.19471660070546737 6.606256713259498 12.57287472549038
-1.1785366829515442 -6.695550381657643 23.649805593112216
5.217593125859438 -4.34840471619983 -6.270397991403672
-2.6350152063697125 -5.613730700391933 32.13959966198768
0.1482602235395149 -6.7823005142793376 -31.583664390619543
-1.172634255798628 -1.7370272420469446 -54.424586866830076
-6.584698745449358 -0.6952545419780412 -46.38204349992494
4.365863457228455 0.8203703787265972 -33.46542012355816
-2.994169727670407 -7.298573019979331 46.741729000722074
5.62554545029376 -2.8255317063402443 45.145397987350435
-4.702893390708205 -4.357884344535788 -54.248195779904776
-6.147452256338712 2.073233761108741 28.42585164857047
3.7786359826781704 -3.4396628612237565 53.479917095374205
-2.694536666815673 -3.1552420222817843 1.244837029495959
-1.4897177215773698 -6.23149343856303 -20.73773720675793
3.23751740548979 5.178225860753515 83.68970852449537
-6.045952735553174 7.197030111074876 60.5259859731026
-6.741917951196706 3.3278687264766043 79.67322976824309
-6.995184528981498 1.9075207256887707 89.44391605739213
-4.263022407076325 5.858361360678461 79.31142114339471
-1.3067704714619164 -6.941557728556475 -57.60001806150562
6.5511450739383426 -0.8398515768732058 -37.33084981515945
-0.6730013247661444 6.617586401435089 -51.017978243774834
-5.602045823435619 -2.110495562901008 93.155422376269
-2.3003312514424477 -7.638166610260435 77.13769685139334
-2.869102023108176 -2.483815063751798 92.75405633145205
-3.319323001862637 5.220766222691807 -31.082490882898746
-1.5917878183523226 -6.50355200441696 8.476201850246053
0.5039692869645503 -2.2898336338926066 1.213448663499217
-0.9472035041339091 6.780702173321632 87.6374854809604
3.954023366672912 4.928942115345923 -88.71953134532977
-4.686299037026234 -5.119635558984285 -67.89344044338432
1.8126106608200439 -1.35087596612579 -85.64505541804036
-0.47861527876226984 -7.303688853857892 81.07624461276355
-4.816400947579083 -5.159406508318021 91.19930560349509
-2.892739452887008 0.6201483132042709 -79.30204483213167
5.959288714571642 -3.152788770077478 -30.235637849046345
1.9015105531370402 1.3993107478024815 -49.82088727225155
-6.145790728519607 1.4288258017829685 -95.16895012880588
3.767942528806606 -3.161782577575342 -66.09440189501811
-4.2615937834130335 -5.515911567209372 -37.16006379445313
1.2824243148996883 -1.2470191098713497 -33.12567926190457
-5.06737952359221 0.6806218843114041 56.615364496218284
-3.3843297242306445 2.1033647603178895 -2.5499984483252245
6.652828784846796 -0.5808527669927219 -22.408503160698213
-1.2420136254668799 5.685719854680567 -23.791179600167517
-4.781366357445357 -3.2171165827138624 -97.28231746602654
3.5885970531409734 0.32034138415638513 -0.07502022075577099
-1.4578264484671983 0.5096527709610612 40.261225840940476
-2.2540872713357394 6.3477575017686565 -47.850772842614205
-6.375733537367049 0.4995830811740922 67.93602323741862
-2.4788897056565853 -6.062379692366969 49.029453772555236
-0.0919609732504511 5.258809979214299 58.69506712903544
5.899506397281034 1.2361249054071546 -84.18022555071063
-3.625890984231093 2.534113882027467 -94.00375393065782
-5.092109711749125 4.468083563235723 -91.55830928056012
-1.425147444370305 6.445850020618021 -54.90268743500118
5.666410554895636 3.8450410494369263 22.07742668155918
5.537978681360466 2.8567838635932867 -96.1701711961574
-4.112231794064196 0.9139421516556894 93.3693213122986
-5.0627177233936616 2.0027578102389345 -74.41112705438437
6.757279761382091 -0.49921632314649744 4.121269387040294
2.545890061347655 -6.921282157602783 44.447345372220305
4.125273167032715 3.7245952604064034 -46.802171831870965
-5.369009151762494 -6.068188770148468 79.27200534346788
-0.42803828916950404 -3.4914916847404975 4.484971776638165
3.038057213541327 -4.916233219886509 -31.140910806140397
4.095032322595686 5.535242243147968 -38.90569106763841
5.250789128291347 1.2952131203784008 -20.2849991713652
6.282985504457465 -0.2664229714263907 -55.983526810173274
-6.3745696457816186 -4.058224371801901 20.114083668532242
-1.8435100287660418 6.271873287797789 29.55074968111211
-1.2405805763157107 4.026860554047073 21.36539711634833
3.420679781810359 -0.8530477466079508 5.3080533380902555
-1.7300310565425954 6.417893134026068 -61.83282139502948
5.880993139789216 -2.3239822004111215 69.98915073039694
-6.466046973772034 0.7109497641545857 -8.82809850927108
2.8041572263877113 -6.00808533697272 -47.870211145425706
-7.296059731736263 0.858952939041391 15.217021678580403
-1.773537540680952 2.592122670085302 -43.62821313342457
0.5254054961500534 2.1506758665347485 36.74683777925533
-0.4828757326621457 -7.6780167367096945 52.928491062072645
-5.480305414670556 -3.0983865528253127 23.217738449925285
1.2854494344104508 0.17021302301579236 73.20105364067479
-1.0530867462512965 -3.8432567663310313 -86.74351868663638
0.12189246104913512 0.3178534865888879 10.970389612910171
1.6496618129412177 -3.5700130795584704 42.03862755998157
1.448055229976306 -6.7901591689534575 50.40979844641876
-5.677639921626094 -4.381988607314768 -48.206309688643465
7.300992974463704 4.955597301156576 16.286936782469585
-6.788941425680264 -1.4573252235553618 41.40792428991941
