-1.406879428845449 1.6839653492706144 -36.849264051835156
3.4671048354704372 0.9330558690432991 -84.68804440662633
-5.756844205640013 -2.743917967789738 96.20037855201562
0.41525620980483646 6.658605908519267 -5.26151021783144
4.330691588104018 -4.103839393805547 24.166824329821598
2.5146979540121634 -5.174060059214919 47.72644557848768
4.2672604278701955 -4.9995262605842195 50.62852979103293
-0.7699958226548157 -2.8554532264843004 -93.04756549231804
6.390500556006894 1.5244676167086084 46.53073535009627
-0.28548763798438737 3.168169705419518 89.51435568891527
-6.166533583668085 2.056618865091822 -7.985617600779592
-5.574046550075527 3.4757686917671213 -40.152990429762895
4.88864914001864 -3.6967362508832804 -29.447417297267325
5.354493520518336 2.129022073463093 86.6845685728432
2.226480487064764 5.7604420535029375 71.56834378511319
-2.674518689623816 3.8136325833361826 95.69401691072896
6.450943446454286 1.6018399857791845 37.21248548208039
-5.148558067764574 4.0176139810953915 15.814946070254853
-5.000575715812286 -4.085662869918438 72.76748286714388
5.5055130850370695 -1.0264226598044575 -74.4936861373535
-4.194211596438985 4.993835300454399 72.56783765543862
-2.9673977246385475 -2.1592890224857726 -91.17436205918155
6.5906107108955965 -1.1369132299986626 79.31373412042261
4.210964063571506 0.5347437711461628 -99.94408422228068
-1.1732551816504355 -6.655392276927183 23.048441588117743
-0.9537858925204709 -6.431473656788713 -72.69802477400792
-0.89642221850854 6.0663644885839085 78.72110099009531
-1.3245906660884565 1.6551979780405424 1.4152359104850603
5.6716738824022315 3.367394377061061 9.335131157507249
5.222095798393678 3.9091545016055353 -0.43671141934466395
2.8219407566987202 5.949652510731901 -55.36196408534803
-0.526400623353794 -3.3800249051974554 95.48674403180834
-1.9351037710907726 6.203531367039765 -90.36635377444908
4.0192032001795 3.9604369056290816 -88.05082456605123
-0.822228141563949 5.765218046372383 28.034868828297224
-2.454911607002622 6.257128104361238 43.336735620410934
4.96683012012289 4.390983144053093 -53.629667994781876
0.585262358334226 0.3418786586166205 -31.32448888998438
-6.626445293670631 0.37245257494345785 -23.118659736075696
5.072823938338475 -4.11986277522172 -24.344188625800093
4.588770252453721 5.06891548997591 -40.16378193067434
-2.56770941773772 5.771877109272749 -50.00435487326961
6.3187266214064755 -0.8193238021447278 34.86709653595389
-4.9214387459937505 -4.37537535442915 -31.634785319012455
-1.799096796504198 -2.392883743412552 73.29087580476978
-5.830983142166002 -3.023276229846104 27.16887455842281
5.482260012852329 1.334910710665369 -51.1440058537614
-6.627597767686557 1.5720062362354954 -54.515985691162214
6.31749437584586 1.0231658931130783 -63.61668481179855
-1.079256493838284 2.3575481329578727 30.702506268887095
6.187415193411284 1.4424232183649335 -72.7058233920503
-3.361343028039344 4.977640817937968 -44.4219662894435
-2.074421891015847 -6.561708735541731 -11.98571257849913
-6.251353747053273 2.867539174488925 -68.89908626723964
-1.3309417208697143 6.286246482283245 86.44297316657074
-5.2530503032366225 3.739769354518455 65.53668062448727
3.6849431489896265 0.13571303484519184 -41.502082362461714
-2.6017438740054586 -6.115529528284086 -83.96466077276068
-2.8467579635791846 1.7357203255990106 63.77075711549546
-1.8408893636278103 0.978685880377655 83.09050921385703
2.758305722759318 0.6120438311823946 -94.77491718795426
1.382822655969002 -6.7029453963200485 -42.71458867775029
3.927367549629737 -1.7602358143646284 -20.983852581472348
6.593203512196221 1.6238279945403113 -32.0115673795347
3.9185459050833904 -0.9853709419838164 -15.040027205866618
5.883388180487813 -2.9685409530654043 -57.14627262438679
3.3598339189137687 5.798952053722629 -68.23668108810823
1.9090597573650547 3.544920100480074 -91.93825604261943
1.348419760808057 6.302379537695591 -81.52566086828955
-3.9925131664555042 -3.6879213687204238 5.875164914641651
-6.285226991382947 -2.4250029576713668 55.29321833928536
4.893570041546746 -4.727951068310764 -35.86458213698591
4.2053230202071346 -3.9581643532266444 16.994281897040647
-2.1697122322940556 -6.083778342634491 -33.05026786732313
-6.359718024681795 1.4096357888831479 41.054364033730685
-0.25865247316621176 -3.731443297301188 -65.20349488344792
2.2071886552474345 5.145945603282515 49.28252289029982
-1.199721265864669 3.3543511025348023 18.33157356212207
-1.339842966654335 -6.723072397575656 -1.1490157699526087
5.568123249091999 -0.8345768418262958 43.2180754089178
-4.650549987543777 -0.5149951314327973 8.631041972722448
3.5301873748021055 -5.4372747339444425 -14.93796142974294
-2.294291800794011 3.002012496181455 86.38865983924414
-3.438223354773694 5.290131405753031 67.66560564962597
-6.126630581755403 -2.586479261545237 -78.48149938456825
4.587631129805619 5.2173800260495256 74.22714491133281
3.7912674457590025 4.380451679904621 45.21606329205044
-0.47298616307880437 -6.747019377309913 13.273246457416047
4.026310970328301 -5.052737576279153 -96.73809051933874
6.0782927641823665 2.6267155802651576 65.4125763773915
4.467434797142153 -4.982573464706557 57.72058315113488
6.571608003267935 1.8117650685578113 -83.41434475788556
-5.96380864421586 -1.1389671555484153 11.456623919079748
4.2664094650918925 -4.324800034280614 -66.71173043877793
-4.390364918640334 0.1962629416349927 52.84941488071754
-4.464506697089596 -4.503989140767801 -24.057198118448763
-3.74158816214561 -0.5949929723715693 -82.83654539478117
-4.3850409604069025 5.1523530697920075 -14.667316125134278
-1.9896861198092954 -5.556182946284488 36.58509599393101
6.305945782723262 1.589608291188239 1.4065441063855808
0.9629066295589365 3.201328946184691 85.59407732438518
6.241430514715513 2.4791775461022048 4.544738143876404
-3.43958465074214 1.09908937850963 -67.90225966572031
-2.7113507300948423 -5.148292440644972 15.544489967415391
-5.893343225876212 -2.031371934403065 37.573488894978766
4.38738070346408 -5.293671801491751 40.709598969004745
-2.0485685937440543 6.200320782403867 20.94588300435588
-5.821845767229859 -2.6992595848404695 -92.15978599692416
0.23604544908987807 -0.5799357481818166 -68.11852176544511
2.290430293753729 -5.904658423981203 55.2929418355065
1.7285241988823743 2.721540162065888 0.5245137229941941
-1.417191693006382 3.1258135087204506 9.141852412507648
-0.20100046106488423 -3.3723243667090412 66.65124892798943
1.1076772316602939 6.3486510915635845 95.57432052138113
3.1652106154349746 -5.921003500262294 -52.80157243269569
6.173796965822263 2.628406081521833 92.86432243337167
4.719258640538723 -4.630631186282308 -62.023003267339185
-2.922232017282167 -6.229051101780024 43.091819236821905
-5.135763431898316 4.028398727641217 -36.91542425103703
-2.5757142433181186 4.614244447447369 -84.94363613920912
6.304430074653861 -1.7716892779080524 14.44406696620682
-3.5166411446310937 -4.667459474345104 2.8490014675206856
-4.203196621537263 -1.3395072547603997 92.89888929904022
6.510331071957882 -1.263014952135583 -78.05689341921634
-5.8419670304185995 0.9278151671954623 -79.0041138162165
-1.6789709962224875 6.073367237645916 49.67347790191021
-5.3602965256848965 3.651461306081031 29.24258195872758
4.973291749753524 2.0123258139384044 54.458815044508455
6.652912615851598 0.3064788874215801 8.637307607196067
-6.064221361312515 -1.9972111532696621 -25.603863614087185
4.307659820034554 4.937856998286763 11.275043669176949
-6.322804296425091 0.9215236934217979 23.845137351640176
5.258324165718029 -4.107198310640121 86.58450543541673
-1.0821304896040578 -1.9894814353408168 44.690200625091876
4.8011364937767524 4.765889660860021 25.723800986487262
-3.7998939628725243 -5.259543561259703 -66.73153428468535
-4.276084285506761 4.510192325717753 48.05928169174869
0.9651859844069991 6.501813984051207 -30.100592129018548
-2.120079064442339 -6.457242922705409 74.27434395022043
-6.36173605015497 1.7270042412891637 -51.608168464648436
6.401157229653168 -1.1242981660109002 -37.26794912364805
-3.1918071471843943 5.8914269516979845 54.44236782580391
-1.4025284334996968 6.631155631727104 -78.63208274635302
-4.265478362017383 -5.099677630123726 -78.6700586493293
3.1577508520333355 4.870468798116077 -65.40393700659087
-6.337547946906628 -2.179321731548893 51.35042046169184
6.665702571066814 -0.057853276334552145 11.776567297775555
-5.813716174139311 2.3616597867837585 -64.50851528290654
-0.1925726922124508 6.363315495623253 -56.084899695189534
-4.075601662795797 5.500622643964056 -94.65220461629733
3.5420488120679297 5.279230828390982 90.97157660891918
-5.9734013862822675 2.180823648228132 11.39735516845179
1.9910488589648272 5.53177789753187 34.65420553445719
-5.338703563412115 4.07207927322595 0.8927677512532735
-2.919032092651002 2.6632197022657063 -99.86282880384655
6.628136689968164 0.2866037833992538 -2.7503937338678246
4.929105972415156 -1.5250180218141278 -65.46253996579497
2.402342162568928 -6.040081106043088 3.079969290104053
3.3170512910867513 -0.6404468476234242 9.35958379490801
-5.549626409298067 3.6547952243730375 24.070828700153367
-5.816867238168742 -3.2882237855183605 -58.62850584861133
-5.467662011131432 -3.647397980112252 84.01842395651114
-2.827406986894462 5.891087661540899 38.95857281310332
3.4849574069334484 3.0561309548664304 40.256627747246945
5.951751972209802 -1.5483856992454788 62.64566677668719
0.08444584944845504 6.670766485428434 -0.36331062631409994
-5.7310669203412985 -1.164641520129754 34.0983045055469
-3.0583555074695035 0.9580053059465926 23.93284351310115
2.2719837048528997 -0.8094238843913906 51.93786807036071
-2.682038263849941 -6.023282238565033 80.18453822399972
3.0389190930949215 1.7266644462804857 -26.304519799681625
-1.0524642074303028 1.8750672850821903 -54.639881537000306
5.617315342882536 -3.841174600716632 -7.683703766456403
-3.6439668693004807 -5.420697002111603 -63.46599279139416
-1.867766482536261 -6.449053073396968 -99.22407837335408
-0.9109665106464058 -6.369565643102924 -94.91885409751289
2.9246423162941872 -2.2983922284464122 41.89926351983861
-1.9727450514068061 -1.558318925451025 -19.68609796586666
-4.507472272388615 -4.76205912526473 -9.34292501836547
-3.3297409454597933 4.11291942069099 -28.572540010149456
3.0255494193754116 -2.291182259968091 58.434571164241724
4.044839188704789 5.140863675175492 -43.11540630868988
-5.500361580341025 -1.4678663497953093 61.71232643481869
-0.607721401905983 -6.530622262834444 -76.08319296592248
-5.376707207293166 3.518982536924396 84.01689905798564
-1.7708361311847103 6.140535309338252 81.76064533486928
-6.170258925745603 2.779289496346238 90.80941041520342
-6.343365527989121 -0.5500480287780024 72.05340682543859
-3.3964059396734383 -1.6920725621792405 -34.230281738107564
4.192669160097218 4.282914285488939 -60.67273786440557
1.3768665125906914 5.330631927810477 60.223100756798544
3.3050481347122127 5.723387500876581 -27.576274453980147
-4.11098513628492 -5.0616266715501 54.58253412950353
-0.088464832197309 -6.2351305435600715 -67.14735893977712
6.210405504886357 2.8672942500610743 43.631406026312355
-1.1198042872767797 6.103919479619195 -75.35870057053037
0.45061589291631793 6.654625470948625 31.115037538237598
-6.687195773195273 -0.7108612809667544 67.44010182192807
1.7871378125990176 6.296540588483943 74.92798151105292
-0.6950963961815055 6.3485536629803345 45.49715848642828
-5.99803214523185 2.0910137089458574 -87.87867237062636
6.308262623341075 2.5288922997970062 -78.1509814160251
0.6931579558104666 2.6900451211141987 -83.23954734490484
3.39309329026873 -5.709313467817899 -87.18217294473702
-6.24783543142164 2.4310335400633196 19.692588086223594
0.40712286257303376 -1.049727113141251 60.8682963500945
3.0558892733856355 5.40191547003299 7.356883315070596
-6.61791035457959 -1.9521222537688274 -86.05876934415595
-5.10046374993954 3.9952914067784797 -79.34401746594062
-5.717042411900277 -2.506163780506809 65.02518997433977
-3.630958685695891 -0.10478580493619273 59.49023703978546
0.24858054576714728 -4.1941700799311565 19.55671864936757
-1.7168627959618497 -6.433436245563972 68.2051553759635
3.512962982089712 2.792211694600752 -63.24965416526003
3.239356606309663 5.403271770415969 57.725021933891114
-5.558190254925983 -3.3157549476262007 -4.385888424278151
-5.871141052918842 3.207441732121465 44.98140161376387
2.068144941165115 0.8000775719005254 24.08292421266144
0.3181179393065745 0.09285679244037714 -92.54332436814644
-4.7730356777549785 -3.9654618275312 -83.44547906782007
-2.435515432955602 -6.111949551461953 83.04112652182238
5.986680076987591 1.7123537998076053 95.72777555409827
1.6888216002540941 5.611330684449173 9.767995775251059
2.369487169408824 0.8795579334793114 78.42122423853402
6.352786456852315 -0.9010435253356778 59.7529778687668
6.277821125806163 -1.3198041517881185 88.57067404905445
4.725720279509212 -4.71780499166875 4.7726863452713815
0.5375012050576767 -3.5113254482139173 48.59665498829823
-0.8262577901533636 -3.61432476136241 -26.9516918466269
1.321891773041246 6.554988763633256 -45.7883086554638
-4.062217905921253 -4.406075142762965 -20.30411029369254
4.460300644954277 4.910546345998699 94.0765286010787
2.252894761921333 -6.284696362683159 -39.814247230358404
-5.0907733898661185 -2.1575537049908045 2.3606797873887295
1.90917032671209 6.333880212647269 -41.369995370390605
1.4043647137587643 6.273044435789974 64.44928701018524
-0.04536461420151064 -6.5357772523726245 61.90872079340862
-6.131462907152107 0.49143568312350694 -66.78578209470082
2.4789276581514743 -0.29922888327598307 88.44617927874872
-6.671494490483452 -0.1591903418550774 -31.161297653713113
-6.725009816592168 -1.0927914409886466 -81.25643293017272
-0.5469688798290351 -3.2078878919353793 55.72773100591335
-0.3775817957291103 -6.540894191948139 -90.67110229037134
-5.130748859952395 4.185400661606633 32.8424335144095
-1.7368727878158166 -4.413409849038047 51.98355819347552
6.641091265459473 -0.5920589301802186 65.6083715328452
4.013195833742982 4.975696372728951 -71.85952047566653
-3.9039273444715525 -2.0952878148402574 87.43153987230298
5.501945660445414 3.412981522058933 -16.2376613778228
0.9113183793764409 -6.693584904731661 -60.98909411052865
-1.576227068757615 6.499880956750527 -28.370719502662787
-3.8187549228395605 5.759271240534459 -2.4261506957356684
-3.400341307188475 5.2780612353135865 -21.667288500181872
5.342016907266461 3.90627565580391 88.85360660662201
2.9916988112862017 -5.812720059581401 14.38621364162818
-6.512010830453314 -0.782815584434689 -43.75426248437788
-1.2646044945396524 4.837063571342385 -81.28837357090931
5.021625346134192 -4.313572142507615 0.01540128965930463
3.5538019052427994 -5.040659193026887 84.28328175412297
-6.3804612610439255 1.030446127857924 64.05890648437972
0.6155232662359011 -6.229974279241862 87.38306817100124
6.758014382456444 0.29655840059800537 -20.236321469992028
-1.5785771438517302 -6.266510204548261 -50.83078578418093
-5.090939734292305 -4.523133321968758 -86.45210342272922
1.8338411478556143 0.3546638892291625 65.92002429445286
2.5364113225047276 2.235142277748003 95.09968302772808
-5.858900818563239 0.9994402211794187 -13.472979448940801
-3.148193425381301 -4.494770295747032 -89.52245660677835
-3.8917648249573142 -5.085596042100894 -74.93290065221169
-4.963774918655411 -4.297013042712577 58.011237435633944
6.895972451554257 -0.23543263455823488 -23.858664648079063
-5.555627066253805 3.1700436658496804 96.15898233932239
1.6142382291902406 -5.944434535540851 -71.1482667470502
-5.253159341074214 -3.8781729224938015 80.32563037268822
-3.2030837314999734 5.126355675534623 3.4119354646379123
6.111913972274227 -2.3783101699014257 -95.99134133223329
0.5166472561549862 6.316337500172171 52.487671530006196
0.18303352445488635 0.09568138669016132 8.872823285200448
2.8487208556970995 5.3624811050465215 68.43315449510352
-1.4246863662827498 -0.47075589381792077 88.45082801569959
6.222080140695845 -0.9538576203977813 93.45310209232312
6.437650577650762 -2.1546945133018016 -42.519567398718095
-3.126177837737584 -5.946943265526269 70.9949179539904
4.969438419556499 4.31008513467511 99.9076338148791
2.6582316549223823 -3.328323104602334 53.13487799953664
-5.4641963808389065 3.6755044880523187 -10.635743063106196
-5.750254822387864 2.049123450963451 -33.15518222665957
5.624269588430432 1.2014066130251457 -47.57935952662585
-0.7385021689201916 6.444038886386236 98.87555601818879
5.215951061244795 -4.091626114113619 91.38361988104684
-3.3336013871782932 -6.081702207892175 -3.721164666025979
1.536765126645028 -6.228404902526362 32.73175887161338
-1.7875434046005276 2.1444767760009085 5.650438387720706
-1.1885959845198066 -3.161167841312306 23.482205913984135
-2.932158634971139 -3.014821439887606 69.04327828079074
5.488596383091264 -2.067079601327235 97.80742425364667
-3.301755078307539 -5.010583890062586 11.15262242694801
5.489002064891089 1.9086251758678425 75.39878647079486
6.381102412723802 1.9057028465191914 -42.19653926292175
-3.44784762604466 -1.4618269759404734 -28.43696826623168
-3.9389204413450574 -1.2617388175609254 17.268623276510212
-5.765176558038574 -3.4460981750606083 -28.345851895218477
4.709636457475714 -4.311174268575384 -80.33837651922711
1.4073194277654903 -1.6429983272099098 -89.81666123215184
-1.0752468081429998 6.812166970085147 9.543651722888448
-0.3693163890186922 3.369797907306251 68.5529259426206
5.525279030721796 -2.3998336006042793 32.613746938555
-6.234910214143876 2.0598321069872707 74.17555407872698
-3.7424382017815643 -5.045289974340931 67.04830870841135
2.1764703690361618 -6.3540001296682735 -93.6793812437114
5.139280857895571 -1.7965256672595453 -45.48571028251619
5.872833314039591 -2.785388033153377 -10.925087094909177
3.8856244766553862 5.581398336487354 -11.899739683338918
-1.3765028896835116 -6.153905561491682 -8.630734889749208
5.324666226585181 -1.3167735268681429 74.45789634499313
1.2372605783140598 -6.5944246457621745 -18.10888364136851
1.5460862332155147 6.329719829873267 -59.02052535243699
1.6634137005753775 -6.579475195722074 28.31963439812324
6.44012324704098 -1.5398172128494274 -84.77827535590704
-5.858717504274145 -1.7864570258859205 75.44662928350212
-0.3832916938196739 -6.397047516084192 96.34475629264682
1.6841912284892218 2.580534043736544 -56.7482783534581
-3.3712784918479293 5.800857403523815 -76.93605164811504
0.6389470880593231 -2.6653225186451226 -30.1924563758895
2.2172526959378236 1.9288576479234878 69.75396123882302
2.9248812054074653 -5.788819434434481 -90.6485930808219
0.3526132745105919 -3.6973930356566393 -58.51279577212287
5.415703078143319 -3.5805785421069087 65.89363337930982
6.264131388254449 -2.064217735369022 -53.73957290781889
3.822807102662794 -5.31706596601453 76.18887158505332
-2.390195571696915 0.2587937802301988 -59.807019594752944
-5.481555515121328 -3.6576622330932 40.802822543377815
-3.052205739010758 -5.632777977643545 -53.653194845241764
-3.4240962534629764 2.385349632835932 -47.04002799842634
-1.9673705624041484 -6.316597324080007 31.696982232578286
0.264575205350128 -6.816127842871602 42.643974344467864
-2.4463154525934074 -1.5651647442496464 19.577676769132598
6.33776838365879 -2.496589647762035 -92.61954708321015
3.2773303655033468 6.065499716533846 -0.888618535938209
3.1824018562357193 -6.035293364588573 79.63250504219414
1.4656723837191652 -6.276390412790274 66.5845637034006
6.662907083666987 0.6197003721777218 -68.47678735305648
3.1675302942016312 -2.314004434529136 47.02432631759838
1.1268991806050324 -6.547146362993801 6.849931045713229
5.316052971413734 -3.677347652485003 11.64513291896391
6.208265208230608 -1.4257851741746546 0.17895272480346125
1.028731790880659 6.515309448485751 -63.93078812967764
-2.6469522761109725 5.876763065782872 14.95871129555503
-2.1397222870083943 6.231545439562887 74.86352492748739
-0.2811756397877406 6.497744444506393 67.56467623671719
4.648357893093535 -4.746810603068668 99.1744811471772
2.5241702145685747 3.286824299394057 -30.38205583095593
3.463072188585916 -2.9634632060564767 -51.87726958160607
2.9710962655016413 3.3534203130395253 -18.967545987796957
-0.1803283430888602 -4.375518756815406 -34.554037309336344
2.7592841534674886 -5.86806125245269 -20.408758432077956
-5.538753026362149 -4.018873308912291 18.169407548156258
3.710340046423516 -5.637740745594285 -2.3528272622894413
-1.2528173511333804 6.436143625824307 70.87819413587874
-3.3743659845768232 -3.703643244148852 98.0455049626292
-1.0774168686361916 -3.6655292436007576 89.90430852125067
2.9957410721528106 -0.3148680382257291 -55.523570672117664
-4.756374586695074 4.271086491511623 -51.792808797268634
6.786306385805228 -0.021099446251802986 84.71878741700587
-3.145725497117532 2.3275290904175456 50.951783611307775
-4.150916794262356 1.1190241682443425 97.9754769347439
-4.660827678262812 4.704462892603945 -66.1940554718834
5.481297731447338 -2.5365242212264394 -5.009764997662155
-1.2041623753907449 0.09973931501774291 49.12099199369082
-5.4802961148825995 2.968561478667799 -20.53090972062569
2.9427120451655906 -5.67194922278342 10.961348193065316
6.574625651698605 0.7967920723387327 -89.25456205497427
-6.023324206027436 0.08789266133737489 -58.62506787615829
6.658046736730797 1.2934349951655255 90.2199837295095
4.716894010128148 4.658153611112104 -24.989331020024938
-6.232465662491349 2.1478106068409457 51.13324142431076
5.588914896489681 -3.5353973979262117 53.48380582436379
-6.477332176656843 0.12757329968324307 30.861708536747454
4.864893842121115 -3.576042781465083 -70.42833280040192
0.8248449642592854 7.008639575460601 -70.54171464788867
0.6351677808323766 -6.6760282955623085 -14.93925121278047
0.5943331736436439 6.679402767196325 -92.85862655770916
1.8664006005622347 3.567980636129972 -74.38829372187084
-6.525775515019715 -0.7966157521399859 -36.26632749103118
3.9345029453390996 -5.476565017420316 61.963715425729966
-3.4068936891723847 4.904934215347515 -34.40828919133463
-3.1182987498621193 5.662154055229807 60.33968099451599
-5.25429689849236 -3.8829346052021454 -14.608478194561231
-5.849725441238533 -3.473132426401867 9.32999923129118
-5.612786874961658 -2.5440093341134253 -38.243710681089546
-5.543872133482247 -3.6560007367728184 13.77443082399319
-4.195742164426015 4.0051477384539425 21.04178195344265
4.278202506534173 5.197182812421603 4.3246392582279105
-5.811796018559714 -2.027240610367668 -89.11454885448265
6.782088684778008 -0.9059190321193581 -81.7625628317855
5.540832832675912 -3.4747943331278734 21.44226360235778
1.0568014406038388 -6.10209211791635 -98.55307377508576
-6.629143434207981 0.0801494819186548 96.81221616928292
-3.0754207213772684 -0.7705128786595246 -8.37405748045019
1.1059697570045341 6.374519888922504 -9.570708048084356
-6.29052358470735 2.4171768021963387 -98.8273051895417
6.265640003931313 2.7241533201789077 81.74636457141091
-6.855255640345143 0.12238615038343131 -40.78254954671748
0.8327432525895839 -1.259154020736753 -34.93830328464362
-6.700408820713975 0.7395504157567476 -85.12869741803429
-3.388440514649098 5.776317048585657 6.580091474395089
5.8396040885166975 2.324139935920289 29.573249403846845
-5.755644921238933 2.753809110283722 5.289282978415267
-3.486427008130876 5.633785944370521 88.70670127618446
0.17983267191964825 6.430613334649349 17.519454713674
-3.210076943686353 -4.960722951347813 29.089052010766746
-0.43805412643358277 -6.65908241684483 -5.676013528604728
-3.0407812183779273 -4.332365291663618 33.59566831258636
-3.6236210332607706 -5.608858793111451 -27.35417619828945
-4.9468928015802245 2.809148626472975 -57.312876588664956
-6.325409500440682 -1.764924843639528 -46.849811640301326
3.700652795174968 0.5291399251746887 -32.80542720068178
-2.0711163962153663 -6.0510150317855285 46.4912253018682
5.748838999965267 -3.214176384992185 44.75247154011447
-0.025441059268203947 2.78434269429506 -51.00469690875982
-6.445891878058815 0.6058067036174841 26.93140433345948
-1.3220481804089566 -1.532806985951609 51.77820206269405
-1.7673237098152788 -6.0785019533386695 6.121261900643226
1.319176675827581 -6.554294607514581 -23.325220335354366
4.528602001965912 4.755189487665477 83.95982187959963
-1.7282774417625695 5.912668718633698 63.084296039794566
-6.5908787826795745 -0.0963373155808547 78.85722192874991
-6.005219335522117 1.6255925051097657 81.46023611659479
-4.561888574178905 4.936981912716552 79.0893894053535
3.1065066826555565 -5.6294725907206224 -58.44283347349004
6.661397455969806 1.3404504405570865 -35.14157158112612
0.8705551608943632 6.593711301802808 -50.95781324698703
-6.438806330788359 -1.4295823503059972 89.60171671809047
0.7379193518820575 -2.9019253364318565 78.5150718537161
-4.473224225077886 -4.778287125658397 89.64492584647817
-4.033365044410988 5.395438231078815 -31.39199160757577
-0.7605028776318797 -6.264289614875644 9.939510649498215
3.132056764472496 -2.887960075407818 2.391512451313993
2.4316052828788672 6.371414155480535 85.87905379582084
4.636999165112356 5.00115752793969 -91.63002841015616
-5.181007610368692 -3.992922981589731 -69.24904385735195
0.9303620853133692 -6.199311798053819 -83.82599904431802
0.32817197736141035 -5.247194795252579 81.30963457009935
-3.3858223146851243 -5.93648145369693 92.45169925859513
-1.1707381770217202 0.5795671229873826 -77.34914741614925
6.186047693858928 -0.7814013010447612 -30.859001504459517
2.879987397583106 2.3821422207747642 -47.34692796690457
-6.600408870676843 -1.2116505165605544 -98.11495314384095
2.1855907931362757 -6.21377502383316 -65.11545358248966
-4.637165819102085 -5.0022165324656305 -36.686486280662116
4.29667428764269 4.143456433573956 -33.01058533223574
-6.300882419584309 1.887260802324818 57.654153762423
-6.550990362428566 0.9409027607406028 -0.795231281256314
5.42487773719768 3.4642423084590703 -27.450029353402194
0.5570906515321377 5.452826964864461 -25.10597736413044
-5.457584264364204 -3.928143425605623 -99.27662340063306
2.028415942899658 -2.342532839704971 -6.068985511820028
0.7308409779750944 -3.2381591192043757 38.392480062819274
-0.6248614549049902 6.864940584007034 -48.19248976591786
-6.188157768644384 2.283411422067882 70.780374917091
-4.693042056942492 -4.622699082313631 48.04676748983464
-0.769059533667094 6.659652346154213 57.17934635817566
2.061097399415946 6.0209579707856955 -84.78456703960612
-3.310225852276519 -2.2846757233888852 -97.34812190817966
-4.445126958058753 4.685736022876375 -88.2250829657378
-1.5323423893124504 3.058679009933136 -58.48423296253694
6.224868234525542 2.474298708995168 23.242200406737755
5.398770388516304 2.0306160545012073 -97.12985229295222
1.713388198061599 -1.0686310054966963 96.1773234067311
-5.487976919492626 -2.5123612601327276 -71.79970883103667
4.592680016286465 -0.8158922656505461 5.600215750931272
3.0871572126508995 -5.740207154339275 44.51594106650283
5.123775584543385 4.15331107962667 -49.26959956125001
-4.122595332777417 -5.128815342781493 77.30975035233912
-1.1566655334845475 -1.9454956987981253 4.435437370300134
4.368848879292931 -5.005806593997656 -32.76109261385426
6.358935658795234 1.7804480784268755 -38.998582324967714
2.9927271896026575 5.8471313083043395 -15.665536574450357
5.9902311542817275 2.955922605505883 -56.98066806537037
-5.719643696360056 -1.1036796882333086 21.383667740725542
-2.615951573332328 6.194592947824307 31.129751311312006
2.105970065221312 6.148002763092723 28.2309414876547
-2.637972643574418 -2.2154763674387987 0.29796033711409997
-2.447025267134466 6.041327254538108 -64.34607616164665
6.238926880735301 -1.9295007119488483 69.09876858412268
-6.488091123218484 0.780671488205452 -3.7449056372402896
0.6521731525256557 -3.9607495339053465 -48.05439865228688
-6.63163407576729 0.2040557592075204 14.594399825843295
-3.944859129127273 -5.396142089122686 -42.47958658206793
-2.3546975346324106 1.2577728318085237 37.7918395891921
-0.27461869378716164 -6.566131966820882 53.509318547944964
-5.933635805035541 -2.0186070488549497 24.37292152727068
4.125487532082782 5.014399336728112 64.71949528198252
4.19954195285108 -4.287640924964513 -84.27934286249
-0.7487018155622941 -3.53035314762887 7.851024597556328
3.379745257380709 -4.785709826813067 38.05145169528053
0.6444919457361241 -6.8135629932266255 49.679817832954605
-5.992594853754778 -2.358706759248504 -50.07288488499647
5.199279180371559 1.6504893844774646 15.341910543783111
-6.730766057691768 -1.5759995878264172 47.727529874689736
