-3.6569001723986667 1.87129319200676 -34.34012494200202
3.429070398970264 2.4527655583487804 -86.87897417876462
-5.346855176221153 -3.54046731128257 94.99014471018492
1.0414456076051302 6.7163846158036185 -4.640465020522883
5.100262429978815 -2.983852473246379 25.834820650527185
3.6993305253314768 -5.0328019227199245 48.36857160993482
3.5491146361992363 -5.470896097576551 51.62630202007889
0.2673259383127646 -1.6239798728600356 -93.25303470322447
5.90800017722948 1.2114138632630105 46.579772097863405
1.4364262312441136 3.309416383000561 88.65699855405414
-5.90690135481764 3.005881331604516 -8.117008580198707
-5.56097965382918 3.4922189922374347 -40.01697097076446
4.586834515498375 -4.795146821164474 -28.05768724874351
4.002263717929085 1.4299352604711701 87.48250595726147
2.179643658405329 6.383649997192309 72.15292198218187
-2.0145269990878996 2.641662965889684 95.4384287393001
6.503502514626842 0.7720925635120826 40.032799989193876
-5.269537799197485 3.3823544347340984 16.692554619844948
-4.443111232869946 -4.173891226037339 72.12118445509759
5.812128254067644 -2.853051769672551 -72.8853539060593
-4.61334076651441 4.91558771499109 72.71212769340588
-1.0084169956161528 1.2875768584182492 -93.88096372684444
5.946916108628538 -1.3050539500855074 78.67840629411644
5.724237839525711 0.8006548904379608 -99.7997238525716
-2.5124671902079925 -6.168447072975624 24.359537837882336
-1.0247242178093043 -6.625473556656785 -73.78800054393265
-0.7108883643490956 6.539880694493247 79.5533239540816
-2.325833421746547 4.039294628897431 0.3324261731725763
5.184350553050605 3.24913478587063 8.590410937771171
5.264268818546615 3.8065517916362768 -0.9708881460270455
2.797073148478753 6.033238760994753 -55.293462707948294
-2.832242363548129 -1.4700371787577489 95.84807897641481
-2.8156579648515225 5.898585309819391 -90.85343680307452
1.0446216514451383 1.3169708113449392 -89.50514863186106
0.11109625315409195 6.404080497708797 26.3204273947816
-3.1130890025912152 5.761304762074432 41.74986739489147
5.009562182927706 2.1147315312290678 -54.64416603536224
0.8884154124796465 0.3375520992905732 -31.712520449613255
-6.271145778321967 0.12030924897255091 -22.94410904329705
5.543659897284931 -3.9939984869978384 -25.382133894277946
1.6884437555265714 5.653339387506619 -38.91420544613115
-3.0286082540551553 6.052390504439125 -49.989274252096216
4.159680395240793 -2.285807558773992 35.54566824140695
-5.002021299917734 -4.46209403808264 -32.15041713601095
-1.652201421174888 -0.28650029128812504 71.97248871569522
-5.77178128495588 -3.5207171272667326 28.039994590884778
6.687503006306633 1.4523277131376682 -51.151072492976546
-6.810248854394419 1.5198725847764556 -54.402501172026604
6.724170645950791 1.0202700998465055 -61.12698649229323
-2.175225579049032 -0.572538129078495 32.97943525125999
6.048546039596104 0.7688002488209053 -71.55463874634184
-3.0256436201433785 3.9925417738921896 -44.5040792581126
-2.2994303857185425 -6.182777877033361 -12.25330043731415
-4.795213615833824 2.3563772156688514 -68.55523343373962
-1.0668713650879382 6.1630443722731245 85.56958369592606
-4.838225263618742 4.245400950396957 64.36856426466144
3.0968386369815986 -2.1107712238178693 -39.37351924685352
-1.1207193127586697 -6.531748800274222 -85.97498089227301
-0.8740360049339322 -0.6454626194327199 61.102759377693125
-0.6882582684449505 -0.3416614413354323 76.49433304933542
4.311734926533442 -0.785785083443582 -95.08907521903915
0.09529717220550925 -6.501979657757808 -42.210929313642076
3.8069601999810017 -2.2495782626580882 -22.093656029115255
6.749332434971085 0.6255141682217042 -32.47951499460481
0.010687748333419567 3.9362694468714143 -14.605114806569215
5.965674700414761 -2.4340977923683735 -58.0648434939844
3.8507785144951594 5.374841048280131 -68.4683225081402
1.503109661775866 3.157350834197193 -91.99656922125068
3.23704057157736 5.883869140787687 -80.96827544462519
-4.145762932669276 -4.458469051585342 6.708516151309985
-6.1066244680775705 -2.418584091689982 55.77405118140248
2.9660711130916244 -5.403398635409696 -35.497940642887286
1.5252164413438887 0.9768277458915102 18.365997242242884
-2.1088354585317837 -5.940846468297961 -33.311216569667636
-6.5686215170602535 1.1549330907497153 41.24902297576486
-0.5469206483574154 -2.94154752901708 -65.37350013600415
-6.065934540936235 3.122654666183611 54.36065333289543
-1.8476753610418664 3.198333922688772 22.567188785091453
-0.2347262101522271 -6.637465816995744 -1.6949716972515818
4.467530550375394 -0.14611519582986293 43.07462904376761
-3.1926086114931724 -0.7323264080409426 11.630361067841497
3.9218375758510233 -5.164121860170266 -13.827121247073967
-2.2689085014774455 3.029278453679126 86.69657442669165
-3.534476105980236 5.604985256124515 67.56669735040859
-6.4375729013166065 -1.7892836609927933 -78.04417506981889
4.60491325178281 4.525205534938428 76.99883359591021
4.507955139128098 5.021320082578497 45.803115990678414
-1.2067962377436032 -6.045166289218535 12.704094719166616
3.1516326604864955 -5.49358446493979 -97.31916440262164
5.916364279380684 2.4391614720533665 65.45800826840994
3.9441218420296718 -5.142669105316266 57.866755955695695
5.984245074012646 1.9306366746156225 -82.03697234291974
-5.54906302029891 -1.1844960446850763 12.982463084151064
5.275743005791399 -4.106037375938551 -66.19938116980029
-5.706617444560121 -0.2703560477229055 53.12088058361192
-4.88191094292748 -4.390632965161266 -23.95860681229142
-4.0055343688139375 -0.17914978494905331 -83.9066965472552
-3.904652800171562 5.514533970745937 -15.42295414296796
-3.0814867670550057 -5.412038373878115 37.50102129712395
6.626940772414962 1.552438042135041 0.7782495071800372
0.7107319237163499 3.297487420699459 85.75655780251208
6.429460203943434 2.1917198107327667 4.155644281642482
-1.0555588493458448 0.5946828263059438 -68.6508853191468
-2.9533254010115346 -5.864115548296249 16.61857731222747
-6.774967622496425 0.07583417706351038 38.523243712196454
5.201929183134767 -4.170277986961158 40.62170874352677
-2.1833362633105637 5.925556915856068 20.22638354613498
-5.575515338697147 -3.467053327190004 -95.09526913674249
1.4473252828332828 -2.4115993265645193 -67.60584188601447
2.544634049309253 -5.782215758409377 55.127308116272815
1.9066253294959312 2.979434408433833 -1.2762294183410008
-1.357403169973389 2.2155676464583913 9.77602439564189
2.0895441765979728 -1.5879367991432174 71.17518689462938
0.5644114431411291 6.108560838202447 97.02515122996633
2.5925474078921953 -5.047493900418458 -53.75619655599567
5.798686184256011 2.4499049789244953 93.06836201242382
4.1254801091850135 -4.815847787657892 -62.217469385551546
-2.8941904801739318 -5.160537810367151 42.959677503734156
-4.669526091666599 4.799040000410185 -36.99502473858564
-3.9955907571527187 4.714337961702558 -84.4418834273577
6.053326545021796 -2.7524245017320874 13.578375267423711
-4.397462549969532 -4.79473628910425 -0.09462977354141355
-6.286859575040607 1.4683154749180294 93.8478549270341
6.441790383079342 -1.2350729901987352 -77.38615518003256
-6.373451418171437 1.5385880511622176 -78.45373176141524
-1.813107471786933 6.2446864915984595 49.237478919344305
-4.786665294326069 4.509742448904886 29.76969315807413
5.8198893628637665 -2.210897610549267 54.66471433230406
6.327432859354305 -0.14438933069213863 8.079370323807067
-6.146980229588686 1.981042840607365 -26.478078860590863
5.38644938013484 3.6505789199758842 12.205100276043744
-6.770693568248831 0.12415208582146076 23.943294197748386
5.556789194736834 -3.5228708434420675 86.52801571527375
-2.00134594848391 -2.5659037980241917 46.83628110934023
5.8110705608558835 3.517829275349876 27.355436616561697
-3.1342203638304684 -5.997155348633212 -67.21931986318837
-4.428528263190568 5.063068513843305 47.920557788109754
2.033289607068357 6.386226848864355 -31.160480913094947
-1.4957670040305842 -6.371356982738306 72.24222725902759
-6.2137754049697875 1.9307979082274638 -51.31605129803162
6.38979921292969 -1.635500227136732 -37.02022797239679
-3.4891660841307344 4.917684413325498 53.76229674187108
-1.7971638331641941 6.09235807470034 -80.8483711829892
-3.816090767521787 -5.078149181640768 -79.0109512363305
5.042662281657452 4.722142715872837 -65.62444658879313
-6.124236288935244 -2.798405822104306 51.80629051903672
5.2124052701374515 0.30241428230769346 13.368473046486407
-6.598290358514931 -1.3706103806949197 -64.27596905151204
0.05330320642774583 4.388669050823263 -56.69392556876172
-3.817382214652985 5.123426507495977 -93.67710517839383
3.9537884360294258 5.057546472633341 91.3257326364922
-6.138561303852136 1.9674774799595118 12.637274637566879
0.014359031260222945 6.155353519799387 35.43948324953112
-4.220651819765518 5.117424973854276 -1.859304277629151
-2.828247278930201 4.833304396018622 -98.15690845208067
5.919321281488738 1.0808675271921506 -3.6741385742840995
3.553554877765662 -0.6093890649283872 -68.22345662903048
2.286162957356401 -6.245583226612918 2.3317286255489442
3.2253413368024315 -0.3060665333204749 8.962583863894558
-6.2071931301749546 2.630349375494544 22.521469726017543
-5.438306788126727 -3.5299194536676963 -57.55334405908548
-6.5383025700702735 -1.8527512298757776 85.60342797021616
-3.6066753326633916 5.509168155144756 37.78339735707251
0.2912581275158619 2.8424383592455174 43.76083434255408
6.280878713560052 -2.1766647526715377 62.173450887538245
-0.2851353713716309 6.457520263179017 1.6576360602567675
-6.450396887112274 -0.7682876049676526 33.504062782146676
-1.5387619165492608 -3.5919589222100914 25.4403144167446
2.963916915289302 -0.7058940491271776 49.278052600684234
-2.550913069140351 -6.084425803009984 79.5689238169292
2.7927900773750216 2.6191567885380493 -26.330354097866916
2.06211876452608 3.390308345952034 -53.052550835949454
5.813943555205614 -3.5206360474535363 -7.028299431721695
-4.353491300206209 -4.092496532148401 -64.13714840556148
-1.9422819713086894 -5.246664705412355 -97.80967594994118
-0.5739599759724308 -6.71075727495675 -94.54383854577092
-2.684582616741202 -0.06618539020566098 42.91373125147529
-0.9636661179535404 -0.645510616743584 -15.370306224440633
-4.759428852913779 -4.592567817812293 -7.371067185902631
-4.602382542878733 3.7345638782056723 -28.71327748023211
6.131579069664518 -2.6612150329750017 59.00516631550336
2.5084853002809844 3.643063273336887 -41.88014469416123
-6.6431170967446525 -0.21271333883722954 59.37661490836807
2.920179993666293 -5.650296764819028 -77.50997964554072
-4.611649807143252 4.634326228385165 83.87095109845336
-2.0821703111776455 5.592685396928783 82.44383253358082
-6.23277074610375 2.207361908987523 91.02628746047883
-6.102783999167581 -1.3229454388866593 71.06660451936393
-6.30872237146882 -2.1030064134531226 -33.504704902404946
4.7485861301486265 4.019462047066217 -61.01011280332094
0.40064838263479 6.505018269243524 60.07917840497953
3.2181946621350153 5.632804895542802 -26.428677291735404
-3.2633484587394506 -5.803040699558951 54.659266835062546
0.3926523700360003 -6.49170111675956 -67.25664998335323
5.823228718211122 2.515536316421858 43.16946129013832
-1.1169997237729383 -0.4528397380224975 -72.4831924479236
0.9098336294941467 6.779134473996805 32.37662386803348
-6.190745103573689 -2.3425494756126755 67.85487013588053
2.091538438520943 6.490299729929475 75.22550628450534
1.5282694609796321 5.802685118119192 46.294700222293876
-6.5843384125763516 2.006849295245981 -88.08237462116523
3.171402344398734 4.408461382784909 -76.58098413460274
2.376089928055181 0.01510361312877559 -83.29897757487417
1.506962326222592 -5.109845511154576 -87.98982928666518
-6.123794493804868 1.2365812313951112 19.791164589788274
-1.978470890342017 -1.45126013758628 56.44875125744194
3.109643363536724 4.891910676125893 6.207521596594492
-6.035147589010186 -2.2783812582094285 -85.7998962431908
-4.807770379012513 4.179760909081289 -79.43743444660483
-5.0263700982886315 -2.1162114114620136 64.50191728532042
-3.635158610398914 4.332366769613407 57.08624060225886
3.8375669465668323 -0.7884621555998498 20.94966735732335
-0.8994516391754939 -6.1854804030045125 69.12040977334948
1.6760895902248647 3.17729843374554 -62.100353986271074
1.8792870872598313 0.5948002309319805 54.980990605176466
-5.83560570865701 -3.2390030815342055 -4.545973846443476
-5.995620597507393 2.8003200840415094 45.89006714086269
0.46311924549459116 -0.5676914227728578 25.422059025198667
-2.06397969614717 3.2247619738032443 -91.66641378337424
-4.8141659915232315 -4.314509166048326 -82.26296810193215
-2.787962285548584 -5.7165415267373625 83.46127943119158
6.195000254876724 2.2699548336682143 95.85113061891931
2.274169810799969 6.321011941694629 9.376159667637447
1.2425988530667025 4.067127386657536 83.0176386690801
6.667957948953886 0.01928631388812785 56.91936671136868
6.445679282822509 -1.7019153114199979 88.6849098356054
4.503687163481606 -4.710772341578879 4.8850761758649615
1.0679756321554623 -3.065381277155971 51.2733561122403
2.973387040360368 -1.7164653263466834 -26.58732040696087
1.4947896729867742 6.583341056975571 -44.40818610912263
-4.663344465055134 -2.8505328323882755 -20.013985436899215
4.8412354306810546 4.836892652489385 94.13567748453708
1.501990518421588 -6.546480938611604 -39.557281396104266
-6.545260968292288 -0.31102225038839304 2.991961597588005
-0.6001787277397689 6.300673052466772 -41.654466366333274
0.7967952370346991 5.292985219046102 64.98016444870326
0.2012895851581129 -6.444707260012803 61.733191874256796
-6.568085517941249 -0.7716710449496652 -67.4664117398668
3.391813116416011 0.45164427830818565 92.34288252616153
-6.01404657294846 -0.9213146912525517 -30.58984046279609
-6.427443291736926 -1.0849863265904471 -81.10992922037245
-2.0733635769679037 -4.951683301079437 57.948725684411464
-0.4983177084968302 -6.734878095719374 -91.22087666034236
-5.137315680660956 4.307430611279016 32.49732124216301
-1.9676396438870871 -4.067511602032682 52.49534070138027
6.471883826751463 0.9635864278502497 67.82482962920453
2.4913573645435068 2.5181912871310823 -78.37562359946607
-1.5458244658894342 -3.4765506847116083 85.96126603705997
4.088622608381747 4.802436678782718 -15.903250279829818
-0.554681880363137 -6.461695685676252 -60.241363858328214
-1.2814263268040793 6.446655570608231 -29.61559363527793
-2.0165172455505127 6.251001906025445 -9.270174064315686
-2.582962261319732 6.334847724874997 -21.972058014022608
5.278228625132584 3.9771585528181936 88.3176562366273
1.7988979525187732 -6.245333652061145 12.202066129610047
-5.83589692002721 -2.9836537870245294 -42.95623688203067
0.8610893879831387 6.647230841454317 -78.97244835718807
5.087185640313259 -4.609371476733425 0.08551822789673554
3.8395962085045445 -4.708583897867225 83.95242025577302
-6.507406157319011 1.2702222331337252 64.03329490611382
0.20659133180323497 -6.728485696348238 88.29531666876876
6.104365583736502 -2.420514772606784 -19.840926698544585
-3.206491582031036 -5.8804229662340814 -50.4622017692081
-4.564613993923758 -4.705386856211232 -85.2307212627306
1.9766643731539075 2.769203881356701 66.16016079379924
2.985868141503405 2.3385949822246475 95.85189306564402
-6.175284801698268 -1.2655195533647285 -11.433070208211785
-0.5762194851609994 -2.205119149917853 -89.28423875060825
-4.545730425586154 -4.370016551328473 -75.24659204793439
-5.621768367244174 -4.030457063056452 60.08135456603648
6.194723243263879 -0.3728912976923011 -23.281197666170808
-6.202033686290406 2.5842888033130365 96.18009215553796
-0.14433663543276026 -5.509897559686492 -70.94636377189455
-5.124698647982892 -4.3785247147061 80.25361282014474
-2.503491381714295 5.624441581173394 3.989737567457555
5.508355260782423 -3.6288759525216614 -95.3327522134875
0.6530561223110228 6.47497500523666 52.30850773795745
1.193021009831341 -2.450752413845571 10.962198793740944
3.2917864591852006 5.279757624440113 68.68618967583363
-2.315029126858269 -0.4007175979254919 89.41672531573509
6.715269993727306 -0.7586256596361131 93.36861274043376
5.466627500904743 -2.15038570925331 -41.832641980653335
2.6875304093017034 -5.206194056963135 72.84442626716431
4.604535732128005 4.378115736603598 -98.85432789986686
1.9149283485214834 -2.444912482142487 55.470509080470215
-5.37541312909523 3.4448280513147065 -12.097108014843439
-6.002431156063372 2.5731702339272537 -32.68964134049378
0.8391557061913425 -0.35763034080035316 -43.297138213738414
-4.1011965727589015 5.256647338750435 96.71225777011972
5.784786037143207 -3.1206775322358866 91.29578269810195
-3.496542017766547 -5.735745024684567 -4.622388814373717
2.462593086116218 -5.280781804915433 32.65528477052903
-0.4777204982733645 3.31612074132473 5.978125434078024
2.2102047672854073 -6.142949057820309 24.309281926016368
-2.3560436722079547 -2.3642286518660742 69.05183837422373
6.427617010734468 -1.7795644483942887 98.35498504135286
-4.166423939335834 -5.516995616538792 11.124419561863448
6.618146553440053 0.9028924713840252 74.88581513208855
6.009986642278798 2.990959541647508 -42.993742997381794
-3.2364113359901796 -0.9868782572832239 -28.285350660690753
-2.5607473210898695 1.9975595642562827 16.023264341167906
-5.430891635902579 -3.7705938863854316 -28.977593559086802
4.524936011753129 -3.606840981068062 -80.55774756124015
-0.7457559709612531 -0.1349798890480981 -83.74201968915716
-0.8911426849173111 6.449820218001533 8.812458744610597
0.2597138258259864 0.26823823906237176 65.37924215605935
6.096265965587741 -2.4065691163043366 32.778364154475454
-4.9028686732397215 0.9412404366236538 74.732092722934
-3.291276376755179 -5.674941020843504 65.39060718344166
2.899751628222528 -6.028498626043275 -93.6024166581594
4.459404019270104 -3.201081013330564 -45.701240200351194
4.0337934442858545 0.36744290909714006 -12.349562650757214
3.487236296290985 5.128163505206689 -11.286882572084716
-1.583732430335573 -6.51832964746526 -7.858757491646671
4.879312920856302 1.0494801443313677 77.31093554741756
0.7677342389834267 -6.311945355590587 -17.971309207138184
1.2473240516368134 6.470499410794488 -58.69280753848051
2.9457727033711407 -5.4460990837968355 28.70483407813075
5.72105959036211 -1.9811258100632276 -84.74259986907445
-6.04302223785816 -2.3050529184615445 74.86134233874975
-1.24559132266025 -6.666018605200183 95.89530394187251
2.0911642513070796 1.9537159711931276 -56.73677791840719
-3.316795809304642 5.68838770649862 -76.96609546059713
1.8502009829761161 -0.9762369380732978 -29.358222728911336
5.9272411328086205 2.425323404652988 71.78494172576004
4.5015032475265775 -4.891224236557098 -89.22058058002769
-2.464258754231074 -3.822823940441452 -57.20703891827318
5.39766271502222 -3.201399936734076 65.84394058293273
5.529431655344821 -3.4030906737531623 -55.01404245481375
4.75662755157982 -4.276829364401023 76.76500270903622
-3.114625146657795 -1.3077310840341585 -60.62194700187518
-5.223431544364572 -3.8143997517141575 40.783601774943236
-1.612938698396319 -6.410118097070896 -54.70450076190361
-5.563372498086932 2.132376601480013 -47.8261252438952
-0.5099679544216935 -6.5248743690685735 32.80225680564591
0.5780852852065028 -4.552384447215078 46.622867191755645
-3.4929174594288623 -1.1040720892337639 18.44058264664914
5.923694834824862 -3.069263594331499 -92.42317732282658
2.617378892786516 6.14973587595632 -1.5713037312145364
2.7212312020755256 -5.333691166108474 80.57419191325562
1.7211069116447004 -6.434903186294552 66.17648379831215
6.780310888795376 -0.3914275648292178 -68.30560563162854
3.6386910836412247 -1.3330219929608396 45.5492603000313
1.0133464515211592 -6.670196664356317 6.5789536621388605
6.36348911595317 -2.2729105304305164 10.165610311577979
6.0272683285386615 -1.0785837877588225 0.059880872183574144
0.7524115125197495 5.995055177351466 -64.4914408428454
-3.4145882891500072 5.979947755662419 14.814507676817627
-1.4355558212895496 6.093448223882569 75.68811694835144
-0.3389406352368034 6.3562007872110025 67.73234336713318
4.255609141805059 -4.376276095105254 99.64801058485803
5.112426573813195 4.5484158558376295 -28.7002841349922
2.8241643891684576 -1.421479536081287 -52.06305934952668
3.862537234022879 2.2570542490757046 -22.46491247537896
-2.507815395732784 -1.5701965647648195 -34.63629007064396
3.7533696342992244 -5.636434110671359 -20.72525369638599
-4.745588703858083 -3.8158112747001454 17.714012140259864
3.232614994542956 -5.663506612490707 -2.5728657239167365
-0.751311072344288 6.679081692533556 72.26368398691923
-0.49568285351206104 -2.4280453287106445 -96.81383535729977
-1.654599585507247 -4.266804907220529 89.26952293551237
3.0621189634742247 -1.4966651658779762 -54.8183877296775
-4.342788016829114 3.7275215965016675 -52.37696177315974
6.531714935153452 0.5440957122728765 85.68505693335375
-1.7269658371518704 3.036455168626184 51.63051984276043
-3.7978335406404007 1.4072920260691186 98.18447522406736
-4.260119684528476 5.021565414709683 -66.2553989260098
5.475536051812021 -3.7641453053958323 -3.5208939137613844
-1.425007534391102 0.8238629199691943 47.59198720998507
0.9442679726625326 2.764409751100071 -17.618943552268167
2.927943602411813 -5.9097741253961535 9.305008210978698
6.564766309450215 -0.14167040782715218 -90.2116785661799
-6.198891333622791 0.30574740100427383 -58.23534414703316
6.828326357506812 0.8682633452092583 90.34281294933413
3.7979978371630785 4.921418573483225 -22.936280003033364
-6.246227315812026 1.9426686113405993 50.669040717122876
6.672279101421223 -1.26936889545418 51.29904996855608
-6.623967369405371 0.7216629933121177 30.21763123720251
5.193327063330663 -4.002284383997065 -69.19329297575355
-0.11520573929063471 6.931405446034977 -73.06492308682759
-0.38514302683289836 -4.802467452430579 -14.829082528466781
0.06420137590162342 6.80182856542008 -91.22218963492413
0.90899512443937 2.3564412345216468 -71.86165581624199
-6.8834953061999755 -0.37772499815695676 -36.20324309070748
4.586523201276421 -4.688692456435155 62.200479672600665
-2.9420494738476894 4.816145677887443 -34.41793226385131
-3.73716268859211 5.154644156228844 60.30566775951291
-2.4510099814894932 -6.10754000651161 -16.754374708071204
-5.82522264626644 -3.695701798527853 9.253457317065255
-6.198014542418626 -2.2158000887469353 -38.63328537596931
-5.5733954933099685 -3.9904849054678126 13.87883641101131
-5.036921801918939 4.558957408749235 19.746094336719054
2.5229569943720973 4.925339253764225 2.501693167002047
-6.158684835721664 -2.4572483127114677 -89.29038807763018
6.2993320093788485 -1.3598141811968896 -81.28045496317621
5.701125870534119 -3.287580143115462 22.552233610209967
-0.015580809926832587 -6.829183862688511 -99.91166190208193
-6.712417593060964 -1.2729703550204632 99.41366938456767
-3.3934376470972247 0.4821219915005826 -7.809659214019203
0.6375540198634826 6.022581931845242 -11.21615829261736
-6.232351595267247 2.1394752693026153 -98.71858021894874
6.160841193212605 2.6082897355824217 81.27032288259161
-6.3152645190605705 0.6323608808523916 -39.46721823721314
-0.01823769668800833 -0.8636089759287162 -36.569908482396485
-6.615360579066247 1.014085244126188 -85.36212351559331
-3.940466013221193 5.418458619708047 7.498116914779545
6.437837849959766 0.2624664335891531 28.829143729323782
-5.900833319556238 2.7256249990267043 1.1017697760857819
-4.52621413510635 4.9848056603996955 87.7508441177156
1.9310777320395434 6.290953686181771 15.363803859351334
-2.9361859519095814 -5.777572111281358 29.48425438319988
-0.12768181570172107 -6.261859729472322 -5.223478861464946
-5.733225810260978 -3.1489343257806706 34.546075925298545
-3.233882848084728 -5.844955405091118 -26.64386558744228
-3.754165656523755 -1.0462258790244225 -55.37463787925113
-6.185143388350726 -1.247668968324462 -46.591205066624184
3.567792475243601 1.494158129543354 -32.97526760959051
-2.786037600530196 -5.799260970892529 46.29907499077827
5.849917714686621 -2.836734390511453 44.54868420149762
0.13298889430377142 2.159681661790162 -48.04942606120935
-6.001992997450941 0.644961897698926 26.77606477845363
-0.6849336323817639 -1.9837961498014223 53.84047043705263
-2.155267154796661 -6.384445730819009 5.022946354139943
0.25443307778890767 -6.404649178266146 -20.7163885143155
3.8682504240499074 5.179225158685562 83.97002024528466
-0.8002541874749378 6.71454947820999 62.547226528064
-6.661372970004422 1.517036247961648 78.3223788007173
-6.165120576594638 1.1351643884097802 81.50649108736823
-4.355582216030645 4.858194667415568 78.41028414935309
3.23312467926388 -5.8374897329697735 -58.92190882901403
6.419571102777834 0.9898522151176463 -35.266918087189936
-0.030882713343900633 6.627418909667176 -50.349526063498715
-6.653512736375401 -0.7191304687569594 90.07085339169252
0.7562296294184592 -5.394347897120164 78.0810873118142
-4.826893477523172 -4.75995860930847 90.09208969225286
-4.072482474114736 5.376877624553942 -31.34417950583592
-1.271144853045009 -6.5388077947816425 9.058999111588024
2.7313514120216635 -2.7503294528960263 3.119459814058595
2.0608467848614986 5.875221983873533 87.19571721385564
3.762691459404817 5.077988138133442 -91.37136811301133
-5.202724795551048 -4.024183517664461 -69.3594864233769
-0.5244407337765018 -3.610734476387516 -85.15923873931554
-1.458980084174595 -3.5612194729444204 80.93590309139242
1.277650749748219 -6.55030107757992 93.563132959504
-5.136534226143542 2.596565009774745 -81.94819162364759
6.728604239660041 -0.7096775859710728 -29.795457500511077
2.6500226609076565 3.5053794553573825 -45.06514095683425
-6.363631119480897 -1.83795902254623 -97.93456189691454
2.5100509889468774 -5.7164028092973025 -65.30403083628943
-4.339677721460731 -3.976573255014518 -35.47332307922804
5.306169138711366 4.325001065528896 -31.69537063547475
-6.550171101889116 1.7407844390735328 56.938926145143455
-6.167892900353255 0.2001428053845044 0.10428525756561213
6.317489340882348 1.7981023567886938 -25.327355063146598
-0.39439432735199037 6.27659309085301 -26.23084405880952
-5.104428373151305 -4.212277560729194 -99.07186337077648
0.2597673422314966 -3.811237082767402 -7.509975096567128
0.32562287725882033 -3.410058316364058 37.83942073871563
-0.6526730609378967 5.805618234192201 -47.307046161196695
-5.920339139774218 2.9141687452420455 69.436095670651
-3.231913860108695 -5.72543728972715 49.4430678166569
-1.2915333992486584 6.203368939967868 57.29884102607918
1.7921807944986485 5.907298027165327 -87.8420164648963
-3.6276921042304866 0.31046340927149896 -93.97358956436945
-4.589363743036969 4.651544032953387 -88.66493376345035
-1.6727364033149037 5.825906978860972 -59.82226731423846
4.04573039495217 4.5343327186576365 22.963814219551107
6.223541400688044 1.603163746147891 -97.01611154476464
0.33079733898637365 0.5777861539636506 93.70056353813227
-6.6579591757990855 -1.6915663376631491 -74.14999680647121
6.097610050153886 -2.540247728356517 3.0778214793506553
3.3562260447473022 -5.997572225293231 44.329287962659436
4.927889575085581 4.324243767703692 -49.50377177218136
-3.9142038291644785 -5.552926683365211 76.41890172274687
-0.34040944111427074 -3.4654044729804 4.588383004669632
4.346561622811757 -5.024203877433467 -32.54308258461501
4.984329440915047 3.6351549418660025 -39.64648053040491
3.164923029419068 4.507509664813481 -19.38960949221465
6.628794462691392 -0.031102432915578793 -56.38509640170798
-6.127089601426492 -1.4046198363120839 21.626326620845163
-2.3768360789316145 5.806051190562808 31.356846476944213
2.9105396392417724 6.070999883909683 27.764369663122885
3.655443650406959 1.0117330671580693 4.862064267309417
-2.4912454492877805 6.1074576423149685 -63.11667453175041
6.191244360618155 -2.679435174250529 68.70354821453824
-6.295160146031519 0.5989068072162986 -4.8795107108493045
0.09497278705097073 -6.556208521398087 -50.57741340982252
-6.371208181836977 0.9408679155410897 15.416278962353013
-4.340382584444709 -5.073426515523323 -44.958403949721955
-0.7552933313837479 3.509311969798785 38.49256659731496
-0.06464113912327084 -6.657061258602465 53.420753653535726
-5.311482220360605 -4.092551894887425 24.512435854620506
4.091838706279507 5.1108911389145515 65.54597475307527
3.2238659548873057 -5.923157904334078 -84.62113554753768
-1.317264530269095 -2.9380626006629713 7.84305438862413
2.055175747542193 -6.214829378203743 37.7543554197491
0.15766729881340308 -6.453565838835047 49.820063708492285
-6.180510343664399 -2.5460300444836568 -49.89667360321411
5.983187643472122 2.5479593688446385 15.40014433068983
-6.359652338037617 -1.737981225169719 46.814941163249955
