-3.6456704166188776 1.3732087040179521 -34.01401400724525
2.499887928729923 2.213019703519889 -87.30604574771857
-4.4282496636271995 -4.380219790938731 95.7299957937312
-0.3148456111525542 6.2541129112636815 -6.333143094165051
5.39214239140789 -3.2542468812600918 26.833606991277232
4.389512372108418 -2.146668521580069 49.51797899269423
3.630084282808955 -5.235053783691345 51.67632386213223
-0.34276036795386783 -3.4015846180146188 -92.19973728617782
6.531328561848631 -0.2769822128754338 45.9227203977384
2.7126212138223713 2.5866330857058157 89.26852443669965
-6.503917944800616 0.3600465068080374 -8.391677722249124
-4.0500811454607035 1.4868031212747963 -37.44121798312576
4.380182290191635 -5.068595396399897 -28.717106128708167
0.032289120366351454 2.5801656216047206 81.42562692849911
3.3778225100676504 5.893541915372237 71.99380367404962
-4.043763935811743 3.1684323780407158 93.83481028475245
6.347357382062682 1.3457802640498138 41.266906971018045
-5.190241939685429 4.334305435543255 14.491412959476145
-3.7072079629396075 -5.520328745775633 71.55677235279678
5.416965145917883 -2.0439020572357363 -71.47426975471386
-4.369148888764795 4.003749680274997 73.08862791525667
-0.40948761523615884 0.2233940720877587 -96.23900043067704
6.418676132455002 -2.236062792894823 78.91291457381715
6.503513006806027 0.1381135940099838 -99.21438895892712
1.5055182707819108 -6.399005255572181 22.35385039402503
-1.8696757344841846 -6.179447139969859 -73.99780827832407
-0.6402334940941696 6.647367907991027 79.4780392786619
-2.4302579897721635 2.601886033694357 0.6024174426767256
5.5126284814644855 2.7725613095765076 9.010495696724718
4.349535393841704 4.955284615792418 1.0708828505598973
0.4523476067240153 4.4203953043382205 -55.46775584947914
-3.162872756382837 -1.5303890324466771 -98.70165154953206
-2.888214371852914 5.861393035885231 -90.32605286780031
1.491656403980775 0.961416324113378 -90.04413598646912
0.3939132505420535 6.5635764403755585 27.476074150478976
-4.01991263235698 4.246771354962412 42.68632474514745
5.411297308308684 3.583197251309315 -54.86445559971177
-1.5153608817834727 0.1895369845274007 -31.38457026943089
-6.61577834371481 -1.3226900049144934 -21.620334520100233
5.234475228538793 -4.066751994163198 -24.850039287717696
1.1929228282473743 6.3669509391992145 -38.67041566625179
-3.525092575816236 5.622050461551068 -50.94675193833072
3.216673754029119 -3.8255674401492468 37.714319725997996
-5.04787821889927 -4.373387665678726 -32.04808445578947
0.13353271069264008 -3.7940781765341813 74.0739293074793
-5.855193357142396 -3.6728384399819407 28.607046795031632
5.5344898435352095 3.3393077476380206 -51.6339236230174
-6.256836142417894 1.2679841363908033 -55.28826219813319
6.707636960118732 0.610479124454827 -61.215868904702496
-2.850418724033617 1.5370574180149528 32.74905008524932
6.3461079032577405 -1.1626097621412077 -74.31363869195422
-4.072355844767843 5.093734436705655 -45.984875791009266
-5.636233753559072 -3.2419222599706936 -15.070282414083488
-5.094795537021496 4.305489524949629 -70.86157018294209
-1.6233411099002202 6.182765574003263 85.15088463582775
-5.762293722076312 3.5690349518521343 66.4528107158394
2.0872781335090824 0.6439511153487479 -39.84345465154428
-2.796008465578102 -4.428610190369274 -87.83440829836874
1.6551866627279828 -2.623605438517082 60.931188748465644
1.8016300349283632 4.2107380669570125 77.67845775968742
5.598547434393555 -0.24525532651931853 -94.5966225892242
0.42013278940867854 -6.241445979234307 -42.69162837441765
0.6294705349627182 -4.780697980442582 -20.804719508813786
6.386857660560113 1.3995516070810496 -33.82966272393761
0.5005521759920097 2.8275708381776896 -12.591388185222803
5.893177402935449 -2.7773784047736436 -59.052532389448295
1.1244980111452072 6.307021029800609 -66.5673075113367
2.6982198578546495 2.909549432312011 -93.74878409714695
1.7068151885154197 6.738633139046508 -82.86680725869029
-4.1004782783697085 -4.607852150026928 7.672529454458694
-6.030515638378825 -1.4850580931691528 56.18054654854367
2.465209071941234 -6.151196042796306 -36.373371884821736
1.410343989009733 -0.9830536059761253 17.895110491694137
-1.8843267031161088 -5.35418688689848 -32.668670125837494
-6.1264804671664415 2.133068430568065 41.26166224520649
0.01342584998795504 -1.0116584741252104 -64.70795336730473
-5.791332816602487 3.2140007516463247 54.23014082646976
-1.7750709690832036 5.551919846521385 22.787051380324087
-1.2144833774505015 -5.970681435357102 -1.8839249008812404
4.333759930468904 0.5015522846529623 43.17576883829273
-1.0288458415002373 -3.165928374996776 11.766449086479703
4.403154268877256 -3.8882314356090606 -11.979370994015435
-0.8581805273428019 4.06951447735643 87.7082124002919
-3.2627558626506366 5.896799881076262 66.6317763982892
-6.265774671530058 -1.2159797352627995 -77.31565711522616
5.40184379642883 3.409011201292501 76.66886801465724
4.84843085602785 4.191066918386622 46.000243160255394
-0.8552103164390058 -5.713261687882131 13.833751559334118
3.377654186578173 -5.541324912957734 -96.69378347981976
6.175805022438486 2.32161864144393 65.76733534377192
3.9819882088939136 -5.359486456666078 57.8083047347082
-0.9143887502470598 3.1814760833647537 -80.26283240321507
-6.248137192457256 -2.184626706872998 13.982995328092102
5.753745468692854 -3.07362891094929 -66.81049153131751
-4.093601184356374 -0.69040702547938 53.828813008696656
-2.7130806133154697 -5.678740851713811 -24.43755444710177
-2.816114139426901 -1.5576028029899915 -82.99638789457542
-1.8521148290619542 5.513364618791814 -16.11984347228379
-2.224678340267667 -6.108273211314597 37.7556733276533
6.608576068329931 1.9692522976032834 1.430105300905496
-4.172584203748581 -0.1689124632617785 80.61317796018191
5.710880716933609 1.5043966080017452 4.880250193482786
-2.837503650966173 -0.9830691584200258 -66.68701960222613
-2.3204549445278886 -5.927353331955454 16.34761057058154
-6.378067426409689 -0.6877490514433451 38.66705968632744
6.163841569841627 -1.7412646315409426 39.90288933594463
-1.1797481369303455 5.779961938280812 19.763019916768943
-4.967951434193206 -4.642603105165278 -94.7617968341224
1.7590120500375552 -2.726934321926384 -69.9790137275416
2.62505213924495 -5.611702040217657 54.4732908906493
2.9546514181298176 2.677490736150823 -2.1371821668495263
0.7068843879502704 3.9920650281295913 8.344705309668967
1.871421574652624 -1.8232858221236579 70.61127964864883
-0.055962535645051784 6.746587898670334 94.39913519332165
1.6202310521105223 -6.16685033493181 -52.44665123761406
5.8778746615478 3.2748999689730707 92.86829744334322
4.270686611651552 -4.8597877699023755 -62.09098286275831
-2.4676482830057043 -5.7659690153229315 43.28496905536322
-4.56292291901489 4.937590726670428 -37.77273046369664
-3.8084630193426023 5.510340076902213 -85.15799683378731
5.487451050463911 -3.6298961305446538 12.604950282387836
-3.8686654656427573 -1.7419071382928575 1.0244628164103802
-6.247522329221074 0.9141255519453866 93.57283072092085
6.643327297223108 0.2039321882934943 -77.48806334657162
-6.164052336722387 1.6287038677289247 -78.64887704520974
-1.8971764293104298 6.177848052700112 49.31964370090255
-5.138361921028371 3.996834626136898 31.30821771129354
5.9355785176575 -3.4187005353876794 53.121840348561804
6.845917086791276 -0.7261386945525281 7.40810621763149
-6.654963553940278 -1.15581415220148 -26.42365773303359
4.844099157364074 4.455816319345974 12.16128746172843
-6.477552598295423 -0.7935897405480652 24.110545350557125
5.257767913221577 -3.751851269501569 87.04811058793588
-1.262394062563042 -2.5068736910147966 44.91145224986692
5.254868192532357 3.8705962633403304 27.06368770916303
-2.1843648913375424 -6.640061258131346 -66.54405438340069
-4.152977781488314 5.151860427559452 46.48243283386877
1.533038267701258 6.813964675109621 -31.342377371859552
-1.228955947449295 -6.547190096772498 73.67946656228004
-6.050535602964851 1.297177776555153 -51.12471056768699
5.939555408270484 -3.231162286406195 -37.93867070612374
-3.846732388982409 4.870511454650031 55.855605689219495
-1.7025655907497723 6.436500235460061 -79.95873621192852
-4.417300905108945 -5.109715110171296 -77.59040322757406
4.271611002105866 5.0913968347164955 -63.87800682008615
-5.459832069314763 -3.75702462967087 51.35088229333774
4.276143499856513 4.822937553458836 19.154838321259906
-6.592744629757779 -1.758926250325116 -63.37032493529308
-0.41105210497890465 3.3408026138859435 -59.31140988712182
-3.524659122841064 5.394484319951032 -94.31423040070163
3.695991894340127 4.851439162288253 90.74099972054577
-4.941484862218789 1.274406304079227 12.18852017382175
1.0619751422656762 5.157694813467704 39.552334723017196
-3.8813804406201577 4.998827120382398 -4.328750507495663
0.9036872517579565 6.856869937250557 -98.35976212104053
5.693046184307059 3.0968841324219127 -3.2270389939128656
3.2564461450168487 0.747355493067066 -66.35817153265698
1.206557972232841 -6.4052238177079825 3.297363622341871
5.940817336731172 0.6574057533710396 12.23160120005458
-4.740928118132796 3.3541415142898297 22.358506751859824
-5.4191592523064855 -3.7154938465001477 -57.377686566986306
-5.818632165606598 -3.250734225637133 84.2510627459261
-4.114899659982584 4.488386840685881 38.920483575695286
1.4436257848981255 6.452986941502571 43.074151586478514
6.202568544012665 -2.4596573049871866 63.7216487959737
-0.1200123659529222 6.573683331072535 0.6369641829083554
-6.635756560401117 -0.6850702989712334 34.34989622416525
-2.6697998839880404 -2.362940646034867 25.980905059219097
-0.5854101065222266 1.2702391796145562 49.46634587919326
-3.1962167284676446 -5.205173686799787 79.50992691471532
2.204677013783277 -3.6499819532318787 -24.71228558828884
1.866226846994083 2.684683233730492 -52.65064276634504
4.413950946130094 -3.7559508382847024 -8.569689676893995
-4.595796296169635 -4.514496077149305 -63.452538288527954
-2.531234050149212 -5.233305833704317 -96.69547615567315
0.7975941731432116 -6.693036080439152 -96.22533251714522
-1.9277100254132442 -3.238768778543062 39.88330661854392
-2.623103570502281 -3.2082842333566126 -17.920253841828668
-4.388338501783574 -4.719882764286403 -7.377367044296863
-5.826987159297087 3.58505435481584 -27.678574466019516
5.953859332501724 -2.69186873456947 58.51264680277084
2.516085275456166 2.8435310590388863 -41.83105625727229
-5.33486788981462 -0.5766969501252381 60.11744327367794
2.014113249227001 -5.563649248293143 -79.25093331033298
-4.672132361748654 4.710609754075314 83.85487120472918
-2.0133878883195173 6.481097193421312 82.14993228155612
-5.59430289449079 2.9684998454362668 91.11097977218739
-5.834874100437164 -3.4547958051925565 70.599902256778
-5.950297148871549 -1.6961090396486396 -33.191343372372934
3.8428579090716664 4.782562108255574 -60.22634302377978
2.4186823257461287 6.19647972373137 60.28397938255379
3.1336539691271015 5.949057921463557 -26.104982535587407
-2.4334188110890587 -6.27972740711983 55.207610182637175
1.2725917537567317 -6.682590935334779 -67.21245351473652
5.208122154071755 3.831168645590183 42.52785475633156
-6.3363782468121945 -2.122186638582099 -71.31035485156428
1.3588233944276626 5.872779367905521 34.444744159593505
-6.529431967260271 -0.5632790209398372 68.26102466044387
2.7187644107406905 5.528827285814156 74.88624078770991
0.13706572071086096 6.391293405482027 47.19469901868053
-6.680073605680087 1.3210480693701616 -88.3235481490287
-0.013470007311395527 5.322601568402484 -73.47344777867352
0.24562126746885837 -4.5734452031659165 -82.34230482089124
0.33801850234933434 -5.001197359402401 -89.06092046616189
-6.522964720858778 1.1812142547902968 19.065886983008344
2.436850607887687 -0.8337832386016443 57.541018209900805
1.4659371501148006 5.938961427516396 6.4290615677864364
-6.304222168837514 -1.7561323036696626 -84.96339386240916
-4.98454542711308 4.607102927298281 -79.08211759381149
1.15056443578285 0.6398379440566923 63.52061115478252
-1.7857183152269744 0.7590340026815598 54.23847765008677
6.59170406160404 -0.2106583530745116 18.211718968235324
-2.088443069837581 -6.2881964252476985 68.38459638455869
2.112677050225877 1.0364267106744751 -60.378678588642636
1.2441780033456744 0.9352563645906837 52.282450535964685
-5.295453415043342 -1.9689801066367216 -4.723781377575632
-5.80983603976784 2.8266903934426018 46.32305082633292
-0.20388884101309232 3.359517210163537 26.035911067407373
0.929511708957989 -0.20639862944921333 -92.79682181037882
-3.275718904915971 -4.553129281387003 -80.25929408770412
-1.506938415238019 -6.23286307668895 82.93287783408142
6.040251042380142 1.5225905191210791 95.56031048490196
3.8658240444674665 5.454259459199079 9.3721053260087
1.3918883554854713 5.830938258056365 81.55837090904666
6.274565835041777 -0.8317337882591365 56.289186471373675
6.391930617255691 -1.2377723569565406 88.39527439187138
3.5016482053508464 -5.447863997288243 4.845322364601068
-1.7143776916511433 -4.3278345218511145 51.21156805992837
1.6788339580698766 -0.3334580378018664 -29.353524458081456
2.717221674548827 6.061048317722154 -44.22902678513842
-5.917819815264603 -3.067009334893195 -18.504762238741016
3.784773447780398 5.084272028901522 93.74238110028209
0.48743411276904736 -6.7257509096414845 -39.024140854791476
-3.0185690283752344 0.8648832722739173 7.868151440549738
-0.22661931519318212 6.496675343581623 -42.31789155542449
1.0179206007061616 6.476387213110014 66.35166907586822
-2.2531278726709236 -6.095136111154079 62.21134861232137
-6.294864522057562 -1.8822712589719535 -68.3776009141472
4.413852039544726 0.7292862443784257 92.07695076069089
-6.399734628058881 -1.0396130213392347 -30.42719805118936
-6.1024036874178815 -1.6385730985678106 -81.72875910376523
-1.9978189109162212 -6.295093959507917 58.304862325413374
-2.1354321917326793 -5.9454454451470395 -90.35432461639279
-5.171806488255549 4.369735647551054 34.91071840793601
-2.649493875274792 -3.5433804028927107 53.993189619897684
6.318346630267454 -0.15928510261424395 67.87366953622822
-0.4366412384113887 -0.9342858673157058 -78.2447514182031
-0.17460323567250863 -3.582447606161815 86.82322174541589
4.96307736076254 4.166487816938214 -17.241669497629186
-0.04742533482568978 -6.783174660051707 -63.17585693464517
-2.322810147087402 3.6169812007980906 -29.433057354755654
-1.832050292854329 5.867114663300272 -9.504122269685492
-3.9771927559348033 5.225216742572681 -22.74785493921655
5.820021301092971 3.808876243077548 88.82095183080406
2.6673082912352295 -5.940069791284267 11.72482301369063
-5.285254938440895 -3.091605712513407 -42.719905177588586
2.9727111226189815 5.885985723607367 -78.52553232939438
4.390315565988713 -4.560257750999124 1.07438779296998
3.9186856235691008 -5.487140135273905 84.88111515808991
-6.76608462976386 0.33864245894360495 64.55794438134079
1.786595152325188 -6.386510101780782 87.39743263448918
5.330158853119888 -3.4726377304358476 -17.730218654921178
-3.139149141635156 -5.446242097530913 -49.86532087246124
-4.848908180147587 -4.327742207658089 -85.22344745134924
3.6474979486114356 -0.0027981566236547073 65.53062035690014
3.204705945291103 0.08658158319814771 99.65551502940065
-6.1384281057112275 -1.4629592225920918 -11.900686684998503
-0.3370010996095796 -1.2850136388681133 -89.20586476802605
-4.699596410066699 -4.407220032400994 -74.77153102390318
-5.685221877361058 -3.8143414053820535 61.76585709463888
6.513180176058767 0.291401113137871 -22.855057176987486
-6.439659208520098 1.576653619170561 96.39096511018583
-0.4172947162004455 -6.826141641207365 -71.03442667540267
-5.77627846494328 -3.5358546186513977 80.05805811317776
-2.232167494172809 5.884562632293874 3.1842423829594266
5.438145625280146 -3.4601969604013143 -96.98334633903762
0.09114645480393249 5.999770464186896 52.072706016346665
1.5263731837930699 -2.542961059850236 9.324522597303556
1.8763242263430537 5.161262539976963 68.89568964933147
-2.0472781615533204 0.6127208503268543 87.4061973265407
1.8902481694705358 -3.2342900185305745 93.26523511565946
5.907966555771427 -0.48339217721389993 -43.45308033975317
5.121961117732511 -2.588223799894284 74.38320113889272
5.020408814609604 4.10973147651927 99.98844155746255
3.6844940426653516 -2.3048996724363344 54.72825435522811
-6.601340784708498 1.561226739138935 -13.44541552478466
-5.658867073452825 4.043946073321781 -34.59668945779059
4.204337916760077 -2.63585322598532 -40.61377033274509
-4.954673074355336 4.74087747609083 97.4940282430878
5.935349079720005 -2.831517632618589 92.97005218914012
-3.3682991702336307 -5.517493517984096 -4.701922536038386
4.877723442294377 -4.6691181117285225 32.16642455109248
-0.9149789472160239 2.8401435285036136 6.296596829575249
-0.35945977241450733 -2.3458560474796175 22.603938817878657
-2.565917974226244 -1.5356364902953552 68.74192310666646
5.584740835904261 -1.0655083142245865 97.83324737933563
-4.174017640958296 -5.451792671109495 10.971712770609356
6.671182704221444 1.0519477717239145 75.4249813065865
5.4362187295932785 2.907848581231077 -42.70920444285105
-3.997895475446926 1.1366106357726364 -27.183385667446338
-0.7832684170329053 3.776405781885 14.371598185849214
-5.2848083155886325 -4.043973628732051 -28.70631516113499
3.101401317447482 -5.972340204560332 -82.19355470145356
-2.5026749301634403 -1.1504766493144878 -86.72749474778603
-1.3223684825874171 6.7316285045887465 8.717391471439566
0.9184871877432785 -0.8158061896680623 67.66739002084633
5.584135562157614 -1.5992863250914473 36.66884211167068
-6.338449513463328 1.1927816886980498 75.20355550377326
-3.8834213558927493 -5.533046425887502 66.26082053765019
3.06714878917051 -5.823564070059511 -93.85595080185246
4.528696356493734 -4.613585888145322 -45.74025988699686
0.8326412917118069 -2.091690275566888 -17.158837807458884
2.932548441757558 5.918101804655079 -9.809270433324333
-1.2631634191140655 -5.783070787418296 -7.692632975146736
3.081138956439874 -0.2571335899108704 75.80040671690769
2.6944289467423843 -6.01120909755014 -16.3195967632849
2.0537713876769046 6.289935596029709 -57.91199813672146
2.4487367571287266 -5.780383100269883 30.74887362304147
2.4319748814787454 2.7000498367087578 -82.26572632145698
-5.590588065050393 -3.1529803707540167 75.25983593855803
-1.9569853888308166 -6.25020473523937 95.94195242217275
3.8399158456281595 0.12238839993295612 -57.7181449358437
-1.3942328491014937 4.875676146717745 -77.05019146015287
2.1451830705811603 4.459158163567617 -28.601752511359273
5.075033815447678 3.3907113900318047 73.10088540935028
3.4494124614974058 -5.426252604989841 -89.00779884983181
-2.885419042220253 -5.606572849593055 -57.64775487787584
4.093273437243959 -4.865071479800539 65.24541151162067
4.303374383089912 -4.622967392133104 -56.109839463911136
-0.6299952489803761 -0.632203963446627 71.58552683674586
-4.098457189394894 -5.527603931887262 -60.77703989408272
-4.897646597358668 -4.399459328339029 39.15472211081987
-1.8889892639988233 -6.579805880453169 -55.143121182365306
-6.551919698965126 1.3691603184139054 -46.86729594515256
-1.3262828425604467 -6.552369877262853 33.278461795860586
4.515833094791934 -4.748790706899288 48.19389469429477
-4.271395839398011 0.0760009021236788 21.765947843649464
5.32130484336253 -3.8701157355189153 -91.46391409044924
2.3856332036483208 5.7543281974689515 -1.3569650213245446
3.429844601347349 -5.795152263877113 81.36990943228601
0.03474260215604322 -6.40192950360267 65.46495735249884
6.479731434955994 0.1274905459673749 -69.40758052936691
2.914533206582716 -2.9317040038709994 46.03564950407984
0.7914443295157231 -6.787491920437732 6.609532227889763
6.4643768006443 -2.167968058166114 10.110069290824685
6.766376882739978 -0.9064722433017405 0.314387269161723
0.5511751279098556 4.260501547407258 -63.207756191409146
-3.5239385103967815 5.460668752984672 12.34077101864752
-0.9579785466423345 5.629165160679633 76.85656332635044
-1.8401123248581113 6.358632581329535 69.32823885872915
2.532922585823134 -5.865412092825032 98.92083761911715
5.03343088514284 4.351773544593373 -28.626178757246613
6.123408466169648 -2.0697026008597326 -52.23063912954339
2.6458575675448186 1.461743744136507 -22.65909598801547
-2.1989368961104008 -1.708750073139903 -34.38355588844184
3.4078368779102486 -5.7881047799382594 -20.814930581223678
-4.438035789830273 -2.943866134186089 17.149252002461957
3.1563742300014512 -5.641696035235054 -3.037223417415958
-0.22984550221110395 6.105134119583624 71.75654657420962
0.8227116614798926 -4.099357346512584 -98.0369316922241
-2.623820415206115 -3.992143991966944 89.50336124990969
0.0824800900386822 -2.023427822846876 -51.11266468741013
0.5980333956220616 -1.4051751915720845 -58.51183240792053
6.673833677104491 0.7625136847677472 85.97354475149312
-4.141542981142665 5.189803485444979 51.09294719613983
-5.071455528723887 1.1883305269088484 98.98964586541489
-3.0034512739041155 4.96321546133234 -66.37442064567144
5.870636841553464 -1.4634471181010293 -2.622721754200093
-1.9298204276045379 2.580828713953509 45.10047530097493
0.3831567749756454 2.4026554719402693 -18.17547257165103
3.8720665966812455 -4.787646233636663 8.310489898205322
6.122594120381122 2.670926603283138 -92.94318635279078
-5.912232258783466 0.920034294757522 -58.76462964247034
6.631218662773119 1.353829089127648 90.22929539846535
4.800283177855282 3.736551390512273 -24.337277359489025
-5.6391443164564246 2.1034160979183154 49.65281516573603
6.436217495411684 -0.030495930674608263 49.77051459116133
-6.649653189812957 0.7640757149276635 29.682383554427638
4.265032481822699 -4.8135903640711275 -70.69338971297708
-1.8674854739028646 5.803631336318025 -70.17838291730806
0.9817576158479602 -5.900305209498575 -10.27459587691196
-0.2240803724372082 6.35549002135117 -92.81633008580552
0.8827114749375096 0.1372605724108289 -69.01223425330343
-6.833215974456061 0.026256071083499706 -36.0214613875429
3.3883645085107186 -5.227072899120577 62.073584765207286
-2.010586756623701 4.085682023636979 -34.667460967954604
-5.793865669093917 2.890922910375061 61.04717300821603
-1.4567617281040883 -6.000959064792701 -16.86299888200618
-6.108227002099943 -2.6047385936385132 9.52635875794384
-4.167601357684284 -1.7210417678916077 -39.04360686032019
-3.873251890391801 -4.4075474345445675 13.521564184078157
-5.031940342466217 4.205694140906497 19.516599700796995
0.8094183239131829 4.572179147372025 3.4489744420694355
-6.63708777016788 -1.4472619960464042 -90.19078782512608
6.530885528738979 -0.13202680076591652 -80.56462487599207
6.182901892385344 1.3833222932693863 22.91160087820075
-0.38343994693355743 -6.1849540445448925 99.77015824365203
-6.428716948949078 -1.6699133305767548 99.26318657509991
-3.8695708025340703 -2.083120464450282 -9.43784854025153
0.24809104910932755 6.768504041149914 -11.689438800322568
-6.446135298323117 1.8162044802502715 -98.47581201563548
4.921679140305346 4.199625469689871 80.35293330697638
-6.780639699884977 1.2711490590950367 -39.57941816789995
0.03660809015670938 -0.31202699613760865 -37.2186879602756
-6.648675922201877 1.651789557258662 -85.02319487692434
-3.914230403518742 5.176327015887838 8.450988951732807
6.597592715873587 0.7721993853890139 27.345542886804882
-5.440090255115225 2.5301781415824545 1.7240654838511817
-5.739025035047216 3.1614781399358285 88.20017829812073
0.9522080577438483 6.270288960659114 13.157851504263673
-3.435959018244404 -5.587406898738986 27.357949559856973
-0.2115193677286461 -6.741608614444015 -4.834152219231618
-3.368132419642298 -4.814381450063164 31.58870105761273
-2.448171933993364 -6.2278159797597485 -29.03613742508581
-3.9408837594837425 -1.0426309859868492 -55.81142226692261
-6.100175912945232 -2.316403383920028 -46.31988224468181
3.173630063306434 0.3490302048600301 -35.445630375930314
-1.2971563911171962 -5.3999739688625485 46.129268961461115
5.006740392337309 -4.41594082304905 43.83509418882837
-2.703075355223557 -2.3141196876729975 -50.94631826436018
-6.192689865104302 2.633701955335141 27.261080444761728
-0.3308104483677251 -1.7598174911371747 55.16958763042856
-1.7734594185422015 -6.46096632623937 3.4942694464346085
-1.853576791206411 -6.501566988662116 -21.17177906521118
3.0006896716328004 5.687561391584205 83.9584609802874
-0.8807792739963756 6.62104179539243 60.35850017643968
-6.727733255885213 0.7224559569334457 78.6965497619982
-4.431962592869363 2.435476291042586 82.13088134567083
-4.429692596585971 4.945586255802978 80.40740092204068
0.0879892251569544 -6.1038202223244395 -58.14506794445051
6.486057708215902 0.917596211002656 -36.67021655442491
0.2609549941363404 6.628729807645661 -52.91586538831625
-6.849118105978032 -0.28684130868835855 90.72942836105004
0.3347018401958303 -4.676172816988321 79.31541513819238
-4.844732349362768 -4.747719155596216 91.4572737835324
-4.223761860431523 5.208902108707277 -32.4210257347667
-1.8613757976446856 -6.566091295916964 8.004495168305995
3.0771859631977407 -2.515071870334904 2.763245134866404
2.169338179716929 6.1036444575985636 87.8487586840187
3.671586855605514 5.553374243318265 -90.0616816715747
-2.6574032452483376 -2.7546730254526466 -70.38744377687665
0.6100748859724974 -0.46404929589790594 -85.5286299459047
-1.0548574087433975 -2.9400458617634966 83.8516511698976
0.23695386515875416 -6.87918831127083 93.40722030355943
-5.635559790129946 1.8914697635841244 -81.93509869694655
6.331002003623223 -1.9597718042565022 -28.753491375233743
3.627675522646562 2.33513659271473 -45.267760969936774
-6.188972001104622 -1.465675350291699 -97.73682210516374
3.1064238205459622 -5.9169189679489715 -65.21238149887566
-4.9481891997759035 -4.1116358204756045 -36.05712300245383
5.710394580993963 0.6334841395615527 -30.38844968596554
-4.855593188264406 1.3583307942883074 56.8862660691963
-5.8581262414674615 2.43386328912547 -1.8761276687579496
6.068323164407025 1.8510974546291852 -19.71905827206037
-0.32767517848013517 6.825591615086473 -26.314030565903824
-4.748925717688864 -4.600237042132363 -98.70653175016402
-1.1344022523244357 -0.3820088880412521 -1.5367967962973426
1.5615826367576848 1.6554135419558407 42.7236942484144
1.770042795351033 5.6051213435145 -47.114920775523586
-6.290764115603872 2.115598544094813 69.44524035520729
-3.4139353471393816 -5.876583886475932 49.20279083082068
-2.127126681599303 6.006015693757774 57.78023268539443
3.372445963233313 5.3004000904129756 -86.27216833261413
-3.1726113274681613 -1.8950061186665152 -93.8599793717711
-5.492374902279019 3.822555775655913 -89.61145135542745
-2.3900930397521543 5.807891042768554 -58.03857976795558
3.566842196218505 4.380928869975608 22.632459843635665
4.877633345678309 2.2755152245617873 -97.03827324814709
0.6205331465473288 -0.3723643216699741 91.65631078611501
-6.61269158712231 -1.639811367627661 -74.50695177252574
5.985741215470427 -2.425474906048946 4.461119498987958
3.241820364079889 -5.819976116574824 45.748179905489124
4.288813680042364 4.9913425266812235 -48.764562338502756
-2.781315903346854 -3.310703086486275 76.00253056041751
0.6895350159142629 -3.1809784423717935 5.281119416055689
3.5033040432995866 -4.834319464199797 -33.09446660392921
5.468956033952957 4.367469281681757 -39.938533180807646
4.288746540642294 4.286787517522703 -20.070856903433675
6.648745364251558 -0.11852141749080253 -55.88369657075442
-5.713561799577052 -2.6346311031634713 20.831241416972446
-1.1818605370316986 4.940390523322699 31.953370982540978
2.7307428779352123 1.6201592393012887 30.230431413792903
3.679776543936655 -1.1710401227492826 5.516134311792152
-3.135656477525406 5.240140769225725 -61.7386258195165
4.95708753481904 -4.483965344336235 69.49894764818357
-6.306328932516478 1.6316590914713545 -5.319817433953706
1.474642867916009 -4.453836378605 -48.45690130497632
-6.535791630733291 0.9305931834479146 15.334028106889459
-3.224318578080905 -5.751345605736609 -44.773889770476
-1.468112192203804 3.203484312111799 41.44959064304445
0.1896350441859884 -6.775239423942335 52.91026837585379
-5.35693683798635 -3.5223259389159294 24.63420795298457
4.808565575388664 4.31189104483628 67.81840817015299
2.9549183561390504 -4.095491120926747 -85.96036946558321
-1.1473128295204482 -2.5546654575120518 7.781838909478756
1.2232339551816653 -4.937444232349668 40.06933720892113
0.19329683479231058 -6.414457297454932 49.96247173010524
-6.357396002385721 -1.5452461667426407 -51.394190282067825
5.2610610732859575 4.17266129274546 16.089228647832552
-5.878653523847005 -1.6549275244269293 43.97120047765153
