-3.504506734013401 1.3301598744001284 -33.94951151413337
4.226154242179779 2.5575271224760048 -87.91008228161857
-4.904300003015932 -4.2969089146558055 95.45780968162045
0.019070743346350158 6.485347010621288 -7.403136526134927
5.855923848151802 -3.6508890057423864 26.533031251423544
5.747723509955152 -2.7318705932637934 49.99822593522069
3.630084282808955 -5.235053783691345 51.67632386213223
-0.8828487120055071 -3.8116811622282585 -92.30348283158104
6.672996797139443 0.449784542337507 45.99079663677185
2.2157289289073536 2.592216165670239 89.69019794889286
-6.503917944800616 0.3600465068080374 -8.391677722249124
-4.0508276999871375 1.4753705811166928 -37.4585620020577
4.241579896178972 -4.956168492856927 -28.574903370301374
3.1836258498625116 2.4542701398703874 85.52620786101895
3.484889478274116 5.929449029877274 72.03560857036375
-4.043763935811743 3.1684323780407158 93.83481028475245
6.175279359563767 1.3677882057677426 41.16972818760209
-4.980572909617269 3.702117844816154 14.569300087778144
-3.6557334558315726 -5.6516926942902375 71.39554373857452
5.414160630872841 -1.9959122202783124 -71.45781150823997
-4.892825156267076 4.20163902355785 71.30914860366724
-0.6563416702896734 0.4557603397479707 -96.33801549768482
6.283064246083391 -2.2500584459314066 78.82033691112876
6.821702395762445 0.4556357678424843 -99.11619520159685
1.510104577527079 -6.403385683574651 22.34177141490993
-1.541507751065185 -6.316636326638748 -73.9655744889986
-0.636863123918598 6.65026966110286 79.47966733128638
-2.6488302288002044 2.515482394276053 0.9755657110954503
5.3395281862556265 2.8816249853491884 9.317052407833176
4.66532952216377 4.721555374855463 2.1348924121283908
2.2094330253080767 4.825650824327491 -55.46143588880261
-3.3154197494337194 -1.418738092007251 -98.52631847874288
-2.888214371852914 5.861393035885231 -90.32605286780031
1.4645885250194322 0.2662257578507695 -90.52197681107745
0.5002493416565672 6.8393073748636475 27.426834940791338
-4.022342727016619 4.984328555586334 43.09354958529669
5.411297308308684 3.583197251309315 -54.86445559971177
-1.621832372984229 -0.2773960914174717 -31.248478891339307
-6.655049100575097 -1.4752013851221557 -22.497793947801487
5.234475228538793 -4.066751994163198 -24.850039287717696
1.4889831520616095 6.585402583864994 -38.897885789589175
-3.082997429176289 5.044675742419833 -49.91852087080205
3.5358944289990606 -3.7935133855876213 37.38414187198491
-5.04787821889927 -4.373387665678726 -32.04808445578947
0.18440824594765443 -3.5657628348073453 73.69425622095044
-5.6978991664974155 -3.469061055831628 27.90992522613003
5.367308657142702 3.0934376919026296 -51.896124715212565
-6.288697618007589 1.6958168513706386 -55.448286987063355
6.69896688053327 0.6691235779990654 -61.209333696828736
-4.36769977722733 0.5101938168451081 32.26944166324212
6.454178729581498 -1.2386862250655204 -74.27793476989345
-3.764021036470406 5.411046988757557 -45.99374050675596
-5.3616837056407185 -3.312437839891509 -14.789705240847965
-4.991791672688253 4.533048360838217 -70.91276775028118
-1.6611454025358756 6.198738413688635 85.24366785218042
-5.712308524772174 3.4611127767488155 66.35680751075452
1.4407421740066337 -0.15734830377529563 -39.19641778265193
-2.9873175465827533 -4.940448992641981 -87.2788996217176
2.004494015925161 -1.2041098446935194 60.82306292859172
1.8016300349283632 4.2107380669570125 77.67845775968742
5.934857774676678 -0.45452122819904794 -94.87425233985168
0.32249985693836575 -6.063176183613365 -42.74762110502349
1.5275364582188207 -2.668024919393096 -22.09875491121851
6.429574550288799 1.3672147994744708 -33.78765033721999
0.3278612294955679 5.037923887175193 -13.953085816888382
5.756774654733223 -3.168698586927209 -59.10267133812997
1.4438923752099253 6.508773887919269 -66.78330122550616
3.6865420663829305 3.135672758662021 -94.03588524476912
1.7068151885154197 6.738633139046508 -82.86680725869029
-3.9776880821075085 -5.536971880685195 6.463222772989994
-6.026654744012686 -1.5875035103944568 56.12362114010949
2.4768354758166247 -6.229856689879762 -36.19564625512149
1.212699771669795 -0.5539835102526341 17.06043635342949
-2.219273446561468 -6.030547763878508 -31.70309074302631
-6.035198820858742 2.246402540265056 41.469211864941904
0.5922498618619515 0.4543519356879504 -63.080977853012
-5.840439968588898 2.848691511056934 54.246824212014026
-1.976413243550888 5.00600219253907 22.352435397106113
-0.6603101220795566 -6.176799833338315 -1.5440459398439357
4.236806008156888 0.4743337605351196 43.441331721940905
0.07050886066849005 -4.348571314878509 10.275240093905426
4.716824952171721 -3.8973937113467394 -11.740721205168612
-0.794219378432079 4.071434512209862 87.30389861683155
-3.194317985775766 5.7720008244766 66.75779103048603
-6.260071144457881 -1.286359013913064 -77.33609144161987
5.4864771264624554 3.4522079919727227 76.91708220059164
4.835609841926223 4.188071243273401 46.0161361766067
-0.8345586717922905 -5.649885402858368 13.780051447386109
3.377654186578173 -5.541324912957734 -96.69378347981976
6.175805022438486 2.32161864144393 65.76733534377192
4.074362084058511 -4.995726977875082 57.287216894066006
-0.5915849349056606 2.406420009479298 -81.0275973512443
-6.248137192457256 -2.184626706872998 13.982995328092102
5.868829443858005 -3.260931071136277 -66.85953628124608
-4.546372405943581 -0.627429685883937 53.90929274007593
-2.7130806133154697 -5.678740851713811 -24.43755444710177
-3.3387837486338547 -1.2917996264694893 -83.03812447619684
-2.5928937331006816 6.024413823776087 -15.41997433528551
-2.156124423808034 -5.945967027094941 37.785256344530225
6.740418230747943 1.9254211084939705 1.2483449499803945
-3.4401077756828955 -0.4142739114705645 80.94781457409054
6.537918637857838 1.9074310255409184 4.624832465869479
-1.7506255556384775 -0.7327461128903375 -67.42903028294543
-2.390650988351822 -6.283901231475669 16.33214694729566
-6.414474313921251 -0.48827940416718907 37.86507870125494
6.541130366041879 -1.6156438837082279 39.339022306103544
-0.9599259551633599 6.1543024972346565 19.79140218659047
-4.875162939246947 -4.304058395077201 -94.71849784893094
1.7590120500375552 -2.726934321926384 -69.9790137275416
2.7342244261563677 -5.63353334572437 54.57339871341335
2.8860769584588053 2.8469189205184193 -1.9809572853368875
-0.26054597160886417 2.639090219681905 9.4145249280208
1.8865608746201488 -1.7018893400279946 70.67165605542395
0.07896937615385141 6.661990331282796 94.47749999010622
3.2594073560615247 -5.775230851290979 -53.73391916610312
5.8778746615478 3.2748999689730707 92.86829744334322
4.270686611651552 -4.8597877699023755 -62.09098286275831
-2.4407278204279255 -5.740636282248101 43.270284655099125
-4.175173124810008 4.792410570174866 -38.182680092832555
-3.516093416174787 5.499864244540688 -85.47950809165721
5.509340685306496 -3.438394103922471 13.10928092205821
-4.145134359627578 -0.8906477301737054 3.5126773421139514
-6.409407111039494 1.1673369999466476 93.50809212185142
6.738464640080302 0.01776832986900187 -77.53150383533966
-6.190119323761686 1.6227290420182925 -78.6404372784105
-1.8520813406779115 6.237195360259365 49.18800522806712
-5.381483657667052 4.0006906676009875 31.1550747036776
5.9355785176575 -3.4187005353876794 53.121840348561804
6.845917086791276 -0.7261386945525281 7.40810621763149
-6.481541955968254 -1.250924295453614 -26.5825593998205
4.099731556249847 4.237672994308916 12.337983500264047
-5.862330466838208 0.012862779420544257 23.39374143014329
5.257767913221577 -3.751851269501569 87.04811058793588
-1.3240746022785308 -2.720912734924961 46.30301770010343
5.423222563046734 3.7827656203211766 27.447035955228536
-2.5544622755234205 -6.423883216986848 -66.31878778910651
-4.253689781963382 5.31152578551091 46.75683306485034
1.3580219858015776 6.702388955197755 -31.13093956684713
-1.3933701122424489 -6.317663189205692 73.62079405430754
-6.050851667332763 1.28044929557158 -51.10016983762865
5.939555408270484 -3.231162286406195 -37.93867070612374
-4.027381351798293 4.685364338879473 55.705472786052006
-1.7025655907497723 6.436500235460061 -79.95873621192852
-4.417300905108945 -5.109715110171296 -77.59040322757406
3.6671095390871127 4.733670787525846 -63.5277083427371
-5.382018587366898 -3.418640271280756 50.74186947698466
4.287451928855873 4.424279507106784 18.754839102938636
-5.970484537899576 -1.5835937561570435 -64.8889415915201
-0.013342785521624968 3.7667041384398625 -60.03735884900332
-4.340816525816658 4.873400008339883 -94.08961157593892
3.8166476300529726 4.8498364514502175 90.80444807496256
-5.109994859192001 -0.1306307988462435 11.603564907959628
2.9359101059495973 5.228088405409163 38.970946378014126
-3.713682831802603 5.541363332962369 -4.4964922215456795
0.8752523894753704 4.563995288069937 -96.74755262643646
5.855811775570582 2.825864332525848 -3.55585077040289
4.41044234646202 0.5407631215118837 -66.6321408773617
1.3526758132261287 -6.130513349822972 3.2176542206261107
6.155763342319671 0.3038741953847708 12.31060638698513
-6.280498534883226 3.0626425506923516 22.670646667774577
-5.430216605511595 -3.6880511964129807 -57.4580320680001
-5.616557575681711 -2.9588543267648846 83.78992542951882
-4.169177354141103 4.494167271653094 39.57179666461896
1.4436257848981255 6.452986941502571 43.074151586478514
6.319793899121719 -2.4423454994481184 63.70027824971515
-0.1200123659529222 6.573683331072535 0.6369641829083554
-6.5955141878661525 -0.5961841107435608 33.79149130637444
-2.528585644367573 -2.1874690279020497 25.86490123450949
-0.023020646751564358 0.6334216501112696 49.06132227227227
-2.349155871627649 -6.492097084744603 79.59764028055201
2.311387009351922 -1.846453286297934 -25.519764524216882
1.4782383792839149 2.024228906829915 -53.04288788649143
3.7521359592065053 -3.7959816122089785 -9.031677806580216
-4.601711601753785 -4.824533045160415 -63.50346262527675
-2.194454685347844 -6.5345829279617655 -97.22157787529156
0.5835517938687614 -6.74228972868556 -95.7086877997215
-2.209075196832322 -2.044508361631962 40.12883456763127
-1.3660609754372324 -0.5204179903028192 -17.082833662633323
-4.527998059421304 -4.7163681023007795 -7.429524915588025
-5.826987159297087 3.58505435481584 -27.678574466019516
5.947821332517675 -2.9241431904603985 58.63369422753071
2.1232581030589137 3.45236404580604 -41.99017292775708
-6.332812891526404 -0.9769822937722973 59.923909371974396
0.5688799195355885 -6.358545580824544 -79.6078445237338
-4.750911932193065 4.549375839647184 83.85972748838292
-2.0133878883195173 6.481097193421312 82.14993228155612
-5.5755535927334305 3.1307218648019366 90.8964746583952
-5.8015925717169745 -3.4393380800521838 70.53744794392838
-5.74637794399854 -1.8362769231662133 -33.42761046867073
4.13049041574181 4.985775127998965 -60.78271484525898
2.570721059605618 5.978377250162987 60.05621386132971
3.3816177213738254 5.652736904230086 -26.034630513392184
-2.4334188110890587 -6.27972740711983 55.207610182637175
1.2123218789601247 -6.589031422715517 -66.91977308017526
4.980758502222963 3.660118371400136 42.896459865349456
-6.406969386272322 -2.486945376774811 -71.52046298300834
1.904783618513501 5.824336306972039 34.07111840454013
-6.253675583912065 -1.381713887802915 67.56504948931106
2.307180664612777 6.003849401098787 74.83960250844333
0.10976885837731482 6.431355848581725 47.14286337751499
-6.605196513654888 1.28561314910087 -88.49494830060384
1.4777601588776437 5.683122478621383 -74.17328367112509
0.8753483041758715 -3.666786878122861 -82.27009811711967
0.3575130968390348 -5.170802271204821 -89.04458258172717
-6.593741793552438 1.3453656130798812 19.136955011790068
2.475456079659772 0.3392621342456865 58.165425898837924
1.4312776036100403 5.315104382345596 6.289312846539149
-6.345131201240283 -1.8731429696922341 -85.2466948871338
-4.653413532023695 4.167871734901512 -78.6501847447918
1.010345271849278 0.19942124855220444 64.1198941161326
-1.6252844677030822 1.0530784535987905 54.016649134423204
6.523539685307968 -0.6220936187589026 18.638926028439368
-1.917447739118688 -6.528264387058871 68.76518995167496
2.487101004639126 1.8305985332800796 -60.75184768335068
1.1813501725175155 0.7287347348702395 52.29645667556167
-5.889882486319682 -2.2295815465374598 -5.667069221315174
-6.182610775417637 2.475423732669222 45.83337413882072
0.8326370887632003 2.8385647777048515 25.67240694117025
-0.6266431324557529 0.8797188262591322 -93.45681387100825
-2.3038341602354917 -5.115411008917792 -80.51882110338362
-1.820672423125661 -5.98256492888819 82.9104008540096
6.123785620720941 1.6074075194479835 95.64112405371391
3.6794449674477674 5.7715822137818185 8.947343306474322
1.3918883554854713 5.830938258056365 81.55837090904666
6.0302449463390415 -0.7994978934003627 56.228113900388486
6.270410726374213 -0.9852783152142318 88.46972444341756
3.692090832132971 -5.485639530017028 4.827886345022683
0.11624576982250548 -3.755803479623846 51.54107576840842
1.7068592029224705 -0.23237597730943876 -28.92915274071873
3.0232276728975314 5.991393968924761 -44.02382495775763
-5.585664046701828 -3.248809986541586 -18.857227681694525
4.7589231035935144 4.707333680223589 94.87935508461834
0.9151861311696373 -6.660432842902882 -38.988191851505064
-3.5064036656318858 1.1816741641820383 8.17302112884069
0.4789277318404773 6.570234964033068 -42.304261847145625
1.2430208516762535 6.448174366570047 66.26189488110523
-2.3246748351339113 -6.081084278956498 62.21193623140905
-6.196883044909059 -1.814551810192344 -68.3160025119589
4.310194191474854 0.35302296339709827 92.09416809575582
-6.399734628058881 -1.0396130213392347 -30.42719805118936
-6.148729842422724 -1.5112014156378286 -81.1825919775443
-1.9978189109162212 -6.295093959507917 58.304862325413374
-2.2700770637828076 -5.968383771599707 -90.1777144392185
-5.2354000535038825 4.485455727828117 34.340193118937826
-2.3637432786498076 -4.096317719537695 53.27852208296334
6.707447434985625 -0.6125781497855969 67.99685084629716
-0.20205645708507727 -0.9451747378607269 -77.91229486482462
0.0056941484051494795 -3.569168615578956 87.26288360792617
5.174816717510145 3.735543778435224 -16.914990944678323
-0.04742533482568978 -6.783174660051707 -63.17585693464517
-2.6862558131106624 4.052109123351508 -29.8383553510626
-2.271579308323391 6.224405760132438 -9.927732409454197
-4.362865946186165 4.143911966183309 -22.82488903259401
5.795223833672135 3.756725405881555 88.83201464492282
2.636122213774611 -5.86188432604784 11.71928187660758
-5.907967006080268 -3.0703566426761806 -42.65533623527521
1.7172741067014154 6.267132584934661 -78.34912696250464
4.390315565988713 -4.560257750999124 1.07438779296998
3.9186856235691008 -5.487140135273905 84.88111515808991
-6.749925303666428 0.33377279406537236 64.56348140838229
-0.07652469727430647 -6.557313070565979 88.44904838478728
5.38756410876865 -3.0838867705064947 -17.617091282777082
-3.994615071073838 -5.422658774479519 -50.27402211893693
-4.848908180147587 -4.327742207658089 -85.22344745134924
4.087010872187378 -0.8140593600408965 65.35620202722941
3.182944780947135 0.025804279850564375 99.52324730908185
-6.149484902596413 -1.6753984897032188 -11.538435510552285
-0.6827664576379576 -1.513195663160546 -88.97668139814546
-4.699596410066699 -4.407220032400994 -74.77153102390318
-5.685221877361058 -3.8143414053820535 61.76585709463888
6.895934027935435 0.3647000078906068 -24.35392843064897
-6.214288302008 2.047309748432735 96.52459733485736
-0.35462303691109076 -6.945075639653795 -71.04120438077697
-5.24054166903796 -3.977063835306469 80.17855894440991
-2.351241470544101 5.891757683193901 2.992713811940156
6.325661795441787 -2.616308913251965 -97.48626791709738
-0.314031588902861 6.648520860986341 51.99430462921975
2.113080429226409 -1.8251729183185867 8.418441441173474
2.6446848486068064 6.236613495100366 69.0566761563746
-2.0486942820212017 0.8197364054427866 87.83635860911768
2.36910912313387 -2.8625823086123923 93.8360981423643
5.742302299896973 0.5827511889604222 -44.37824271697999
4.930484252097592 -2.7713698643347455 73.99018626307455
5.020408814609604 4.10973147651927 99.98844155746255
3.6844940426653516 -2.3048996724363344 54.72825435522811
-6.438140989103325 1.3564695380980762 -13.210325824049225
-5.421909143194223 4.181103658432877 -34.74599226194403
2.267164216708573 -3.452044082694599 -39.8319639987166
-4.697532410242687 4.477576324023411 97.26668848199634
5.95390609000698 -2.3997755309234963 91.48155448683505
-3.3682991702336307 -5.517493517984096 -4.701922536038386
5.2289616644941335 -3.6238732938200697 32.4498955256861
-0.942566732770572 2.854997911064974 6.321335285405008
-0.24380477063803346 -2.9450734067559527 22.57022360107683
-2.707311173702678 -2.9527411210625942 68.36705656605888
5.788236839972488 -0.8182044917657305 97.86215925950575
-4.24968785906797 -5.389854383776046 11.022447302143005
6.638237616608642 1.4018538373762 75.36241672469927
5.36583293154729 3.4330708891398243 -42.81180449779215
-3.754350408803451 1.1092703605194636 -28.649904633139503
0.2290987058670687 3.123936446898605 14.909278408018464
-5.288034440791554 -4.047127161629022 -28.692996280693425
2.7346070284347346 -6.0573620528642 -82.4900480377794
-4.034595215593267 0.0028318063183350173 -87.4901883912901
-1.3904768512980774 6.620444261667339 8.679140866038694
0.9020725548140952 -0.9621088257614163 67.3345770689449
6.185905167700262 -0.42354044143985403 36.484025430568124
-4.751103667859173 1.3247291557842666 74.54511002547567
-3.304392597687844 -5.848722125523487 66.24678907490711
3.06714878917051 -5.823564070059511 -93.85595080185246
4.364118966290162 -4.722409585875004 -45.56374805640141
2.026478017466347 -1.090969784137622 -15.203698614789683
2.9526908199623727 5.921581516414234 -9.88057505885087
-0.8752255382717979 -6.051834446074825 -7.918819571261512
4.169022621098257 0.727850803031884 77.40424863264083
1.6097734662057133 -6.373113923225278 -16.492295671755226
2.0537713876769046 6.289935596029709 -57.91199813672146
1.9670267972119855 -6.472812425131879 29.225951927545527
3.031385562148422 3.4738922590965737 -82.58111528567782
-5.717171970702956 -3.0733922184515654 75.14182747041912
-1.7680707645823022 -6.607863303356484 95.74563229508124
3.592633698186942 0.5025806694151758 -56.463907045361154
-1.2992338883154149 5.123313784379593 -76.72053159725971
4.208296380683368 2.49524608599162 -26.043788614091362
6.241122751850971 1.2014223435801203 70.61431205680154
3.4482187272745755 -5.428972217239264 -89.00516410041097
-2.835869034043967 -5.635983872112968 -57.70464661756936
3.9975329247167046 -5.204216721100336 65.03722230034256
4.817295202210178 -4.145924433605627 -56.312637820401896
-0.8131820237731048 -0.16015315430604365 70.48581213927659
-3.512838313868831 -5.477976237076647 -60.70356407218582
-4.897646597358668 -4.399459328339029 39.15472211081987
-1.8889892639988233 -6.579805880453169 -55.143121182365306
-6.549124223922978 1.3683313853898478 -46.86576971974797
-1.2970301813833367 -6.560036872347128 33.37660174434734
4.515833094791934 -4.748790706899288 48.19389469429477
-3.841248141792531 -0.5211502690580215 21.381207398763618
5.501141459222176 -4.0112072568074435 -91.22548505633664
2.3799807403417703 5.768531864391112 -1.3797147167842854
3.429844601347349 -5.795152263877113 81.36990943228601
0.03474260215604322 -6.40192950360267 65.46495735249884
6.5835397217110465 -0.1285483061424132 -69.34314296912996
3.422216069623156 -3.043653751121911 45.92661556979157
0.7914443295157231 -6.787491920437732 6.609532227889763
6.5587070251862345 -2.095481565196586 10.068247335120905
6.639756981619524 -0.7229809971632446 0.034842068504258195
0.6755727392791477 4.197858836913576 -63.19871412989967
-3.840628138940569 5.524946941041259 11.822090804420853
-0.7596944565072139 5.816180266921861 76.78129171613196
-1.8401123248581113 6.358632581329535 69.32823885872915
2.87146266723436 -5.750291937491035 99.57703629109254
5.03343088514284 4.351773544593373 -28.626178757246613
6.444474330597596 -1.8880199572158687 -52.195944551636366
2.9581950160379487 1.9893155391060755 -22.633960591037205
-1.699252360842668 -2.6577782084737605 -35.435577231455824
3.6335827478428535 -5.79684826983817 -20.746062525777507
-4.853709822019828 -2.845915251922865 16.498517292202838
3.588697678019673 -5.3697962746612955 -3.343292167213405
0.07813389658764774 6.357710080615085 71.78362778933146
0.6862259000599713 -4.055223534006216 -97.64509694516975
-3.15250419960354 -3.874904825790501 89.024574452592
0.6951452034777228 -4.605766545616055 -52.25278398192187
0.4373168172688026 -2.2870158076379767 -57.96875331028183
6.737637400173544 0.6860102722118138 85.77454387196514
-4.093406049909894 5.216832768548318 50.88616885738096
-4.72162180223355 1.1291260166347188 99.27199361491175
-3.0539145409519133 4.806941526262875 -65.6335332654384
5.704742708038563 -1.8596154106127312 -2.704398521390226
-2.249816915909359 2.692604258583437 45.62019120320575
0.586839348470833 3.1309563377546605 -17.89879358168785
3.788694912238909 -4.891322530739711 8.305549421834762
6.4934251582930145 2.611427071629461 -91.9933225793734
-5.773530633904979 0.5235028232587761 -58.691416749307436
6.671797649517858 1.173115862111583 90.27925160383978
3.975097810386413 5.486599451566424 -22.794439845907863
-6.157040946040461 2.088362938970949 51.27490035974874
6.732667385691149 0.7375172134863677 49.185169542134574
-6.368783010973941 0.5017236714957624 29.664390573196744
4.248272523742069 -4.825356825224768 -70.68535981796651
-2.171738710771248 5.748030642385173 -70.514387693811
2.0103956865136854 -6.138242758296149 -11.530514747634665
-0.24587096635361666 6.664852211316703 -91.49609116198852
0.5702654570532387 0.8453177500150486 -69.92209348945754
-6.833215974456061 0.026256071083499706 -36.0214613875429
4.444810874405984 -4.871031020815972 61.41478037297728
-2.2845489672797052 4.1096937760570285 -34.84528618254303
-5.175957758874777 4.5610707055551485 59.799128427838774
-2.141638694437571 -6.245286452643099 -16.669673677910783
-6.108227002099943 -2.6047385936385132 9.52635875794384
-5.244298538167199 -3.7305364604255598 -39.59534220742023
-3.7375874481990308 -4.322979353455642 13.487941462441665
-5.031940342466217 4.205694140906497 19.516599700796995
1.0877564164705584 5.480609183010251 2.9177168041430814
-6.63708777016788 -1.4472619960464042 -90.19078782512608
6.82262147865626 -0.3287509271689846 -80.49195955815742
6.407682915872579 1.4257987319241199 22.83721819368784
0.06009492370703914 -6.744552874866482 -99.88794393875324
-6.428716948949078 -1.6699133305767548 99.26318657509991
-3.011999636989777 -1.4610749893011659 -8.35088608665417
0.24809104910932755 6.768504041149914 -11.689438800322568
-6.446135298323117 1.8162044802502715 -98.47581201563548
4.921679140305346 4.199625469689871 80.35293330697638
-6.704499474331588 0.9963674717197059 -40.04480459947349
-1.1641682587082467 0.2794240558288199 -37.18814259196162
-6.648675922201877 1.651789557258662 -85.02319487692434
-4.050663713721991 5.031946492763957 8.816186608351389
6.597592715873587 0.7721993853890139 27.345542886804882
-5.884976696435633 2.2474054202669405 1.5539081186997974
-5.610426616515537 2.8492478834781596 87.87950383850215
1.0020640095685978 6.301311211100404 13.211829984243622
-2.8358492722180335 -5.555150538319612 27.280298521146182
-0.35883524157077284 -6.661649104356876 -4.461426627095717
-3.9627155693691263 -5.271295916342625 31.878139128422838
-2.5554341822785247 -6.245639176911879 -29.066149218965997
-3.126814616571532 -1.0601154181101846 -55.14657055097866
-6.13553687039972 -2.3186139072914 -46.29058638498114
2.564957738540906 2.7518219741447174 -34.63862104457747
-1.2697029813548935 -5.564608588119068 46.36636995886851
5.878107101131221 -2.738993121805155 44.47879370959951
-2.8711731665340148 -2.2599380003643503 -50.863047264252444
-6.179981060189879 2.5445851083197053 27.5023687899623
0.6893312935976806 -2.0877853030206195 56.323945459359365
-1.5347403698197972 -6.241577132400431 4.394064644889209
-1.853576791206411 -6.501566988662116 -21.17177906521118
4.278710792322756 5.2073309134462535 84.70430948505377
-0.6291029099189743 6.4331166800383315 60.89794542674502
-6.680154756608011 0.7912226514416438 78.5970818496896
-5.176001727432656 2.3358151171390626 81.47361167463532
-4.429692596585971 4.945586255802978 80.40740092204068
0.24138655767653278 -5.803238935364071 -57.76017617184467
6.5613203381543865 0.9841755991088171 -36.6815322728254
-0.05410284316056717 6.47733029582759 -52.191116266337495
-6.693819918547803 0.15944312747475453 90.51437736134994
0.4178048274305523 -4.990776336120481 79.07947816557272
-4.157494413800433 -5.07568634307549 91.8182891715306
-4.018225198998179 5.176702744773571 -32.17236260759737
-2.083746935190294 -5.636204970437812 9.10053167148449
3.2448065183267865 -2.431473919397579 2.62579971989613
2.0834670552912815 6.162204719671118 87.58431446638345
3.3393021315227203 5.292035642507015 -91.53622547350393
-3.278712298985243 -4.00533510266961 -69.27383424110734
0.6205435901536155 -1.8314459377354309 -84.57438409392002
-1.4165278409869637 -2.0825012549416875 83.5134474369603
0.23695386515875416 -6.87918831127083 93.40722030355943
-4.730536267397573 2.6330451020196466 -82.09379764281125
6.331002003623223 -1.9597718042565022 -28.753491375233743
3.5957917747347867 2.3111679057449455 -45.32033640571803
-6.506455520729185 -1.1655534169838706 -97.68474934845626
3.273835453232808 -5.729996753910716 -65.06554914070502
-5.037910506407014 -4.083924366795323 -36.056928755308874
5.566885335621136 1.8418770894462375 -30.91593976383451
-6.209807627481896 0.9755007027765802 57.46527805869642
-5.397667780588965 1.4233437620940315 -1.445203800072795
6.068323164407025 1.8510974546291852 -19.71905827206037
-0.3299774410311191 6.800250030431933 -26.35962382207581
-4.916729207487078 -4.547087538031746 -98.79140844962205
-0.46810391204226587 -1.2448401047856013 -2.211103558074401
1.5615826367576848 1.6554135419558407 42.7236942484144
1.839517373602896 5.715681041605192 -47.7473165436577
-6.290764115603872 2.115598544094813 69.44524035520729
-3.5555648927632957 -5.692066202530516 49.22329334956403
-1.87908389497904 5.897835491709738 57.689247888448634
3.5502308482601057 5.393757174132215 -86.32354488506338
-3.0861825523151847 -1.7360569194353541 -93.79980449309497
-5.475928867012033 3.8187336164610644 -89.56114902057462
-2.3900930397521543 5.807891042768554 -58.03857976795558
3.5859903345960547 4.392693644875186 22.63861977472113
6.152135225570754 1.9525702064207742 -96.36551759951891
0.8669483375252314 -0.7057888522261966 91.36394127892136
-6.655809575919951 -1.701472669351628 -74.241164530914
6.057705877022345 -2.7669184815678474 4.052699588317169
3.2743191261927542 -5.952356201057218 45.61367853593683
4.288813680042364 4.9913425266812235 -48.764562338502756
-2.6497997319078483 -3.608782639217501 75.86741831691631
0.8205206211112056 -3.104531041989411 5.431295624342262
4.388449308061008 -5.017808137584749 -32.263525206196505
5.260177974611091 4.248380931844026 -40.030231236135606
3.738606375404347 3.940709838539626 -19.62842370743268
6.648745364251558 -0.11852141749080253 -55.88369657075442
-5.978191842964451 -2.2852547880268217 21.204838484737625
-0.7876772339802096 4.6069408741368205 31.388119697284722
2.4213228650845378 1.9944438149618668 29.782932064789545
1.306897914253411 0.6540606529021028 4.549632424312428
-3.1553750032104375 5.775609205770758 -61.853576913041664
4.954493623377854 -4.3107074822915346 69.13198853639607
-6.27616917270324 1.3377674640964519 -5.341756047183317
1.6603526955361887 -4.495305111903066 -48.21950162537816
-6.535791630733291 0.9305931834479146 15.334028106889459
-3.8682944666969963 -5.126521946894021 -45.252098504924945
-0.9790229119501536 4.642995307768007 41.64983418879581
0.2454596933409755 -6.7968267362632035 52.90906377894397
-5.35693683798635 -3.5223259389159294 24.63420795298457
4.920727007580928 4.461603015848861 67.41715035279837
3.051980018049196 -4.225741948863642 -86.10848912155768
-1.2749879240052175 -2.844714808691404 7.707067802624484
1.0496347729719628 -5.323035355736318 40.00256419995243
-0.053159208467231905 -6.774529654579947 50.153233925175805
-6.288416842399637 -2.1910712271747013 -51.512509580310464
5.20923176925387 3.3793142129685707 15.879033556728611
-5.1368458794279865 -1.496478552264743 42.551078155882486
