-4.577241065817066 -1.094668101113052 -29.315937279484043
0.9107399414363488 2.392427902688411 -86.95567258151081
-4.371985732011845 -3.8810181922514477 98.18214966669642
0.49206331619473226 6.097047508644708 -4.437053080223567
2.469252124845146 -2.642495821013987 25.11578787390297
5.858633618747733 0.8134932018123266 50.234235833057525
4.059225373485817 -6.474509388034324 50.483270246510855
0.2276803250614099 -4.05416815171901 -95.4323202807595
6.458620383342165 1.0550287459520042 45.40842214026916
4.5536538592442515 4.738782812820638 87.70635408638275
-4.17558534648226 4.677622767538596 -11.753932455991848
-2.238484692282967 3.2900898140486987 -38.26014471835261
2.6790486250840826 -3.566038415020623 -28.44815996757591
-0.7796978224837627 1.6731018471027308 81.05227979609232
3.9830128109760103 5.38818115921719 70.77544536754897
-3.130988349128036 5.511440312244019 92.03603731829266
7.078617009996414 0.2946936556662748 41.436642532315844
-5.255980017926627 4.001100616837434 13.59962089869018
-4.271171134684242 -7.259834413422639 70.99242096435745
6.540233526543789 -1.414969537369484 -70.5315002278727
-4.153990853337355 4.879852768956474 73.74583715620582
-7.4790286805867305 2.5231289077932355 -94.64813628711642
4.146057537139158 -1.7721938739180825 77.95271276892716
7.440639224682302 -0.2105800030386129 -99.05696891035025
-3.8426287912999495 -6.721145612352686 19.67006727873303
-0.43281730049426403 0.30208209790412294 -72.08370641530598
-1.5436392836556716 6.569355307697464 79.66864566189946
-3.61757400894031 -1.1784013704942187 3.247362448356221
4.286671219819721 2.354701716763357 10.108366942073507
2.007610443100079 7.199577026175509 1.1323586215066042
-1.311448844257911 3.709740651781327 -54.01753327850175
0.5694260851813261 0.7448275879206496 -99.16321086028903
-2.785605657237579 5.305458477773977 -91.24135177918646
2.6570715611785065 1.2539411421850015 -89.5401489123629
1.031066984044115 0.28027154563089307 34.25232221536545
-2.6222364628355925 5.293134569740008 45.36880951097023
2.8300625697508757 5.483488858444337 -54.975833565533755
-0.7059449766671435 1.0825342352781524 -32.699012071069085
-5.853950046557046 -1.0680349998517038 -24.23673339946597
3.0558082464112246 -5.388233184741985 -25.44840377157719
0.6046726177614987 6.680125410046704 -35.76081703158986
-4.138983145555395 3.9715291041937153 -52.08614881949947
-4.923808027994131 -1.3691546114620332 39.24967968494353
-7.486684724587939 -3.4385705422037165 -31.657552470762354
2.469853067656425 -2.1578244922350884 75.46684573835464
-5.385591153116167 -3.170252916979215 29.443933604776245
6.0468163759357925 1.8390818013390835 -53.778819315875815
-6.420507843714983 1.2192601853147633 -55.656766386044545
6.022339736357329 2.183547676173517 -60.736063916831604
-3.457682419721467 5.227309039028276 26.903233764494487
4.673417709138802 -3.9840135214231966 -75.06215974878562
-3.899606233986082 5.1683650914998465 -45.96204672224105
-5.793189902740054 -2.7006765703126536 -16.131227452761834
-2.7989593682729104 5.701891559187164 -69.78736138122926
-0.2985124824645451 7.197728299012329 85.26775518273946
-5.96080998858339 2.560346524166461 65.65413042484585
2.306483244950626 2.8601915177781985 -40.363041836503136
-2.9745656380538503 -6.297774518511808 -88.30820193593297
1.3580180993399062 -4.06796052416266 63.753578375858375
2.690702622837662 5.57957364665757 78.03323359737982
6.330188528475032 -0.18647753648526996 -96.33129373490173
1.798587564746825 -6.380535826579458 -40.922124368640425
0.8163249289725925 -3.900106797550204 -19.84555393118588
6.096035328609936 2.111151676391856 -29.714985921122032
-4.323111669864117 5.470692077044184 -7.217985639586635
6.149682751801686 -1.5287667531594706 -59.911334653329824
1.030926783819326 5.538903035176167 -65.24829979459464
2.0303401542339294 4.689035911752585 -93.05883581007414
-1.2513549453270398 6.1626889983982585 -86.2323675795987
-5.636457838687934 -3.5624429430986377 5.406879152169636
-4.050504722402593 -4.1357365197814335 57.023981402085035
1.4286380498619349 -6.460272000466203 -36.55630622631306
-2.9916326162644067 3.8368933632156876 19.009691934223127
-2.9167459064854198 -6.1807119932337224 -32.89516946974732
-6.51176062067574 1.6483415923400715 41.856542863050734
-0.6544559907542629 -1.5875394325741683 -61.83068027821909
-5.94455003081222 3.0906327021129374 53.65318983294177
-2.5207977600755287 6.358764217635707 24.61473323401293
-2.0218884586645283 -3.0102095677602474 -3.1115449639306556
4.4316024365315165 -0.03878548341220649 42.63844443501028
1.7898827214772488 -4.667475306346316 8.224511662925375
2.520092101996677 -5.899675676229004 -15.191444925945897
-0.3848226584718455 6.974707772035608 91.03259849544236
-3.3646389846935465 5.232480136357927 61.87505422273734
-6.553829772056302 -0.07235679759764657 -77.19763157384723
6.04606993844191 2.2578334892768037 78.3673918715333
5.107227014408354 3.438740665970676 45.8438696505299
1.1814479527659039 -6.858049328225647 16.42409862947198
2.8375390788409076 -6.026136369804594 -97.12158468226576
6.253014460509089 2.4940503057886216 66.88324533503508
2.982780523245834 -5.265867086459344 57.98847728520882
0.6545204571539759 2.314128175671783 -79.10758349252588
-6.5917486364744615 -2.465169451951902 14.882926593871524
5.288080865151451 -3.887113873334674 -66.35957862254115
-6.202185456082884 1.2061711487619997 50.63430415505628
-3.0981317632856644 -4.890092756462065 -22.843838207785808
-1.9352206615876963 -4.543193281633599 -83.63147892635347
-0.6958637245597163 6.400351511555224 -17.556461841853114
4.444852972694056 -6.46712075489074 38.01286629827556
5.818309572888369 2.5072928522535465 2.3401120693917936
-3.533851378121926 3.245245098148824 84.25102708218115
6.700008189514342 4.2831532839864295 3.7525919957278666
-0.8024667906797514 3.326124704627543 -62.91141760588731
-2.6105841963275367 -5.113313251689334 17.869327569141863
-6.554185125355766 -2.5701478004109446 37.75476751846903
6.53702716545757 -1.7944143299824857 40.51140475565364
-0.4771653653459313 6.333359259643589 17.998567879840063
-4.694370540485056 -5.528314544492433 -95.29592516188673
0.7205674937253241 -1.8724704858171848 -65.05241322880201
2.0519649576469483 -6.051440032179643 53.14173802047743
-0.3506413221346697 1.0287920927043743 -4.183020815732836
1.615755940701506 3.8076244894783633 10.267257856788687
-0.17701340835662668 3.868803969148418 72.52029542534099
0.20492455988333091 5.942666611372101 93.47090202800334
1.0327656787550614 -6.61305298055949 -51.25238521638755
5.900286216675145 3.155396575994289 92.71127819362799
5.846123712371894 -4.283402848505214 -63.33914574787135
-4.125597421285934 -4.837788055180198 43.223220751615365
-3.767247714564666 5.686923104755069 -37.05146649458396
-0.7212529726761433 3.315914821084213 -84.05608872479937
3.1464048042337915 -2.997206000139145 14.486965040771011
-4.726764604934148 -3.0474827769621458 0.6874504607736105
-5.438533113215993 3.88026121001204 92.37041623092145
5.411143355974916 -1.7196368750067594 -73.468684874623
-5.682804635790447 3.718992203975537 -76.9324989173913
-0.8658814236554414 6.421306609248558 51.60431580119729
-5.066456700094192 3.8372243396006827 30.67194781284398
5.985974228938461 -2.830978381543416 52.62545639018346
7.271321636214424 1.5908241809340034 6.5792604193767845
-6.837181769188466 -0.655100251914551 -26.86401712787235
4.20063593428668 5.21974228392133 13.069037235245219
-6.265683556517606 2.957212249317477 25.95423459090275
3.504490381517433 -5.446964700117482 87.13425080165693
-3.8244752373577287 -1.9754216403436113 44.95080044352975
-0.21931240530463864 -1.6262823811843015 27.421967533003865
-2.037687385574447 -5.462118155703716 -66.11422536783206
-6.053599840611115 5.848731661065652 48.2708433287431
1.2023375589722163 4.964068714780881 -30.73418457104713
-1.3548656690789496 -6.151336771019316 74.27877888027895
-5.9991373954853895 1.4108909828231737 -50.599548297675405
5.259720765835797 -2.715701202195677 -33.158885220054735
-3.38148235678357 3.713673436354141 56.55246067471651
-2.538473628940204 6.039947533405209 -77.72918210873104
-4.935376700654856 -4.169100428862463 -75.19303046664434
4.205401731813171 4.7981520477370125 -64.31679874182059
-4.600386730407718 -1.2008301906066556 49.52318695881481
6.087215017922216 3.63539595387196 18.673517843823625
-6.813582172420197 -1.0934929412654326 -60.07404017255255
-1.332074232712177 1.888879870803017 -59.977002958181956
-4.827508598108635 5.680705407168474 -94.06972717208802
4.52482448805172 5.056150779088771 90.38196739617803
-4.583179268058838 -0.04278896725265202 14.197709851626394
2.29819569270816 6.2665244575829195 38.168225408146924
-3.158643427792019 6.218546140475169 -3.5012462473010397
-0.9534527272968534 6.277204548148756 -99.61450519049056
5.3908075191199885 3.855755997417525 -3.9980929085072616
1.7661214942414478 0.5634600794045496 -62.80233014760409
1.0422643112296381 -8.295396404508942 4.130521365402376
4.12853906879419 -0.8412312030681033 10.904214305001497
-4.7486582997068565 4.372297668389371 25.1467795929467
-7.836959921838164 -2.4512151385503502 -52.755658379338854
-5.158130482587858 1.1861549241801572 84.5761755771382
-4.812165174519807 3.5002352498800287 38.944450176453536
0.7248325261059668 6.39487361914241 42.92294710943822
5.106485013446956 -1.6309807350470336 61.31111022059014
-0.99172356872622 6.3374250047420615 -0.841633516817197
-6.403977403545144 -0.8919894391180299 35.177804046670225
-2.6269029865994735 -1.246410273023434 31.61930958225025
-3.210864933975027 -0.29649351854159006 52.591650714665775
-2.9643771146652536 -3.4253067136973367 78.83096890257825
3.6017967752963718 -2.1565644599157885 -24.23813747694751
0.47882166108933477 1.2286284782625772 -54.61604856710768
3.0658807154838383 -5.756075550921499 -9.12317621369415
-4.3101605344384515 -4.9207399798659 -64.39940281087844
-1.6394683862752055 -6.620588186696686 -95.02973849103034
0.9643813727838514 -7.67979384370683 -95.37397963222355
-2.363326199472944 -2.1803789844754102 37.9324401089123
-4.870149696279406 -2.7226909525806393 -21.191590982223055
-4.16813019580989 -3.839783266643219 -4.897642041533276
-5.508459560147275 1.8066759706626008 -29.2575523698728
6.471973201598013 -1.9815622588865929 58.215573740108645
-0.7281555854784265 6.855059043093463 -38.98243695687589
-6.450617261171744 -2.734510687022961 59.34729993374193
4.103435090708983 -4.139852552120426 -79.67117198943471
-4.908220319339341 5.475549255901994 81.62679513045273
-1.1383179921103301 6.085182066824394 83.09924113330423
-3.4033616920572034 2.589106238057765 90.46221749734002
-6.129226385806599 -3.2916203607245724 70.01119055748276
-6.697464122647858 -0.5574345348670892 -32.54927914120495
3.92741990967331 6.790145179213432 -65.31973089139011
2.328738751945605 4.209376572766976 62.20234884619601
2.190618142509969 6.13531142444885 -27.671523677312777
-1.8221022943476588 -6.559984299933885 54.9110391371367
0.9155255319343135 -6.681200997844861 -66.88827626503846
3.5876569367274596 3.1628645635888812 41.82786291811389
-4.311519701254249 -0.061937727774259876 -71.62640597939257
-0.7551098081225933 6.385160391233913 37.22971202357565
-6.783276674343167 -2.5252888724021574 66.99948218951748
3.8653045104036 6.5763758676031445 74.7637719451473
2.537754844978292 5.764009270293334 46.520913502101415
-2.6445068020721045 -1.2639160082840086 -86.87304764353885
0.664889829042534 6.178670518991497 -76.37245675838474
0.7924421417165018 -3.2984084144417882 -83.1632153682853
1.22548460729546 -6.261063217650158 -90.56714574004545
-6.66852634434669 1.1177601848594239 18.264249136082658
1.420842311158594 -1.8138008970469552 59.83661568394891
2.30396815271565 6.063636463210076 6.08635864953735
-6.478416545201407 -2.225202818219365 -85.18077501642853
-5.394446548342813 6.323358463540158 -81.96666629830013
-0.5395195228717029 -2.928769394680177 65.6874717783415
2.0434307875860442 2.861388904325569 53.697009562210305
6.43966202260347 0.5685050705318124 20.48092806984337
-1.1295407302013336 -6.504562574229628 67.7792373146608
0.62112020487559 3.7021376654144027 -59.032606263393234
0.1852761026034152 -3.382111439583968 48.92825545954122
-6.846130910733106 -2.6389183107797693 -2.1203776472134837
-6.702577346049022 0.2616930587506101 47.143689000588786
-3.467557623886957 3.329587410192917 23.45248135532187
-2.992964061475139 0.11201525914525184 -95.97589899772719
-4.285941638666658 -1.5989241046318943 -81.89113321706571
-3.481191682368309 -6.450010784818724 86.8245246139559
5.769505789225452 3.1786241613451045 96.51863822124956
2.547612890513915 6.074657824816998 8.707085979982697
1.439110995460474 6.218842143259133 80.88666047339343
7.59758082892413 2.8384723521237007 54.34668162970867
6.175585543317629 -1.8668042015159991 88.57657927185797
5.531976974356394 -2.814837110700038 5.180356763464414
0.7489000151037306 -6.093937479051371 49.5928604095249
0.34999237226668667 -4.469813543640982 -29.565417628898576
0.2903806228344681 5.042367846004617 -43.182313913306686
-4.460577921490404 -4.298712656167926 -18.263834118409164
4.119363440873838 5.194063248067085 94.21610369153451
-1.6140565154301216 -6.539692650954414 -38.96730265592905
-2.2509260203087993 1.6707799722414736 9.518833635562835
-2.993294488292966 6.0179798341626745 -42.12569850490496
0.5282542179713122 6.271465466990128 62.684704311030806
-3.5207398859841175 -5.153923706664027 60.274310639455145
-2.208255306494773 0.4750179565310254 -63.18940268709781
2.575221042668883 0.06312857790122228 95.30261421924396
-8.028655197240159 0.5555364450736706 -31.202652161703483
-7.082898254045961 0.30355623247813257 -81.19695501039152
1.0152750644800228 -4.747477451029379 59.949993513498
-1.8775139144945798 -5.167001428924115 -92.121430584141
-3.3335316950176734 4.04695630616213 32.7164467820642
-2.2008638356784207 -4.620112710472498 52.299911402093684
6.819994805147293 -1.459299666207933 67.15718570449152
0.23386110645029357 -3.081978753058685 -68.6123055833808
0.24783062785631738 2.936625226992464 86.81539108911453
6.546488278735135 2.1230608440162597 -16.101092058313785
0.1899178941306 -6.680033170197374 -63.71754212449418
0.7008106389000197 -1.124700710569686 -29.52361216688666
-1.556455533577121 6.464535222189248 -9.097562106012601
-0.5161632472282035 0.9921184563549257 -19.078523247338946
6.037375857817455 5.823512455036156 86.91522853132824
2.5540716455828893 -5.95632250458478 13.280050016005887
-3.1135661749218957 -3.302352529261904 -43.48485506801874
2.919951836941421 6.049406729091507 -79.03765650476748
5.012554087794142 -3.3768743476813983 1.3760070763259404
3.6665962510425527 -5.069882729637757 83.94792587100932
-6.555053700203163 -0.6511468713962677 64.94759837103526
1.038767903843069 -6.184520025228948 90.00135439159355
5.990591925037309 -3.27184601183041 -18.40505571776946
-1.9374737638744308 -6.424528890634463 -50.7364070195703
-5.138061915220606 -4.5708442875861115 -84.23056131804802
-0.3959884972708208 2.2420575277053105 63.297564595191275
3.53708545877078 0.9361896340085307 99.66808172945105
-7.163519933291538 -2.9307459711022297 -5.335409557012254
-3.3081242257234256 0.6240348877741726 -90.92851585169184
-0.022097962114485857 1.463771655534468 -69.21183279248707
-6.0773092653041445 -3.359286700091261 64.56551855655397
8.370141911903907 0.4945085806249204 -24.556684848596937
-6.601968320295119 -1.8290477128963425 96.62336105226899
-2.9345111563977966 -6.0976523019066375 -70.19868180385558
-6.272977559690125 -2.535489122766061 82.54472559522625
-2.0169664341863296 6.314903649760653 2.83546045149151
5.557795036737298 -3.24823447649289 -94.57845460180991
-2.4104735331397777 5.657020172857382 54.550122428098106
2.2524157788922987 -1.2385973320603048 7.941852301094818
-3.1193488492438686 2.169014678532925 67.03238001699718
-1.8863935089290915 1.7359706824213836 88.28715332967028
3.5447376300578637 -5.7067280095054125 93.92012251928098
1.1962251035892189 -6.5242721356779505 -44.24266097134442
5.534163454235216 -3.84550419177208 74.43937366912357
4.1395593963023405 5.2894551439273165 99.90879702431417
5.1028275815752 -2.1367515159127137 55.56141962432917
-6.974716617675345 1.1849475856840406 -10.914389905749251
-5.674999071077794 2.3787833087265513 -34.71411927062237
2.0866853638139036 -1.800593005047203 -36.81052027859861
-3.375598397170144 3.9792258244505923 94.92099084519737
6.380285971886542 -1.5233219106724416 92.45659234610022
-4.479429001726906 -5.022978499172061 -0.702343409567423
5.380667673432353 -2.986512289763567 30.890997236651454
0.22281383536731833 0.7219806363224675 7.877184174048692
1.9827523587273879 -0.21284510290710687 22.779589401167144
-3.9294102361819876 -1.4396655252769093 70.39858388026829
6.924747330184304 -1.2597802445111446 97.22447873739992
-5.632400511435192 -3.5621881657855687 9.759530384089521
6.8396096125359795 -1.4526485315202058 75.35845562664815
6.269538729349612 -1.9823940431443208 -40.73197209633479
0.4772226903713712 -3.7265012875374612 -26.22890966053259
2.2227854270337266 6.025873195395965 15.77141787012493
-5.0399486842720975 -3.352744031628115 -29.19227815144724
0.5152195249361124 -6.584457039830252 -83.87338058826012
-3.00656441872112 -2.476553014160723 -91.11871085537025
0.5294894734161971 7.137938371486861 9.302331697630704
-1.1603082216322211 -0.618134742597509 69.92691914587715
2.235690022470958 -1.5833693844269483 37.98278018328079
-5.57535672944311 -1.7087230762347618 79.08758987328511
-3.9504802268170116 -5.359318386214058 65.65323823753609
2.1794555692230095 -7.300026465305142 -93.60260795605905
4.135662080907856 -5.76186462671138 -42.76811153782875
-1.6572838601760351 2.2235692138337853 -14.477949210924988
2.1112000520449064 6.49743164748951 -10.587089887054807
0.9438561963847321 -6.343507328628409 -10.934230391463995
-1.0854287665830158 -2.3464554831333277 81.0626942697002
2.349897838931217 -3.842289254328206 -16.84863420939242
1.1915489350906106 7.248196417479306 -58.51000090416473
0.9699291894998927 -7.122734187667465 30.202940567490426
0.9696623212106237 1.3649101205309546 -82.40632053574366
-6.5154219990139515 -1.800659401153196 71.94272323500707
1.1717279242446867 -6.428838207954576 96.500967973907
2.976344625602533 -0.062421678069422004 -58.627157477606346
-3.090182273124722 5.6021328364672165 -74.86717003963841
3.589662145420059 -0.5072555916522226 -27.83837935977659
5.42891665672295 4.165481045122585 73.68696687925761
4.2631570787267306 -5.870793250782254 -88.59518461120025
-0.9323163928126625 -3.6049924685484083 -58.793407458468
5.985472425074319 -3.6749864026311245 64.20659354040703
6.2035729277937 -2.4002156659695473 -53.443306921668544
-3.2583864759845915 -3.979976202403616 70.02195220327248
-4.267149003576531 -5.050371326743221 -60.46520717432115
-4.403252614283153 -5.0566464038685215 38.152993572689724
-2.063429539999353 -6.438546280552181 -55.034013815312775
-3.4589689888412147 2.323589102879925 -48.38764224883704
2.607977826050538 -6.0672576575101465 34.744156502544485
3.4275708698684197 -5.56627436590503 48.49907503417074
-3.1571220049714266 0.0708832970761338 17.27816467918018
3.9021221921006783 -2.7908990615426483 -90.48070224028484
2.58229314945265 4.738843228810064 -0.6495802095425528
3.145468529686796 -5.5808197621746585 80.05322949043986
1.567425197507965 -6.47902624230764 66.05605656351342
6.307700513042551 1.7953723358161886 -63.78161626075505
2.280963869613833 -3.852894925263214 45.83408272040702
0.4793637253471883 -6.673699113549351 6.357825469093105
6.484256320218041 -1.2887200883548706 7.856295916703114
6.696929593849454 -1.0278249984110766 0.3523830453599769
0.7874371353147719 6.752010899144343 -61.47358846864252
-5.5294689598416635 3.286419409695844 9.758969616568752
-1.4713188412143499 6.536550131538895 76.63459094407736
-0.2517549384568024 7.05623558373704 67.44090474746169
5.124292805078436 -4.20377352875573 -98.69442581287203
4.791226058396604 4.622346102323977 -30.676158391114743
1.6886214046528176 -1.0134044346720943 -49.070185526567904
0.9035406326897999 0.9857926232937264 -23.694050454882202
-4.3197847650575785 -1.1853720434150623 -35.37689414527905
2.1190863271653546 -6.280980864090975 -21.073096304127606
-4.6106265964443915 -3.3463864726002823 17.797482018542386
-0.2088708894485588 -6.407267836559265 0.5784124261096157
-0.7591599568974032 6.677963241939611 72.04213981986774
1.5255013910289121 -1.364922973723408 -96.42608624941079
-2.4592823064046425 -3.909611957043637 88.17654994544611
-0.8932555022989639 -3.264302175735801 -49.88004021344126
-0.2370994974427617 -0.19122830470296848 -58.58788015817116
5.698666998111495 2.602576009453974 82.96316234889683
-5.334740865894605 4.168654922065374 50.1517173126934
-6.266267296708861 0.7653592772308535 96.9716000363233
-3.899963540325141 5.454600371381509 -66.99622944580172
3.0566528574289937 -6.071725082970807 -1.02185122807864
-3.770783891272922 2.4293350701132765 47.45394023693184
0.23008056458830445 3.854141994350213 -16.378393041451773
4.944545325305982 -4.541602211873774 8.2101074759703
4.152409125055962 -0.2287086829369956 -94.32141715735845
-6.110828485999603 2.4502623391848575 -59.38189738430323
6.490481484529261 0.6959017590645269 89.58842926034642
6.193350710077395 2.9349736327081373 -25.934584698618522
-7.931759159777142 -2.2244621608742428 49.65945485862669
3.377508236736353 -1.0310241716547563 50.903354407616
-5.864843015034062 -0.8993539641845818 31.962225906390437
2.5395444949401353 -6.088565327546367 -71.1560287993146
0.08821641636850619 6.615769972051765 -70.3845418393893
3.464485573602187 -1.0182635023902722 -9.688687215601538
-4.863778414127241 4.807086849293915 -96.77275626384917
-3.1939018192187536 2.7238534419001623 -66.52314812065454
-6.570884891384798 -0.1016898012647497 -34.98841083996444
3.508687078565049 -5.714629359433194 62.361652532745175
-2.3664823445781464 4.560565202307197 -34.52529992805895
-3.9267401107211755 2.3899076681606006 63.02524872297622
-1.4713205215503151 -6.417726061029872 -17.299853794763617
-7.374800831732374 0.7093928195839699 12.516846901167746
-0.516669586136923 1.0636091038841256 -39.99803434247059
-3.9660945071064377 -5.2194722847222135 13.891750542518503
-5.369076645281025 4.27523233979592 21.431255271779538
3.3136746724417914 4.625244731302987 4.025599837413165
-4.771256734563033 -4.176663108404623 -89.3749521313065
6.132837022425727 -0.8646633296663019 -79.29435038502507
7.835636827582438 0.590535512595832 24.945002874701867
-0.5605427530928424 -6.7491080056854145 99.86954326943983
-6.419607039677173 -2.7110845710839286 99.91776095877188
-2.910444012188441 1.6377067504208243 -9.791840648636907
-1.6084532348315759 6.559469415138405 -13.272971028712636
-6.339051322933835 2.243752497344842 98.9641585938235
5.317450380794687 5.697300748650875 80.70248998383808
-4.608259153753727 2.813112944659136 -40.71839741909195
-0.7938422783765258 -3.6911364432782414 -40.289250678444695
-5.276162993726465 1.5474610670021938 -83.74881287369668
-3.3998749654326113 5.619159902638769 8.812397373124272
5.868701902952838 0.5408136951071838 27.561604842803135
-7.0469589864551025 3.12019792547366 0.9564906389125993
-4.730758782120529 4.443589941595709 88.09920271711755
-0.13106236519171877 6.467246159998754 12.329536103209502
-0.967266838628556 -6.436159350291587 23.011992592078563
2.9294514161647864 -5.591542070519165 -6.557419000309044
-2.7314342574862627 -5.579090667160999 32.14571292084474
0.14419628866430684 -6.785117105060537 -31.594079118604242
-4.620876312408279 -1.3887482649882357 -54.93256804915101
-6.275684589063177 -0.6737035007027846 -46.99273922597378
4.879565120570994 0.1421423770057659 -34.86195192528538
-2.745704353142993 -6.901916890163402 46.77182441231722
5.465827800812496 -3.51167607264666 44.29712554495634
-4.745792368117144 -4.252322906516931 -54.27732017582075
-5.910277554895328 0.330308510204299 27.79325529639191
1.6780406815759514 -3.144871976479179 53.21984804343695
-2.6424095212073992 -3.8847423542259207 2.2722995103213353
-1.6515526833863805 -6.070436756832054 -20.761528166750423
2.6175236671601394 5.144273259344928 83.5162187802459
-3.649970991760041 7.243009707709154 60.52755858351844
-6.741917951196706 3.3278687264766043 79.67322976824309
-5.956902764030487 1.9434343359233979 87.49739554188487
-4.263022407076325 5.858361360678461 79.31142114339471
-1.122271128250979 -6.7046439074226996 -58.11132026266454
6.673851611277591 -1.0122779971028175 -37.35281547734777
-0.6730013247661444 6.617586401435089 -51.017978243774834
-6.014256956486691 -1.8462102912213638 93.35151085293118
-1.1726271460164799 -7.583212386553747 76.89219863566402
-2.608102035132383 -3.1454685927990105 93.28234087634678
-4.005850373611269 5.18608173998044 -32.14723796055885
-1.5917878183523226 -6.50355200441696 8.476201850246053
0.3230051293489811 -3.228695499638092 -0.6375184096278724
0.167775497476496 6.65490828995311 87.96401048658221
4.185605004592863 4.910561921993814 -88.62210516677634
-4.5873291256524915 -4.832985240995655 -67.95814389400631
-0.40187048012249127 0.047418130089035726 -85.0127239207281
0.026605956422694144 -6.586136421269154 81.87428338072513
-0.4839898660687172 -6.397657046854363 93.10864235256888
-2.699940313817134 1.3666506314033153 -81.6783331996951
6.127398424903905 -1.9382318733501833 -28.882966808564987
-0.9668166913098835 1.2793294515175613 -50.207739167573436
-6.774158309082205 -0.1815543852377508 -96.36615976701026
2.703660322621922 -4.602336688794177 -65.60993361346299
-4.371470170025749 -5.052326082483657 -36.69428960574987
2.3124129306399452 -0.14234336286041874 -32.43528501654019
-4.9538741240013096 0.7665763926662273 57.27365501483219
-3.5491424566040735 3.036215139628193 -3.588783948923075
6.364863616382273 -1.0631821349663342 -22.452291540170506
-0.5872931991030257 4.684788561246599 -24.26156378813549
-4.995930293168477 -3.1296624623270506 -97.34273069901485
3.6122695599492864 1.698321051226591 -0.5969868962165765
-0.41046190869365795 0.44384507376118765 40.94362442612262
-0.9325209114009341 5.921884451039509 -47.38100671030689
-6.421350534922841 1.0212104431140228 67.98444051666529
-2.4746593681373543 -6.104076938961117 49.79876442112513
-1.5310782335288724 5.454571211552128 58.162713840318744
5.676517394647514 2.469398564835704 -87.13427276084778
-3.625890984231093 2.534113882027467 -94.00375393065782
-5.205054971328824 3.5490111479779034 -91.32422430916343
-1.392249358982115 6.52014057070512 -55.23812817791804
4.90467089339472 4.717422980180716 22.528237507778208
3.145808601586265 3.1763881426277862 -95.18317581754079
-4.199545878844686 0.9538687913116396 93.32915381049838
-4.819047204752912 -0.35528525782638193 -74.63768403014038
6.786468954934177 -0.6235381283830161 4.0290264703321945
2.545890061347655 -6.921282157602783 44.447345372220305
4.788320756912991 3.3736477475611406 -47.16760324078232
-4.810393587166648 -5.445063895077361 77.71020200301295
0.977316049111736 -4.139663144223344 4.919130050526433
3.0137015514085976 -5.902540254186444 -33.01475229104128
4.522695685695753 5.183771228812663 -38.56081029552284
2.925729070455062 0.6742964082807441 -20.212254768402172
6.497257467698179 -0.19951475945930938 -55.9273696790721
-6.583732909448421 -3.001205649312668 19.350507415957715
-1.4564407198380798 6.22638903217647 30.14463982499627
-0.36872493226560554 4.13991298412259 21.866121413569086
3.990078530212056 -0.003580956124010909 4.909130139742346
-3.3767670216239694 5.251229061368837 -59.41817234225613
5.721996710429466 -2.573792200477647 70.01250361229178
-6.136557752962269 0.4317241110862807 -5.7379725305274505
2.8685632971014874 -6.09067795692615 -47.941637431458275
-6.912618097141635 0.4590067984337339 15.541085554910282
-1.7966022348022561 0.8674680375556195 -43.63116333998331
-0.6315792677423698 2.2337404425830303 38.083917687157246
0.5466695345327036 -7.486938611404996 54.14128549495653
-5.934460451462571 -2.5910032726416796 23.610954521466848
2.609354450692522 -0.05866728621698747 73.52283891061315
-0.33987891651152907 -4.415301046343564 -86.87761408177721
-0.6635640988125443 -1.6135021362355317 9.46346446624505
0.4779817460998391 -3.8004625906176903 42.96013200368985
1.857521294784675 -7.168631082442063 49.2092907434995
-6.166940258651229 -2.9294934939802673 -49.888405306374956
5.862801352917563 4.889123887326434 15.60187070904886
-6.265017249130922 -1.319136901459495 41.97747826579889
