0.15248917833175632 1.06451027016185 -40.43332124583298
0.3779714744967453 -1.2949975511293321 -85.18586882733887
-6.172846380077904 -2.628087297657166 96.82368008645166
2.0338751352110926 5.878479077284916 -4.999031757001457
3.518772304832651 -4.38065518200583 26.57760786378662
3.7600672403089805 -5.554433949466506 47.48725909392883
4.304626101641691 -5.046536200284506 50.509434201049366
-0.6599055061764258 -4.183559697152033 -93.06495700302979
6.570633459433576 1.3647591526013065 46.381075254577446
0.358906139135008 3.0257132517002634 89.90041245659663
-6.592043075577534 0.08494493295674098 -9.453758968377008
-5.246957058076078 4.038326881046196 -40.82370565796875
5.086925713167851 -4.115289254196991 -28.496209572344448
5.84343305328791 2.429366446153835 86.50740102205678
1.7225450867589671 6.50600407610974 70.84335050154405
-2.2350148539543415 3.7645161267075222 95.42959872315411
6.148683011390568 1.766483611291584 37.02840717849335
-5.284198903623656 2.971206952399008 14.182072487085403
-5.228979755552062 -3.8832564146911346 72.92140383349269
5.44151288137401 -1.1492403624835994 -74.50983166732269
-4.35022890148211 4.57788795952453 73.08773916698716
-3.1560180291726487 -1.7575980044567057 -90.57137577674935
6.260008251495373 -0.8240316428101039 78.74700886751559
6.162344334678606 1.3158784644322097 99.25539621457851
-0.6887171152302786 -6.638329455811473 22.632797014830786
-0.018494130278625287 -6.181601285554824 -72.85451856900279
-0.6332205048605707 6.27781259966811 78.97850186029595
0.10429987474883351 3.9385624705330464 0.5983632948449127
5.594439484670043 3.1458417641680896 9.26402335431538
5.658891510979839 3.7973740769532087 -1.3506214042051479
3.389960549716267 5.75665387692846 -55.221002405069335
-1.6345543122773711 -3.9328077736629488 94.12409217364149
-1.8693024509006577 6.150982220151373 -90.39721827855656
4.833777208992559 4.3789987454635435 -88.1229937720032
-1.3286552275605932 6.580164737224622 28.716322899729633
-3.4288977227106137 5.937435863759716 42.14032112704559
5.398716175382629 3.388320644636843 -54.27692308703774
-0.10846198204524121 0.45528104568434824 -32.02652733253895
-6.506049551673425 -0.02561778897290401 -23.32956431422042
4.793805261929762 -4.556370582731033 -24.575827903476895
5.162512616518807 4.496535923471007 -41.683009089596105
-3.8194003011891353 4.6021388790532365 -48.51204866547075
6.377741482028516 -0.33371191557558466 34.35669914009213
-4.811504861709886 -4.242374583159776 -31.55810055093977
-2.7342084999808165 -2.346028345358669 73.88272671817683
-5.9883071028645505 -3.5890492289979044 28.25453838259504
5.37104878200677 1.6439952375323152 -51.208410351552544
-5.545974031378139 1.8025534038813098 -54.38973062529381
6.169835577454701 1.5857423022110984 -64.05353096952506
2.406508174068659 2.1054762421876965 29.649854686009665
5.717035975813576 1.4115159001062492 -71.87468268842892
-4.440396188553769 4.6333840787804235 -44.43106328760454
-2.9484529406399447 -5.565241607282223 -13.57187252869318
-6.177050916270345 2.8765237486396 -68.29010681893512
-1.3309417208697143 6.286246482283245 86.44297316657074
-5.122397183787857 4.410168007454323 65.43257332797921
4.059490992059814 -0.004822730286941038 -41.25214944052786
-2.388300763456995 -6.221588319434585 -83.82180601174312
-3.3559945409876164 0.6090798925826866 65.03471323065348
3.44188200011108 1.6574522563325453 84.34921878274996
0.710792787474192 3.2130070416458465 -97.25087963071786
1.1747729327269976 -6.068735461257236 -43.13713294932802
3.720776009778537 -1.6629934901974082 -21.614283148887953
6.07425561177556 2.232054756785508 -32.20063853784597
4.1423489607839015 -0.5551360068054391 -15.764696203482398
5.336062004089766 -4.055344003163967 -58.54386541487652
4.27345154263446 5.037637697254645 -68.53312991118212
1.1183843303733645 3.5506476010160726 -91.45606211400569
1.4424244304067335 6.331642576698667 -81.1065334901321
-3.7317685325941325 -4.373140914264497 5.863670922978714
-6.305156176127922 -1.5006664094325102 56.0112299456398
4.581996464563409 -4.479515706298365 -36.04437713908507
4.7076841190147025 -4.363519114525511 16.609026518512906
-2.664952313833402 -5.967595230500608 -33.341678363650125
-6.383591310394698 1.4278246326260482 41.18899306472003
-0.448726290553072 -3.762828867212584 -65.35064947471052
3.3290634596738484 5.910119363449767 48.70037106028525
-0.27541908375124313 0.15223478211022412 18.220781123609004
-1.3437300944326287 -6.547560784655221 -0.9323437114820768
4.885609467966955 0.2132831758178645 41.823772244634476
-3.5419393505527874 0.7743303150557195 7.371670487571653
4.642840770921998 -4.379703833559089 -13.245358083685444
-4.040568284501513 2.3483790493678245 86.51019642122502
-4.565386153098549 4.670231695701532 68.92509936180439
-6.1091420842808875 -2.5386301017541997 -78.62733756127982
4.305044618724067 3.430687715135972 72.30121323535391
3.792131832820526 3.994439217480065 45.95452305962286
0.02721151247848034 -6.625048070553199 13.01576935427932
4.234332403113078 -5.041793032738033 -96.72008857742196
6.1963388360952605 2.478282094339349 65.24063018723591
4.3359269897873665 -5.022399983470091 57.703788589907084
5.416423657255864 3.810814019686512 -83.10469128860045
-5.965973348975434 -1.1488336159178085 11.471991536529146
4.719241311727932 -4.583514926135378 -66.56391437643106
-3.8430966316139923 0.005374709197086713 55.65802845694661
-4.564905717565642 -4.160515588769104 -23.9434093095826
-4.19584016742922 -0.4128723528581988 -82.87477490450502
-4.281757806493185 5.151621237281563 -14.532586637086858
-1.7405804667444387 -6.218025501241439 35.82457391764782
6.701214439993962 1.1649862512662865 1.570928517094177
-0.05254657066430912 2.6870382504216774 83.67672200172579
6.243474461776832 2.168711635581166 4.7649981267068044
-3.2578938008108307 1.5849645266367693 -67.93518749717948
-3.2461916932801587 -5.834980077588479 14.2469446762827
-6.038161634229907 -1.8730756422792265 36.93576214657783
4.307208243180389 -4.993647096459516 40.702655830727416
-2.1484352355534373 6.168223839828551 20.966686061927128
-5.766750002836686 -3.3115825573861817 -93.16680731337223
-0.6670365878062428 -2.381656813381613 -68.5287691196982
2.7500802624467724 -6.075835549032909 55.43495060056951
1.8839375551216895 1.8353848880284338 -0.16722769437057639
-1.7830365016503964 3.242276095079672 9.021550828878855
1.4210277849514645 -2.8440895393780847 62.933421581586316
-0.4845189140294337 6.432560329963643 95.16233045740644
3.010749951585553 -6.014233814949295 -52.802589533183124
5.770124216875537 2.948168049471459 92.78851111757248
4.700241994437297 -4.692432289956006 -63.11342685050305
-3.107732321498428 -5.862759949318788 43.36541139174073
-5.123824689327799 3.7525071801753516 -36.21837534309145
-3.1981606099662394 4.345224413349396 -86.0590480532586
6.414796130058395 -1.7848037067994085 14.469763340135437
-2.5689656669997687 -5.098627504383602 2.898559153625544
-2.640796280853838 -1.0650026646114825 93.14512567661224
6.3794692903875845 -1.3724601817905706 -77.51217313580764
-6.30704234501107 0.8640334399470745 -78.59809276943531
-1.642180672836648 6.079234490419441 49.71255367890419
-5.552293732118723 3.704638642974318 28.986452682214633
4.836351530510195 2.334583768122146 54.635116325643246
6.687316952256615 -0.2734599849381797 8.39841009440019
-6.355819324378383 -1.1348839249460234 -26.296316964235025
3.982899408475209 4.962289521307882 11.642736644915
-6.574106850571768 0.8854774043819379 24.07166460029536
5.1369314829698265 -3.6704629370410164 86.04334992727217
-3.1461084669598582 -2.2024660404068435 44.05519651262773
4.36868398694702 4.414319432163589 26.21752325298352
-3.953240099926377 -5.46686263313862 -66.57036004649137
-4.108908269850813 4.533673691398647 47.35229439658036
2.875089706149895 5.836081822104984 -30.158842742966943
-1.276986628275713 -5.630456996745065 73.74955839165006
-6.378297256654277 1.5617349040682404 -51.21209925555469
6.490805221307019 -1.3725126296017753 -37.50621513518462
-2.575953062249786 6.110092979943417 54.82458379643948
-1.4760370008797306 6.598763877542523 -78.68828901536365
-2.8412626137397536 -5.09898075300741 -78.29084921631697
3.3076308237318957 4.8962717015650945 -64.95716547344404
-6.338511586890194 -1.7345941758070156 51.21708317366307
6.357318340061814 -0.019026967964973496 11.910777434136218
-5.902232954538424 2.4992923244488727 -64.31617982609171
-0.5444892417451446 6.360693696484019 -55.225672363810894
-3.7161990106032845 5.6368367968043405 -94.43496359997518
2.071641525904004 5.630480294459157 89.34509986280932
-5.967363533920543 2.2564273067790412 11.419223644526213
2.370547947820509 5.783985978759985 36.865271303084434
-5.281253769458661 3.8226516990981168 1.4408637427501465
-2.6424461719953967 2.359778414874955 99.88673783047281
6.174178724735616 0.380949817956132 -2.498907197072163
5.49657511847378 -1.7112597088814885 -64.81484832761743
2.1735297743912443 -6.472844481510613 3.527133263538419
4.241103703638735 -1.2899360890099851 9.485030785806266
-5.513778198259238 3.4759425101357735 24.012739068797334
-5.556027739089057 -4.260309424444804 -59.214288224868646
-5.393885784966967 -2.3799506897940046 84.91248761079979
-3.521145976984959 5.610070174141869 38.963793525311026
3.6514086263302357 3.4967459349442787 41.183142935744854
6.409222122732109 -1.3553563775819097 62.899398888796995
0.02460421808512911 6.5948247618515365 -0.1027328730813136
-6.091750656973623 -1.4917026808996696 33.796164498838664
-1.2955247518961734 1.947801019501777 23.091464706643833
0.5288693733181582 -0.5218835396468124 54.44915373198471
-2.6486808052788433 -6.022492583953927 80.18761664571184
2.2836389576152603 -0.6600934030642227 -26.923731807124952
-1.6926816667744178 1.6077785920966499 -54.80999799914385
5.623688026315581 -2.9247695942815377 -7.76092947349263
-4.333090429827455 -5.0200769907806055 -62.37749039686096
-1.9898086073934713 -6.397858589444978 -99.15082081232376
-0.981828054649437 -6.511305396219208 -94.73894244150495
2.6089669816105765 -2.3197530518251064 40.94836359447984
-1.9996907549333391 -2.187165748605028 -19.401458213884588
-5.371125842945335 -4.14966202110404 -9.159279517453275
-4.7627303145705016 4.217702305627918 -27.55296605844708
3.039541911356134 -2.277595690196836 58.2214213202578
3.9512105308892327 5.534808638625811 -44.03298470967969
-6.615994607544062 0.4169200944147105 59.99321916228296
-0.2740709214161645 -6.474641370351104 -76.3453291795292
-5.550028078123671 3.9617440353449482 83.92426685689044
-1.9626513731764696 5.665975381967316 83.16093888155089
-4.9562146000161835 3.6671406083313567 91.31676756386673
-6.32286522655349 -0.6444288199348671 71.96413983424816
-4.417186994352293 -1.6641186416933766 -34.34037123805404
4.961144111745872 4.37418530036393 -61.36110605978745
2.792650883992755 5.785074855269158 60.49972419297456
2.369823709408325 5.883165643650164 -27.133367686472933
-3.9616785184754204 -5.196061161021407 54.327834762192175
0.09986674701734746 -6.386693353445609 -67.73072956074665
6.20144975284057 2.7755524137282865 43.48606187553615
-0.7384151407335509 6.230085677859406 -75.88937902668505
3.888838498044012 5.671308936546586 31.79155360212642
-6.457692121188259 -0.4006464902291336 67.77532188200907
0.9240508778660129 5.593676023800727 74.41925805544344
-0.6047756004499403 6.5804243752368965 45.71821617060729
-6.121313631870115 1.7355210293148249 -88.01239055982172
5.432666354824456 3.489082438599035 -78.82920704415996
-0.5800272275783184 2.7124618775302163 -84.27173033191963
3.9104297113065534 -5.402649157793928 -87.42820760278215
-6.425677148912664 2.4062960066305465 19.447995105813604
-2.289512510323918 -1.736104720312787 62.222501721685205
3.4377025720860632 5.6913647482236405 6.814160327601984
-6.61791035457959 -1.9521222537688274 -86.05876934415595
-3.4138062786127508 3.94543830604299 -79.90195228846171
-5.83583680045824 -2.657016328298189 64.51364009365116
-2.5672277395894794 -2.2367149836693194 56.970220309953085
2.450069169425451 -3.409773847663117 18.6908393318904
-1.4383889042908975 -6.5209134636744865 67.8939375028084
3.1277930093356883 2.186617596447116 -63.48155286380464
3.7680889813747225 5.426462812756514 56.93194647570383
-5.361718979488186 -2.807846935728287 -4.026813924286108
-5.742835430026637 3.350146935244397 44.94450349751952
3.752843019550712 -0.3144507717977705 22.74692623529251
-1.462544659931619 -0.8319130599601858 -93.6947552357876
-4.873874332198381 -3.8008817378445734 -83.07985916397708
-1.1671613232106546 -6.437773078297936 84.06503635822862
6.0400931587199125 1.5129849598917293 95.81376497130424
1.7323335148144492 5.86555706181358 9.702459371048578
3.3057804562443485 -0.5032487567421017 80.40496594932306
6.568581846980997 -1.5749712334125923 59.84249702700846
6.150627117246423 -1.7754014083756293 88.85930307763597
4.590554929638761 -4.551149934590821 4.869855390842092
0.4310968715613006 -3.1860689457395326 48.44443983520946
-1.3555970036497822 -3.405478937716609 -27.380472104631398
0.23741623326519223 6.254947093691467 -44.32875457270891
-2.5335350637691443 -5.716782559541925 -21.206315413315373
2.7955136606930377 4.851713852310178 93.1069566254942
3.042364565151054 -5.414271122195054 -40.28846302981663
-4.705434273383888 -2.634387198326538 2.6806413027010394
1.6181471566054335 6.426952064624429 -41.73286181058058
1.844468350583138 6.127848764464306 63.7369503928845
0.38206753358431766 -6.525961504665273 62.35940913993821
-6.4474232605257695 -0.035857528532980826 -66.7538416351984
3.172528210525397 -1.0513369725671755 88.60096758643799
-6.656616501563166 -0.161513742623528 -31.14958533703515
-6.725009816592168 -1.0927914409886466 -81.25643293017272
0.17878544011796443 -4.019674597798806 55.39150972173826
-0.034540999230509906 -6.700039832786081 -90.8334301892943
-5.141584340095854 4.090564032168441 32.91616372215278
-1.3929228238723683 -4.250672439454762 51.11469840575431
6.916081319664253 -0.6260127746738993 65.75630689886042
4.195441122488407 4.6568408706349915 -71.89355614904159
-3.7528134507137936 -2.095899447279173 87.71426726244123
5.945818216918298 3.0474767666976996 -15.840790879536241
0.13443886370905256 -5.980551392246424 -60.808950410846194
-1.8607857364739424 6.137102091096367 -28.89749053943019
-3.955559366426472 5.257454208184182 -1.5159212405584648
-3.6245949514150273 5.544877692769804 -21.622342284939975
4.765381276116768 4.442821543569498 88.72409837614562
3.108382395688144 -5.888918379989103 14.46283291374516
-6.513379165335745 -0.7354292038514911 -44.1145255221706
-1.5702382365519068 6.717522590484687 -81.69777501533311
4.998645039550018 -4.310807587603597 0.04327732566849274
2.572945203633696 -5.748745542689769 83.52248831137123
-6.3467223294296815 1.1734520676302034 64.20086425143421
1.370309743059484 -6.350716165531422 88.09331270395322
6.757480042033315 0.5719699516669434 -20.527904951671058
-1.5660167009172297 -6.51389041683873 -49.96605531024845
-5.105932112140708 -4.479953945286768 -86.44553466649155
1.6144831061320652 0.6984761403985226 65.98085988187383
0.8461207039063514 2.459536968219502 98.02599073185539
-6.563147171063566 -0.6787353800783734 -12.562817179533074
-3.243089257055085 -4.674048802346314 -89.14342155292367
-3.8988171449228277 -4.954350469025001 -75.085570921355
-5.201848821054087 -4.062645155436105 57.989834683646734
6.673329276378573 -0.38018687249308714 -23.465686685994292
-6.094892736676905 2.5679679860057165 95.17216238144762
2.775642460320502 -5.510560757624403 -71.32843694408267
-5.029492327152616 -4.061080198297813 80.31184139742757
-3.272716046515848 5.494626627214545 3.348288559109097
5.964022757998744 -2.463274992473812 -95.60904800082987
2.5299710800909976 5.760357291222718 53.77080333214048
-0.6273280481945742 -0.004634299810970896 8.663424114675308
2.8487208556970995 5.3624811050465215 68.43315449510352
-1.3706757608061169 0.028252008748734597 88.26263527015062
5.390575510155316 -1.5805100826497258 94.18266541606333
6.366338323550731 -2.1619923439522815 -42.4013107862901
-3.126177837737584 -5.946943265526269 70.9949179539904
4.77329118726214 4.599563177294927 99.19335329754395
2.6622801717200195 -2.988065110398615 53.49085079590392
-5.432131190004055 3.5191970437960567 -10.778307982633313
-5.5003367182020595 2.024254278406553 -33.09613496680147
5.997424418260795 1.7918273744599948 -48.112223609359866
0.596725429922921 6.097880067294541 -99.919074771351
5.283471889904873 -3.744770737404228 91.66311947103314
-4.04346539997438 -5.066648464380836 -2.8090374892432184
1.60295999890044 -6.068631128264018 32.73550236306389
-0.8153640892832206 1.5592093162190321 3.9847244203209056
-2.6660815274106944 -3.4083980349194425 24.02865131168277
-3.871662358651776 -2.80531983875238 70.24161579014849
5.047163295892223 -2.009017713604661 98.29755597661786
-3.338719052075062 -4.129347812873873 11.388686317394852
5.834695112590489 2.781823342849877 75.6266052288474
6.567263985601892 1.2046489336733144 -43.07668857384779
-2.087648772029919 2.4150785788574196 -30.40748232568366
-1.795960269922441 -2.4439317447667417 16.037712295230687
-6.040732655002197 -2.9950750960899866 -28.773223950963907
4.320887369144008 -3.9706898603577585 -80.89890069649744
3.0641620544366672 -1.1097006058462513 -90.11761184068011
-1.3604971504661785 6.635380764004223 9.385275067117455
-1.1897425321617032 1.9803309795056094 66.6527348493591
5.031038144236643 -2.495391467024403 32.784202707053
-6.320121603557463 2.1255984116111866 73.67146230454786
-4.566750698014275 -4.709762113480473 66.52942058267665
2.4828971102060393 -6.208828050547851 -94.11321390182547
6.088508367191603 -2.120513048860122 -46.34295961985108
5.961291866891658 -2.8335066504104263 -10.994616930575368
5.10842204357631 4.225563711011362 -10.212444938360703
-1.3951870570767404 -6.041255483707304 -8.61103613975682
5.673006554449878 -2.2777145415757776 75.11408952451765
1.2372605783140598 -6.5944246457621745 -18.10888364136851
1.4326582783225925 6.045505389767669 -58.67013320713058
0.9759205177923018 -6.778427092099367 27.603626026813714
6.371009309754642 -1.0047721938706529 -84.57193646103107
-5.989504975593132 -1.0361891697082544 75.00673531337186
-0.004074648528964012 -6.8161279235660865 95.59099045634491
1.1606651957740526 3.090411163637254 -56.894519171941845
-3.128003719012158 4.376381049875508 -73.90853436841888
1.3198824733959398 -1.738113237933199 -30.474317845572305
1.2929838277943835 3.175858260911536 69.06461027404823
2.9096996763203364 -5.792399367042785 -90.65006480378652
-3.0798286893688296 -4.390218677252736 -57.73259646885113
5.510890337504937 -3.434046606739417 65.9676348026696
6.351852143963262 -1.7348898339580379 -52.97665230057609
4.441235812464184 -5.03964274620788 73.46174638562306
-1.7223770521018462 2.0415973606273345 -63.48032062854025
-5.331700216120425 -3.002736961218234 41.324752278179616
-2.7772381328103357 -6.006850998069871 -54.92738714698047
-0.2590262460148858 1.747969232620726 -46.396984614796274
-1.554545542512826 -6.300732033354876 32.173995168582536
0.4307420357360651 -6.916775154487917 43.07866179693013
-3.2880145827947107 -0.8115799475832283 19.5152555270828
5.321168097141772 -4.0705408271538825 -91.5991424552648
3.1042707262806584 5.747792233264714 -1.0938532046008977
2.8978655755726974 -5.990335106461773 80.39815092731429
1.4656723837191652 -6.276390412790274 66.5845637034006
6.146914187302281 1.2835093711978047 -67.73792049370637
3.3905742414819984 -2.1328608624499648 47.44727852761225
2.475449179840771 -5.367394388284838 7.412692953954663
5.240399818391169 -3.9349934340183776 10.25930924065311
6.369879917173337 -1.6358652019530115 -0.03689872908359419
0.42073177426125064 6.526858686657313 -63.232492541022935
-1.87729293971126 6.46742509249415 14.699441263443711
-2.1786218407531686 6.3973259930781765 74.74374053846668
-0.4463639226451511 6.796091589123163 66.75950362188247
4.974732640431879 -4.671525444726546 -99.89587948924027
3.273662494116129 1.220829013498078 -29.85207490961904
3.3932639063292864 -1.700652868030264 -52.26594593996996
2.616193620115481 1.7517155318034128 -23.526613970800348
-1.0543646174494008 -5.641092377461906 -36.57317458202269
3.349583182670116 -5.807472971605926 -20.59196271035988
-5.440681870357261 -3.959290777110886 18.579386473039836
3.755624388049035 -5.609376749404019 -2.326388890379926
-1.4915671196234959 6.382020293258622 71.58575014918769
-1.6202006564737457 -1.4943689916400684 97.09236606988803
1.253914308545121 -6.63084048901826 91.84263298320471
3.366850860008827 0.08906270164480298 -58.36882827116378
-4.659584813716191 4.483246328400679 -52.000763697655394
5.393992804546032 -0.46212211511105894 84.93339363386481
-3.706958179656862 3.241966769679941 52.80547842015883
-4.362256014443491 0.6069835822969321 97.28367622121417
-4.340770966076777 4.458319472512471 -66.46427107453772
5.938525168771128 -2.9566404749976667 -4.306249941911479
1.0301009328500546 -0.18518686560225506 45.404913384439006
-4.424021259064389 2.6886248068928174 -20.59802012130467
2.3305822047518103 -5.087692876614817 11.683558564843244
6.838783781111888 0.46003637480156945 -89.67054139068267
-6.016259810057218 0.411686917499244 -58.82132301359918
6.649443961952956 1.2581925810205283 90.23772679760432
6.052928562342749 2.222851800598749 -25.13959442023882
-6.117890634069349 2.0378487340021745 50.73694650190225
5.692248207753044 -3.077072708974562 54.82183099338419
-6.635903646818743 0.2789672237481204 30.83976736990328
5.232353667504892 -4.045811690029103 -71.99609872400453
0.7380167824984404 6.7711825232036436 -71.7039360437947
0.5525917754608524 -6.720414949577889 -15.00354861473433
0.5970782003704044 6.766841403942586 -92.60578054756037
-1.4152357148969748 0.92269112927072 -71.9951906735027
-6.399509350994188 0.40421422332244816 -35.71823604675922
3.957317498028491 -5.396386787260342 62.03197374784191
-2.254454215616948 6.298965684756065 -35.38874799413187
-3.329022911535322 5.9346286798735965 60.598371135922115
-5.291237410955979 -3.8372556107102365 -14.622127665515839
-5.667312127417135 -2.9575627132658306 9.187796785036202
-4.927677390206444 -2.4850464946106365 -39.282431175010245
-5.558730959273629 -3.7229324528941854 13.851755523137253
-4.482061464677648 4.168960156624184 21.04066720848063
4.27361853900649 5.185528254585071 4.3444227487772755
-5.339011390211985 -0.9114296233380514 -89.05866036643836
6.823405125181167 -0.8973119357575717 -81.89485764347376
4.928023142440546 -3.618851894114317 21.239603444045724
1.4423180179339834 -5.953851362388542 -97.940729740109
-6.991561661224812 -0.059635105828108825 95.38586023430159
-1.0983549811018685 3.011600997592394 -10.864900242146355
0.39340836540384694 6.757361533126456 -9.33995800146199
-6.140799032475714 2.0487988466625953 -98.92769946396457
6.536056244764971 1.5323925793916722 81.65484701373919
-6.667288192955122 -0.14722867984453597 -40.760954700719296
3.04207338377093 -1.7468472544361497 -35.46784879204896
-6.335506974539729 1.200223352847875 -85.03380521131476
-3.4983347573957593 5.6075268073056055 6.712201369498737
6.3440554221798635 1.8734579564446467 29.468504536306693
-6.157569794034436 2.550924102262696 5.896096358726388
-2.804980267939169 5.625723619934022 89.56194718215767
0.3478236591714734 6.34698842924018 17.425440263206298
-3.8315980942304044 -5.174374150188173 29.415902985037672
-0.49389046358299155 -6.6409988205523875 -5.132930543603925
-2.9617664689350547 -1.972245087903541 31.678746758038262
-4.0218215096638 -5.366879303619258 -26.824850436611666
-4.9468928015802245 2.809148626472975 -57.312876588664956
-6.7612225474200525 -1.1846387233827809 -47.11043088484043
3.4065186613939558 0.489244511233353 -32.855003790183886
-2.3207144461573184 -5.616041168491283 47.07006562960674
5.755869053760241 -2.414759594000269 44.172381683571444
-1.7407193542558872 3.058645484122236 -51.405432624198376
-6.69738333200005 0.6265876508919954 27.11162039819264
-2.5049569564254504 -0.32307248868443406 52.70319858224876
-1.8659002148917172 -6.515099979332107 7.057174641490855
1.4115883250017287 -6.558763564270288 -23.120455725042476
4.877762066856505 4.9350658079246115 84.54948548565527
-0.835908507602088 6.187987084665898 62.73023757562533
-6.792311681992013 0.3974636558984772 78.72298366551958
-6.415047426327558 1.5527392343657969 81.6580001098739
-4.452290400572902 5.174818162033744 79.28348688530149
3.0079121055382294 -5.790266650708941 -58.157707664500634
6.631359983237033 1.1127793451807038 -35.44135621538413
-0.057767022548400826 6.419924641716675 -51.54491683396904
-6.478083197473058 -1.481651588766098 89.55349177055342
2.7566599614450418 -3.5997750960387993 77.33991088825142
-4.647824732349068 -4.529103245370838 89.4160948545103
-5.250822283860939 4.278281821276591 -30.464888132364113
-1.419555696430605 -6.4306146374721465 10.086250000027475
4.007988805526414 -2.5808748636851466 2.654028797500935
1.9164032796304518 6.247604780191823 86.22682318143505
6.257481016338829 2.151069764765496 -92.75097092972037
-4.900400896711993 -3.64622700198798 -68.92246322203904
1.3454033641828274 -6.077783481545049 -83.31232108858468
0.13884924772824764 -5.443225586489297 81.80141918908491
-3.041513355301062 -5.993035414134135 92.0959070458743
-2.87678780635275 -0.7322598701013054 -78.38976724428332
5.078176086500484 -0.8837480300772492 -30.947550394916885
2.26781011410566 3.95730740574178 -47.613267421843155
-6.620180126685419 -1.278994988375671 -97.94917584916031
1.8649283585323142 -6.078025138879896 -64.97881052799607
-4.33318297454468 -4.941075208325891 -36.0765488825516
4.48334389761331 4.649785641469809 -33.43219433910138
-6.099694680584241 2.930020411544012 57.34972746558223
-6.583673782252264 1.0027077164262388 -0.2668409739398885
5.711367869405698 2.9883309131264246 -28.168108191720986
0.3946904649475857 4.307506650120987 -22.892322416173112
-5.669954291046327 -3.8002195517239636 -99.40743230167364
2.7657053912877343 -3.048652038862014 -5.233062409243236
1.0190223065053174 -4.254858254619478 35.483066410141134
-0.9726163528210136 5.672626809084755 -47.59546498856801
-6.102449109825267 2.1270304316855317 70.35891015887601
-4.9034220431404245 -4.627728903817316 48.26695310176257
-0.18835552268289468 6.699448720103177 56.865996688355665
2.9852947538262224 5.855316396193761 -85.59839563636781
-3.593830868469563 -3.1113096883431437 -97.27952633842357
-4.9610993331869775 4.2453047440594105 -88.31959635267185
-2.8906931445842754 4.504550205684447 -58.38714237723573
5.789900573475429 0.5602424482568588 24.749773097759842
6.160403858425569 1.4708105832248997 -96.25075732389568
2.059591065549241 -3.945179820136302 95.94760206567929
-4.783768450512084 -1.0619570528269229 -73.24534067093695
4.017750183587867 -0.23097065164742941 6.113385286198795
3.054072978073733 -5.741231899032627 44.448757912631834
4.313969980769411 4.303858285978514 -49.929920843563686
-4.197112981588675 -4.81510358803359 77.2360284875202
-0.7262614848600341 -2.289423204646143 4.273358571755726
4.088745884058951 -4.838196706645207 -32.70727758202122
6.1872371325241176 1.8081152958599074 -39.414048392065965
1.9735292996337839 6.214188220750188 -15.764940082197562
5.795103118872869 2.548584121552098 -57.10659345547319
-5.6773833696937475 -0.047290457011863185 21.475191077894507
-2.8409254114207 6.059086626721991 31.214301506727644
2.2652886573940485 6.296936659725203 27.953843573033296
-2.5125120964884373 -3.5761302815437888 -0.4747783700490341
-2.755788086399555 5.899013899312314 -63.08945094848573
6.663973674256299 -0.4205735193937311 71.01435603831031
-6.846382508777931 0.2928699310870766 -3.406833541485127
0.20794068167654767 -3.1712526882261325 -48.5520787877179
-6.777537640182929 -1.1357275848078872 15.177819681737924
-4.060479608972826 -4.398094379459657 -41.94700596289416
-2.233136454504598 1.704228877669212 37.09970958887052
-0.1829173577004922 -6.613820041245697 53.9380054778168
-6.133187538178214 -2.0858258492995025 24.2923650930309
4.3231613801505215 5.178184477238189 65.72317825132778
4.608828000812355 -5.131506587205698 -84.36604678039188
-0.6164363781837139 -3.4503776532225396 8.940043970542419
2.04512491446144 -6.433191417966461 38.87820487601479
1.0241761830306384 -6.626115487703861 48.79204996537537
-6.479588032368881 -2.0403268366811886 -50.57736661113995
5.434143718782131 -1.3158157431052688 18.534229261758394
-6.059850788696319 1.1499598671375195 47.457862994299106
