-3.2268099372896972 1.387949917143955 -34.297175574053114
5.444920072287856 3.2222561476777685 -87.60519148048073
-4.997942537812751 -4.182180251827835 96.7503106859878
0.6845305866418783 6.813570378563587 -4.699643560938081
5.181008664648923 -3.918217656541796 26.778077115780345
5.672477643508127 -2.5884194555703366 50.12031485362258
3.65469942414997 -5.3724048523317895 51.5980746513218
0.39495833350686727 -1.5934272385111017 -93.285363516348
6.289022352956132 1.085875257139612 45.5645957437164
2.1522264645986704 2.676577335764326 89.07699763891719
-6.444432389774206 1.3600075542258467 -8.650878445915755
-3.9925512761083537 1.7843655942286787 -37.47171153249624
4.395293162270813 -4.779752579584028 -28.05739902095994
3.68922744306998 2.39838347249526 86.12140697819105
3.242959815405075 5.772406109441359 71.9698884288278
-3.4018366029758975 3.7924150532940235 94.50864825368897
6.640027647403697 0.954613550855721 40.63314700116461
-4.680108374911284 3.358582776821377 15.538541856475979
-3.7363645920271593 -4.336657285573063 71.90131637375936
5.373849102656398 -1.9848222078426792 -71.40789146437
-4.659936566056184 4.742204284340804 72.05591022888846
-0.5082877976805177 1.537976297180946 -96.14221313514604
6.42628563121767 -2.1693229605443185 78.91173464340986
6.74045541434678 0.5710969670362076 -99.62896570665261
-0.6908142403304105 -5.821579775812094 23.540391726648902
-2.3879910895810736 -6.046360613195617 -74.16849909888627
-0.6285033502079377 6.72079466181465 79.50521365635775
-1.8074357351467005 2.3596685909562534 1.225523886160117
5.1062536963855445 3.0546533579585002 8.454540338702879
5.096164968606267 4.13827831305395 0.21468933796379414
2.309401852486655 5.661519333421643 -55.18964321695551
-2.3877171022968064 -0.9966228720231082 97.49715746379744
-3.245944367805626 5.746692192468082 -90.94133353279696
2.305822358617535 -1.9774931598975263 -90.26509649829836
0.15128299907197484 6.5119630597981555 26.52490054834312
-3.6437960702667467 5.72336324044837 42.28796639913966
4.561607646233129 1.9874825577461175 -54.3035237728893
0.08179169894520277 0.5355381449780272 -30.6030535398331
-5.987585507683005 -0.8206634283140704 -22.365585977950264
5.1292851802718875 -4.060763333754352 -24.878337151567084
1.1261248549045584 6.307745875803555 -38.528202678902765
-3.243095348984099 5.972124059593445 -49.5460708654885
2.6706559113076174 -3.6809989824624627 36.18104840269836
-5.109991105895352 -4.375911514799095 -31.933927592595555
-0.6672825264887787 -3.268911639963615 73.62343024358428
-5.454050673409162 -3.171973609619846 28.446804982280764
6.54394559475658 0.9991701374599364 -52.23510742658387
-6.587842283154539 1.951368029070461 -55.134444255538845
6.736684722134671 0.7341683945065852 -61.29174723225452
-3.8595390788620865 0.7451097678492924 31.76999016606289
6.569176919910073 0.0820428491247227 -73.75398566614064
-3.8798237276543253 5.499112234514037 -45.861621002259206
-2.3598134140338844 -5.911966943833196 -11.690639647528569
-4.140692166893725 4.523867431134528 -70.74938120033327
-2.143933420465694 5.947106006630814 85.46430181231851
-5.712308524772174 3.4611127767488155 66.35680751075452
2.274397565828411 -0.9067792243328716 -38.822827229294504
-2.245115454303524 -4.881924738008731 -86.5983814511824
0.4272245208472134 -1.6452454722849146 61.39734088733427
2.1880590416281778 2.839064671409421 76.96632373094074
2.874766790447061 -0.6394412144203623 -96.57082229284192
-0.13944516792331235 -6.692597660229269 -43.20063231477401
3.6496075434169057 -2.522868930575915 -22.694121133147494
6.697225945225495 0.8817563647520557 -33.88250403102479
0.15191778066768913 5.529415898393416 -14.404071520076803
6.132067665205115 -2.536484684229079 -58.185762355462074
2.342024898261716 6.483740243728921 -65.9862736316384
3.174995433775361 2.401407467332009 -91.46763347268869
4.029315366514166 4.33557074133302 -81.73726274467191
-3.9303631606750655 -5.190718705024017 6.8294513231826715
-6.032954184920774 -1.7963459106882884 56.11326623013937
2.5188385786396092 -5.083747643247348 -36.223828207615114
1.4423554706085375 -0.46584971225424554 18.84034665422839
-2.3921041640186376 -6.263669440289677 -33.37098706823102
-6.25045416713192 2.1685010306016657 41.25753136171027
0.2960338393381624 -0.40731512430228045 -61.199450028199806
-5.979848527415178 2.819811952350339 54.17901585614721
-3.223720445115932 3.0753100249937475 21.969661198152977
-0.5029078928218347 -6.277189025349607 -1.650754036012975
4.386563150565752 0.39711617806045774 43.368544883206035
-3.2111919697217117 -1.0257765344049907 11.703844037067022
3.952943055536228 -5.032052729189038 -11.613166319768311
-0.7452409640737898 4.213610551515562 87.28285790535534
-3.261393928470794 5.741287204992351 66.70086230234726
-6.428071585341063 -1.7178435438233153 -77.22079600399564
5.136220150630921 4.091540201097606 76.7991275970639
4.5078297034904695 4.598768081358823 46.194240826800794
-1.14663168964445 -6.145838114623675 12.446205788539492
3.078016538086983 -5.855138638047797 -97.41591197169075
6.393478710686125 2.2119597439749983 65.54827214046543
4.000289009862637 -5.185360591123134 58.015290828159955
0.30349952970455757 1.4188996772124658 -80.36789495212537
-6.034913523397358 -1.9671655132070571 13.016334888358033
6.116381743068303 -3.242243564843785 -66.64586917924912
-6.430461350728217 -0.7218638784239286 52.902551599587824
-4.264683447740069 -5.123591097395922 -24.30609503816686
-3.4795362560338017 -1.3305836794012462 -84.22673137662272
-4.256045330980693 4.684677523080909 -14.849124717673686
-2.8147839259361223 -5.800996251797312 37.45675985241166
6.6507185869938334 1.8275561928435828 0.961782333649521
1.1138128831757137 2.932128960107737 85.0395734785318
6.5931885827378816 1.2245263066877297 3.868812739764681
0.7042779162022181 -0.31769888083965947 -67.59423996428796
-2.806795660348395 -5.861219678943546 16.858314154278396
-6.808664195940444 -0.040890802280548075 38.47744006781551
6.315719895417227 -2.034918235223419 39.65280153483855
-1.8711856817908847 6.007438768025448 19.427318402189858
-4.89813423784901 -4.278718583569502 -93.81036813919471
2.5302774294906736 -2.677101125731468 -68.12680031874653
2.5923653127216753 -6.1543889179950195 55.1477349267988
2.793674215323159 2.7038328648625805 -2.126927538619524
-1.8017952899207454 2.352494735050523 10.110026241610752
2.6211043405245733 -2.2086193249642907 71.8554716626848
1.2344592140615167 6.503786246930297 94.21421768754595
3.1702836903555722 -5.975716446975097 -53.77908140314976
6.110239041320986 3.086827658046732 92.26757260367044
4.398301433155776 -4.798027229210887 -62.25692145790032
-1.7629350343374637 -4.868228140776927 43.2133821320154
-4.935989226812161 4.526109616779204 -37.46751773286091
-3.522224897757138 5.403745103218952 -85.46271323156677
5.388204430977616 -3.582370416157549 13.199469417744448
-1.8909447317982297 -1.851616594712307 2.8532968393057576
-6.037184500999885 1.3576421930376752 93.68441164673807
6.446225231045788 -0.19671960735799893 -77.1213243973717
-6.51540108642905 1.1479401829564275 -78.61117544648418
-1.8710806437035745 6.2662307449408825 49.17948134116427
-5.204812454270866 4.4763848857934825 30.280994935108083
5.9600193086605415 -3.2330658850616816 53.32789612932726
6.610048925061084 -0.9547995594711324 7.2947244903085995
-6.899059979365588 -0.3457411756134028 -27.197221279929252
4.840160045443966 4.781358349576634 12.199875516184616
-6.626756515329493 -0.06607564910937104 23.480411448228793
5.505804123301162 -4.1431523934308405 87.08916527742055
-2.3339305160461286 -2.2792966038979934 47.09383244370212
5.355148194824669 3.751977633542938 27.49046888329288
-2.1844747370750057 -6.581095053614104 -66.23607863828053
-4.4215412992184495 5.210322718442976 46.76442196565752
1.971832977575657 6.009504065911791 -30.429218820711487
-1.4779577604160425 -6.49721310831367 73.71388886050006
-6.356632363185467 1.6023684041127215 -51.06415911449831
6.035117813399819 -3.193284435343707 -37.961609190298276
-3.4982807094949697 5.1382042008881506 54.097676805736235
-1.3999279336778452 6.151689573647811 -80.62275623564966
-3.921465218537375 -5.4110068668742235 -78.27353762394377
5.954466720664616 2.883773413901255 -64.7227250595077
-5.815027797584055 -3.5184878389835625 50.854225860983874
4.848625266094502 4.22274188085011 18.9474811205546
-6.389968925403532 -1.7716121680756922 -65.22348850088387
0.06585431580022122 3.5043499920766257 -59.932596390213455
-4.269118875856896 4.701608503388705 -94.03693608504085
3.5840518201385514 5.544478112778485 91.21179469926327
-5.997865742377582 0.9623203929874227 12.40028690711673
4.146833761011294 5.415432580278342 37.521872776774465
-3.679866631763018 5.18770304962161 -3.0333141835716013
0.42364104833663296 4.29611890766203 -97.45262068287377
5.664278475675112 2.594845583668089 -3.6234149034079826
4.651173510259966 0.14696299612990416 -66.29623212532944
2.207763813354429 -6.270614309779922 2.270240619710852
5.177302979756036 0.00978704949326309 11.66920353090298
-6.054399501319954 3.248875850246087 22.396968216091864
-5.430216605511595 -3.6880511964129807 -57.4580320680001
-5.9186203738271495 -1.1508230094498646 87.0596618797266
-4.1992162451092465 4.72593356761199 38.77316911079302
1.9603612322771429 6.41425362386083 43.33968529688393
6.453072433728975 -1.9576953187056925 63.71889787377923
-0.14353740259139092 6.610563622114542 0.642699751574926
-6.434890632045895 -0.739549208734095 33.59179723893432
-2.4081948062637726 -2.340723302176948 25.537424714810474
1.1111066865485972 -1.1400960243855969 49.32614176132309
-2.2769838656736345 -6.149064347957167 79.756432527685
2.915531621188372 -1.8380814912398333 -25.67785082214785
0.34339131751173896 3.9868073989024335 -52.80621453011879
5.008381345576664 -3.929047992526463 -8.153522345351218
-3.943989927867028 -5.021352221316613 -63.88385332267771
-2.0620849335384817 -6.11163574894658 -97.7303647150062
-0.346333515794659 -6.754297494689932 -95.72419177536683
-2.0780629951368903 -1.8747462940654787 42.1856308540458
-1.5478140193722445 0.21284776355005938 -15.077694936305875
-4.9285747032083975 -4.316073021660998 -7.745502338730995
-5.555638597357585 3.3647786363773853 -27.81484766344898
5.745652552691411 -2.902377373826473 58.78898370536811
1.4800840687483356 3.490041352881999 -41.92507043034785
-6.84855103249721 -0.4163736142866178 60.22750321495273
1.5513103556611652 -6.470634316105769 -79.62661799454897
-4.452474520358529 4.814137508563687 83.87987719935946
-1.826265930605309 6.011922594821159 82.4749448087056
-5.5946715339671815 2.9653133583316165 90.7143970637417
-6.075969179950659 -2.692896694561854 70.29635633381938
-5.74637794399854 -1.8362769231662133 -33.42761046867073
5.439214745387614 3.6176296040627567 -61.12661773344633
0.8123475219461096 6.327593950237506 60.10851146492614
3.569378988097981 5.7357124200060365 -26.16397570790233
-2.4334188110890587 -6.27972740711983 55.207610182637175
0.8656256730337795 -6.744573885554393 -67.28090151490413
5.699502351450365 3.172619185567397 42.886475332043034
-5.786054516073449 -1.4812737119483328 -71.26902708441365
1.4453585398744686 6.523294757208141 32.718931827908264
-6.1385387260093065 -2.033794777312706 67.27821125883632
2.206478825602156 5.95761941577465 74.83771974319177
-0.5375061053620533 5.283126573351241 46.468661130017885
-6.6250429470937355 1.2972799963481951 -88.52714755572607
3.7975597827527436 2.953888828982275 -75.12851970318614
1.0909327682209422 -1.8002577211259427 -82.50513194120698
0.5656744142713227 -4.151710783196991 -88.51149430748491
-6.721601019658976 1.7605649638347367 19.712603139414703
2.775017439205467 0.2512307873534985 57.32529109025654
1.5581457589070715 5.747024345517995 6.122138698780951
-6.56464608550214 -1.8485082878631602 -85.272060588646
-5.015754765762011 4.168618460422219 -79.89648270441363
-0.725033600862313 0.5467448423084863 63.405044254925585
0.9393350368030081 2.538640797669362 55.12568798140599
5.8034450804323985 0.45502566140930595 19.917519184856374
-1.2698806250416077 -6.541314556357819 68.91071292994063
2.490739644908149 1.9221715843306542 -61.01410517226164
2.1054631541417552 0.94449857679561 52.31636843424814
-5.889882486319682 -2.2295815465374598 -5.667069221315174
-6.010168527656055 2.4544286577646623 45.860926484692854
3.5441658001129737 -0.15069395684174508 25.77606663260851
-2.5444004592275427 2.485403471464904 -92.2237333206198
-4.593672178598406 -4.658780452613506 -81.68773717888521
-2.425148602293886 -5.801632534234357 82.98349634572075
6.253309167664795 1.5756791583110519 95.5454206936417
2.7978346593245726 6.127670823266555 9.131385000837394
1.2791115585664554 5.805372432189504 81.49817111446336
5.836413717513371 -0.18124581405731213 57.070595553760036
6.194118579435266 -0.9328101158375489 88.43194306011348
4.514485336825517 -4.8893755308081905 5.214481064139287
-0.2108274957345611 -3.414660436405589 50.989592913328295
1.7875211169926581 -3.491319998099825 -28.722507773744788
3.018699302432171 5.993351965525849 -44.017632556016245
-3.4581869760605466 -3.2126545054631825 -18.0312219841503
4.791985083506272 4.489076718962736 94.8476413582951
0.9245560688105199 -6.7634830305998035 -39.210659210452306
-6.644681296573973 0.4768835049890132 3.11492265807101
-0.0027247527797440996 6.727968232262792 -42.26426301611447
0.27888307275903035 5.226768601731726 65.33572998514258
-1.493957307394361 -6.2966090238400865 61.93043196177034
-6.196471561377916 -1.714616965512708 -68.13315597827999
4.345892456278744 0.35988820789186704 92.76307901076487
-6.006687763594315 -0.05521572434840932 -31.1931120618717
-6.102078296488164 -1.2178786833103794 -80.9968813765756
-2.530217550798197 -6.168550389442659 58.73032915689826
-1.5109802028753334 -6.54809514495849 -91.97369807707541
-5.347673894914653 4.0750627111405215 33.88604356961879
-2.618458950817401 -4.113506687088024 52.69772457043138
6.699911274420302 -0.15074239642748588 67.83735950557623
2.966729198054645 1.3516548573129974 -78.10317582430358
-0.44120268636055515 1.3127692296381959 87.88096173916493
4.911295890526872 3.9660704436207492 -16.196231809104493
-0.3887446861679553 -6.54507113319616 -62.74064586045177
-1.613733507749323 6.228820128728313 -30.1015320692772
-2.5916682309810533 5.744086286184454 -8.602390677466172
-3.7449491313183985 5.447556756097187 -23.515263009187226
5.802309123281074 3.685543786681648 88.83349965516666
2.7130236726451082 -5.914323991209944 12.336017340043847
-5.804907834466408 -2.8360960813775695 -42.77142027675287
0.8889775395296793 6.540194894685924 -78.59433197544986
5.206894746263483 -4.079953249667698 1.058135636879155
4.07675077310375 -5.261063243605114 84.51101816114478
-6.696858439945381 0.9566869990063382 64.16165714671882
-0.2829700067643812 -6.476520744516277 88.80405258092402
6.635813688081871 -1.5518498310043374 -19.741570211394965
-3.4941879828112254 -5.474531574408427 -50.76705895388809
-4.590015494266426 -4.10913656498805 -85.15741573771169
3.6305992939969842 0.38324315313416935 65.32949532871424
3.377503483481501 2.166918997925398 96.23722958023379
-6.44709687500665 -1.5568939633916434 -11.71728321504208
-1.1639084918638045 -2.0777325762969747 -89.40711053970263
-4.839717489473707 -4.230887598300581 -74.68456568130736
-5.39400212024665 -4.279792911481228 61.45042227837444
6.429636083036036 0.09538482550892752 -23.248806291348956
-5.734431510013384 1.9870745013691828 96.31816832922158
-1.0377998331501268 -5.923839339935344 -70.70661749769198
-6.238293789793217 -2.260142388475187 79.57020994740293
-2.976914309029038 5.409781654284823 4.160486040966764
5.812312607383716 -2.8835677306641325 -96.25400995283594
0.42912270923184603 6.5600156422583 51.31846571066809
1.952112041203978 -1.409610380210411 9.951217789725062
2.330160479876422 6.305313245997443 69.19196151417466
-3.6862768409485493 -0.3405685191429748 89.72705984549036
2.587030043656378 -3.8842540792810345 93.17036554051167
3.536082211982405 -2.578118933443186 -41.442650683329326
3.6626761740183817 -4.3470686571496655 74.05455327892734
5.3034353498266285 4.3366019204978175 -99.69246236158544
2.9828813059432306 -2.7110155917224157 54.45721437493546
-4.859331982936474 3.5357296905373365 -12.047826304063125
-5.059519399584483 4.039940708805246 -33.99104112758687
1.0006396689638848 -3.570548544660973 -40.33110977098697
-4.16924887468402 4.428904193214326 97.28457563084191
5.910021673830458 -2.1936570364806807 91.7077314104279
-3.3635555612552257 -5.717804372049417 -4.78734263954779
3.6624602650371223 -4.505290291779691 32.542011466676556
-1.2137889903345103 3.8153236579708123 5.986022347789531
2.171345460814279 -6.314638469563692 24.42705022639751
-2.3266667391538665 -3.010008634910878 68.77864446204205
6.326238671249387 -2.5332920935836607 99.42950991493841
-4.196859363264741 -5.240678186709818 10.98443706827824
6.565052168607392 1.7248085484160427 75.16667013403965
5.67322826558111 2.923333638174972 -42.985810802038344
-3.336077529147022 0.6450184135373291 -29.199079529284944
-0.9011027655196681 1.7245547269158688 15.622711387087652
-5.5743913528456135 -3.944579200031704 -29.008536512065962
3.219466611274586 -3.9484680611973877 -80.00412666343287
-3.5747468200162182 -0.5147173452158024 -87.16994056910242
-1.4592119423475538 5.484287682206275 8.796538110549974
1.2003157296163207 -0.9654427734484774 67.98418418648332
6.1594181903435565 -1.8223342676267589 34.9933005153233
-5.251170071523904 0.5791623863330554 74.48637548024101
-3.3563245848238097 -5.5267159565361 65.48268645501878
2.8904463312739996 -6.0018338497137815 -93.74329547810763
4.396900733152806 -5.117902231771879 -45.756974926118566
2.1932219237895043 0.38996706379045043 -14.285779203632712
2.750939555732759 5.631962850267985 -9.948385085005476
-1.5371255005971578 -6.107395777496402 -8.60786146028405
4.737201112910526 0.8757556930040814 77.46527553895565
1.1411554369148067 -6.284831753803579 -17.329617883102458
1.6515127206669937 6.370370090480219 -58.54851900540398
2.3270627013222205 -5.641994471933211 29.08997687256995
6.852824956860847 -0.3800036703578511 -83.65368335793683
-6.301194168338258 -2.4172504715995715 74.71547687057975
-1.3395391699244537 -6.682171452765323 95.90265743740359
2.269678935984122 2.315132782737652 -57.25527294209059
-2.0190754831807287 5.31426878087255 -76.7915613202321
4.0501376334234696 0.9654719241278865 -27.28682252261227
6.095665699206785 2.766396660017506 72.14068116244003
3.496797341415472 -5.379171856384348 -89.71782646696641
-3.1010845341817546 -5.582149559601483 -57.81182645458688
3.998912213924599 -5.203913834221258 65.02718117135477
4.83939097247281 -4.431524239677908 -56.36198457561964
3.1421793226230688 0.9010996906000366 72.25945125933823
-3.783818418673158 -5.339261981379519 -60.570074534445425
-5.259852840760334 -4.234300428660166 41.778601738021656
-1.8889892639988233 -6.579805880453169 -55.143121182365306
-6.224491678756965 2.1029086509918824 -46.325436293841726
-0.4502995164802851 -6.4396027360029935 32.97972463606368
3.78381616456732 -4.748592937604191 48.99154264843933
-3.9886343330893874 -0.6429837005609235 20.278381617564616
5.651402838204089 -3.307178958995902 -91.6668628977093
2.936811320226854 6.002509447965403 -1.711237733798088
2.7850224771316294 -5.385481868613689 81.55966751217981
0.28701108534467573 -6.600843764557545 65.44495287752156
6.401504499904568 -0.5292053137755824 -68.43670311724425
1.6112885433506476 -3.3023446632117954 44.36157002272711
0.7917456133814498 -6.770179008003416 6.735001623726443
6.312916897005236 -2.5541771769332144 10.267943514575775
6.5094314260190975 -0.736300448260313 -0.1065762317481186
1.3199730297536447 4.8858118504710975 -63.11686830632807
-3.5915688857555996 5.148499237229223 11.90968254469712
-1.5514382891160352 5.2164432099019 76.16448815624435
-1.64490299693214 6.4224021946580105 69.32077625864456
3.7255045612145583 -5.483354759642794 98.21177591146663
5.153710019822352 4.48752829372882 -28.723412457437203
6.216683442828996 -1.5641382761111382 -51.42397096368249
2.8693345850695566 1.0229610714234705 -24.06056982566203
-1.197745845543839 -2.8053639953581486 -35.92316111804049
3.6677529424565356 -5.683527685681761 -20.5452730894004
-4.786375683476426 -3.274620736699057 17.46968790058886
3.666314997111358 -5.263939414822969 -2.7535419875705283
-0.6389233803713824 6.386286590346686 72.4022409776975
1.0930808968173296 -3.8290085362858286 -96.96527275944729
-3.1889718964647105 -3.2477277700355143 88.34009900182757
-0.5927317237041695 -2.7853933315774206 -52.82748530428777
0.5137512595491317 -0.9307105428192719 -56.19460273944163
6.653554312141298 0.7017991216250205 85.67084383896878
-3.9132861086889155 4.930319011550759 50.91035189406297
-4.227707142366904 1.6723604339903388 99.09480318992888
-4.1727545678020395 4.543110665351581 -67.06015049424866
5.807033555421073 -2.0024349380669775 -2.663948147435933
-3.0696030395246927 2.340919153371809 44.96653356992542
0.6165810607380202 2.7145238250672232 -16.87762007795545
3.555291724216467 -5.018713746980979 9.056179215439398
6.4934251582930145 2.611427071629461 -91.9933225793734
-4.031750423191959 3.2249799031485313 -56.93613419389382
6.727293896400821 1.1110905237152426 90.33855732071233
4.017123904774908 5.1904050322342155 -22.86704108488667
-5.736834368519662 2.2710412360037946 51.20042720790014
6.716830847930896 0.310230445127753 49.547169041555215
-6.297128473954898 0.8491466419760484 29.98475041350425
4.225959534843265 -4.748900471882867 -70.3467623408064
-2.24251256904891 6.35734830350649 -71.94659299851011
-0.11501285749133276 -6.643013003873145 -13.884574680730529
0.006911708271833961 6.59299835869791 -91.82743634679237
0.5705123133015771 1.5067000054015103 -69.8692801010106
-6.608976528131201 0.06845456055790648 -35.95838129581606
4.480143794662807 -4.7999004092379 61.942366498785645
-2.243598764106506 5.322372940632217 -34.35055721677199
-4.417753453527089 4.739500426096056 59.55641457717172
-2.731006840871988 -6.116593027011893 -16.78334733904992
-5.847885863539702 -2.691390739405288 9.562074311677698
-5.302378819420035 -3.827427186275987 -39.26844641357731
-3.7745007352561144 -4.105718350973632 13.67191147198306
-4.84846948772884 4.695383488539149 19.280317849193228
1.9911256447427337 4.0711683064641395 2.2128724522984307
-6.741553150907801 -1.4451728420816243 -90.40553015683813
6.671156180372174 -0.8483830595784542 -80.30137039021142
6.407682915872579 1.4257987319241199 22.83721819368784
0.2391988501853941 -6.619604055200111 -99.67283911114144
-6.287888023446126 -2.152702704303729 99.09238619529866
-4.269060372557886 -1.0900061926527613 -7.819092090722184
0.3046572525001475 6.77695987712973 -11.669683466590563
-6.664687903984104 1.6810262361217752 -98.7914786841659
5.097785798323196 4.177991132164919 80.21028580601906
-6.264691191732469 1.2784151493854021 -39.514802353941
-1.1840686615297848 0.28700706636106504 -37.192400687194585
-6.2358143132449335 1.0591273861820278 -85.07478686439143
-4.112394788943464 5.333485716713346 8.77006713494735
6.851588237495733 0.6401043909588375 27.257468461911465
-6.133873437146635 2.685593728381018 1.0767267580409583
-5.960598351347403 2.8203510256893374 86.77338641323827
0.3651190406151002 6.636066277410717 13.732459722099131
-3.4914044443250463 -5.67337123572598 27.396820345622185
-0.46350654457468143 -6.705162646273587 -4.8142685461205605
-4.458582198178527 -4.99916185615181 32.32256635944585
-2.6434708440066013 -5.987830194378226 -29.29299092137923
-3.932780433135743 -0.9870912945281594 -54.119408821734034
-6.269600677134693 -2.0294850521484884 -45.69165446777322
3.0931947657017584 2.4803150979108115 -34.87518061347081
-2.9687244515774456 -6.136664121940374 45.9987020855958
5.698959411418072 -2.8188769216986582 44.103046185096794
-2.996878408858364 0.15878627181699845 -50.68648024644592
-6.151023893223587 1.6953989950084347 27.198261575477314
-1.0341207238866306 -0.9695386321465166 53.36336296837648
-1.2690217962237536 -6.460799134761446 3.822329488401233
0.1411657607208957 -6.7285710485691315 -21.235442901616732
4.346423095465989 5.16603640600364 84.72553488702125
-1.239321676017066 5.873876724424255 62.2655950609643
-6.726552830189659 0.42603970691204307 78.78821872744206
-5.884975584603107 1.7602803674650622 81.53723552340738
-5.005774706313466 4.35260228504058 78.2468058520297
1.1690445930032336 -6.474368462536328 -57.63795145208012
6.591215357708517 0.08535476236683544 -36.96964314420048
-0.4910060095497344 6.501584266668232 -51.5401678030454
-6.8177822212341574 -0.5467982307842594 90.17849166880526
1.3580251919641046 -6.866786266359057 78.94786094756668
-4.0170427075859 -4.846956638790477 91.09954667280488
-4.072482474114736 5.376877624553942 -31.34417950583592
-1.7501168094047066 -5.731143185163713 8.79365677515112
3.1514741682035554 -2.251898845857667 3.139603166237131
2.5347608000803152 5.750923373776422 87.61048285957098
3.151092232826611 5.440074749043194 -91.39154369308531
-4.656617952171451 -3.9904046345641326 -69.01062177939093
-0.9378095268141406 -2.567239080695943 -85.59489898957011
-0.24483186393263354 -2.942684343753979 83.14166561418567
0.13324486244953188 -6.569497182686809 93.54551791741002
-6.097937128666127 2.893956911663893 -82.5345525534999
6.505407495902964 -1.7637989680409163 -29.13394178558559
4.0150465838717135 2.758551841147255 -45.58451946832267
-6.480973939830539 -1.3880944192959537 -97.71235184876242
3.112012142948431 -5.947671487752762 -65.01261930388694
-4.362362432581539 -3.870539819662712 -35.33131974914554
5.7326733762524595 3.045268314399836 -31.236515506481165
-5.7706917836660985 1.9341365535896131 58.22582706607147
-5.1848219392791846 1.0441381318863885 -1.3098122759326516
6.209524602677655 1.249943129630448 -20.477219615149643
-0.8660403780846235 6.870462200918053 -26.572231570248118
-4.10160337904726 -4.110724269625639 -99.7252745854247
-1.2463714567015052 -0.3976924717748621 -6.153116678086571
0.6314371524940904 -3.0875694520767345 41.44848394291542
0.34393389712909267 5.7303043914232035 -48.984270843863285
-6.021617036076883 2.8155133487682895 69.72527297631643
-3.6229666394366733 -5.466467036008809 49.56639001569904
-1.9491405968014528 6.073326011475753 57.58833471098114
2.0338723459763437 6.459715950488623 -87.7786307598891
-4.463741990304079 -1.3425176324403854 -93.0004344768823
-4.703810595976599 4.6395380617031154 -88.56286594070635
-2.8432940954637 5.776636307703727 -59.14563925121004
4.7883753035173 4.761133079020066 23.08818156363983
6.2200813110018816 2.6088467385862817 -96.50207982765669
1.1986219844472352 -1.2805279043673061 94.60270953517332
-6.655809575919951 -1.701472669351628 -74.241164530914
6.249223897780278 -2.407653934313199 3.3572219658524696
3.801643985272822 -5.622556115938484 45.545747148696954
4.011293288144423 4.936225641783387 -48.5786371037595
-4.118646601406384 -4.682987988943937 75.45281869346468
1.175454488697716 -3.620276085318205 5.097978802331157
4.838737838503783 -4.403377012207846 -31.94358363895357
5.12993243430507 4.000840346326694 -39.69808893836535
3.017765308041225 4.59001082173007 -19.768425972939905
6.772201402354283 -0.48481338961670034 -55.880896885449175
-5.891081314077888 -3.017728905926172 21.40066265055548
-2.7496617116229127 5.604801907260496 31.40665990839336
2.405918431653192 4.416585743800564 28.603871253301566
1.8271053563934987 -0.7033279955546694 5.379756360359223
-2.593013489535388 5.971778346967237 -63.38775011566049
5.023576270923154 -3.6123468328887505 69.41274366999758
-6.382180925439441 0.6552952716763164 -4.921366332844054
0.7661525317535228 -6.134354205768121 -49.40414901358243
-6.671824520120893 0.9379259125601456 15.600391101035642
-3.897642019024852 -5.28317841260636 -45.63632342834689
-1.4345707010823672 2.9213175137041616 42.239511766655006
0.05950268602946979 -6.781904064850938 53.39278740240482
-5.402566101026282 -3.6920320614421507 24.310805019708422
3.645236919964274 5.615095435024292 66.62939810259218
3.1701223772454146 -5.344017370634078 -85.12821352355388
-1.1658059202289672 -3.239724455060424 7.560788854136583
2.78400525540148 -5.829904627505556 40.08392455555487
-0.06259322993724915 -6.666899402277502 50.32132962609866
-6.3261961173774734 -1.0495252600743994 -50.10618824951565
5.393311266993706 3.1811562914600153 15.876555524058432
-6.408727258081599 -1.5571849176592103 43.81279713484101
