-3.4417684692826245 1.6405444381537095 -34.40103338060417
4.101313576936838 1.0483057071063 -87.6011963312791
-5.3490457503427145 -3.499508797124999 94.85129356307397
1.0493095598940996 6.740960092379161 -4.664242165208075
5.100262429978815 -2.983852473246379 25.834820650527185
3.74815367712651 -4.976865152117125 48.55817128906643
3.700749358548912 -5.263823943442822 51.40507287346014
0.7704660068376644 -2.1987924776840995 -93.43746398542282
6.201033371429961 1.540263930046752 46.747492293897714
1.4967751742065343 3.376458467762462 88.69720004550736
-6.135754668259092 2.340027773039757 -7.099621861396113
-5.56097965382918 3.4922189922374347 -40.01697097076446
5.661706163180062 -3.5365296530614527 -29.719407384870454
3.587511765211451 0.7831851619044959 86.66666842676806
2.033849161778918 6.312314765901961 72.40202590604082
-1.7860168817722026 2.4093784906172204 95.39129090048121
6.2086678558016075 0.9823796312082184 39.99529149095053
-5.3404378992676635 4.106817156693123 16.324116245704058
-4.443111232869946 -4.173891226037339 72.12118445509759
5.8494902208937365 -2.772565328180653 -73.11072883982321
-4.61334076651441 4.91558771499109 72.71212769340588
-0.25898116099119106 1.0581312349187868 -94.12438398368596
6.187726705160541 -1.1175933932842441 79.55194707924723
5.5835157083205305 0.6212508176936254 -99.9910081384364
-2.3408022917629294 -5.831463161192139 23.882048559366023
-0.9430522444569216 -6.590722068033803 -73.62636982007851
-1.111137506150551 5.759012136975376 79.35594397881238
-2.325833421746547 4.039294628897431 0.3324261731725763
4.9100564555549475 3.2825206514027503 8.176686277863949
5.264268818546615 3.8065517916362768 -0.9708881460270455
2.797073148478753 6.033238760994753 -55.293462707948294
-2.7267427888733526 -1.9339631669840651 95.5837190751649
-3.0180263068203366 5.940129140830394 -91.04198263617295
0.7567354991722762 2.7370671921032734 -88.87249475912243
-0.9667700494093503 5.885296655445197 26.23416766358672
-2.0230600724026306 5.826743830172604 41.2002662094388
4.807871361162908 1.3211123928109831 -54.02501886663786
0.324231171463373 0.292640058856834 -32.237830550010706
-6.715978102297497 -0.05820754048240223 -23.067710166359728
5.064328124237842 -4.4848682060121785 -24.36407083101673
1.7466707992592465 5.93596067877515 -38.8930533712066
-2.903227856577414 5.938783065060007 -50.20180690242935
4.335041415563179 -2.2932013878394204 35.65572265308295
-4.997204557044384 -4.452338882982818 -32.15485891833018
-1.8603460661996105 0.10073192273058301 72.16940064882948
-5.693764545668253 -3.4440084296499447 28.451318126842843
6.687503006306633 1.4523277131376682 -51.151072492976546
-6.564727240616132 1.223512910712115 -54.61928640799102
6.724170645950791 1.0202700998465055 -61.12698649229323
-2.345903566005075 -0.5956693998026722 33.046467791728226
6.124753656298913 0.9331688598236347 -71.08052943644347
-2.8519044440944326 4.475996112874551 -44.21288865839509
-2.2994303857185425 -6.182777877033361 -12.25330043731415
-4.974438556162358 2.416369018290566 -68.21851897666448
-1.1497219900704447 6.15643861686126 85.52272979804961
-4.6221810863205794 4.139142331724353 64.46194254272
3.17538669180042 -2.6163874335789816 -39.7556817290132
-1.1207193127586697 -6.531748800274222 -85.97498089227301
-2.551485481709105 -0.022454451779380102 63.86243060690045
-0.3997115775736952 -0.9157291232711183 76.51969613870229
4.557925109004971 -0.9825043309300854 -94.83764583676472
-0.040803079092410474 -6.447660540866549 -42.321511070022524
3.747642190072518 -2.168751305635995 -21.566894110678966
6.482950684426973 0.7177285153685072 -32.24665183369537
-0.2636483336970207 3.7384528881682524 -14.145917095439861
5.965674700414761 -2.4340977923683735 -58.0648434939844
3.8507785144951594 5.374841048280131 -68.4683225081402
1.6807057966245018 3.197945122271224 -92.35933437779157
3.232195041817589 5.889821000265086 -80.94094987879728
-4.145762932669276 -4.458469051585342 6.708516151309985
-6.1066244680775705 -2.418584091689982 55.77405118140248
3.1137967056699067 -5.018868222727054 -36.02146593587044
0.3934198046144832 -0.26260020964843056 19.124331818572678
-2.2789732702740895 -5.676411199605219 -33.02637476679946
-6.5686215170602535 1.1549330907497153 41.24902297576486
-0.02763038687641481 -3.5329445394422647 -65.66883870540282
-6.065934540936235 3.122654666183611 54.36065333289543
-1.906198132059995 3.541518732953208 22.746961238936418
-0.4143989913682613 -6.566878893976495 -1.6650611481781963
4.314395592558197 -0.28998395746138306 42.89339827324402
-3.1926086114931724 -0.7323264080409426 11.630361067841497
3.9218375758510233 -5.164121860170266 -13.827121247073967
-2.2689085014774455 3.029278453679126 86.69657442669165
-3.534476105980236 5.604985256124515 67.56669735040859
-5.733588354166901 -2.137522107995271 -77.7778236677057
4.60491325178281 4.525205534938428 76.99883359591021
4.507955139128098 5.021320082578497 45.803115990678414
-1.358906885406812 -5.5868695797999 12.810825948503584
3.389934945591244 -5.380423602335357 -97.32977575006554
5.916364279380684 2.4391614720533665 65.45800826840994
3.9441218420296718 -5.142669105316266 57.866755955695695
6.3838307629524245 2.254700568507456 -82.2620341213022
-5.6115487988131 -1.1774391799133603 12.777292414567022
5.275743005791399 -4.106037375938551 -66.19938116980029
-5.706617444560121 -0.2703560477229055 53.12088058361192
-4.900465376367201 -4.208643832293026 -23.84802882165224
-3.8885313764331517 -0.5921675544248415 -82.89240882324845
-3.9979365936325673 4.819135036332521 -14.067501789972706
-2.379815722404264 -5.2771847819821 37.34720634521018
6.626940772414962 1.552438042135041 0.7782495071800372
0.7751528328678502 3.3965738769626266 85.83970075426903
6.429460203943434 2.1917198107327667 4.155644281642482
0.6933173109315027 1.7938455109098488 -68.21646243341587
-2.5676180880711783 -5.458415457617233 16.37625693794397
-6.485170045265415 -1.854029239839357 37.88277913438764
4.73032744484069 -4.383501460412996 40.29515575361019
-2.165287849954793 5.791951710831039 20.340373895490444
-5.575515338697147 -3.467053327190004 -95.09526913674249
1.2603109087307314 -2.4839489985456358 -67.99568148128624
2.544634049309253 -5.782215758409377 55.127308116272815
1.8646997441543205 2.3005875033839605 -1.286136651509602
-1.2679656325787125 2.2071165928227976 9.771488749787723
2.2261604604742145 -1.4941049230979724 70.6870198902991
0.9337169506338707 6.661336491549114 96.50382027980645
2.649943833066953 -4.932710807534045 -53.75912913394642
5.798686184256011 2.4499049789244953 93.06836201242382
4.157850143050529 -4.757484703681008 -62.17331997132329
-2.8312644855785605 -5.454325172229593 43.52249375521141
-4.568701106108552 4.869060069273821 -37.26662068482341
-2.368666980334311 4.748770008831895 -84.49393576759344
5.883156615608952 -2.8238910457369544 13.811243047764561
-4.397462549969532 -4.79473628910425 -0.09462977354141355
-6.286859575040607 1.4683154749180294 93.8478549270341
6.466300314766416 -1.2568666895787033 -77.41219786175397
-6.306697539165675 1.554219882683119 -78.59441438720424
-1.7312582453717136 5.899402533379589 50.331683021131006
-4.676226650916783 4.4053899147552675 29.73740327504331
5.840224803722807 -1.461402748818161 54.171498653193915
6.2823620466983625 0.5395783186973843 8.648135338861549
-5.574789116689899 1.118837150814533 -25.990024219305507
5.181586901117885 3.72728765905059 12.057014535315588
-6.770693568248831 0.12415208582146076 23.943294197748386
5.545892930342577 -3.541202652356588 86.53509291049734
-2.0461703556742066 -2.560466396513507 46.71380157966705
5.508759199229316 4.014333902766612 27.688391558187526
-3.146032114691615 -5.9831108176993055 -67.2143656144194
-4.131021801647006 5.028838636211268 47.99823804984233
2.103102001221382 6.41471897951826 -30.12619503864806
-1.4941529109142382 -6.346616055587697 72.29565878574441
-6.586072503239318 1.930553018910996 -51.40982771321947
6.470207632141946 -1.451163505661422 -37.184193145305684
-3.4891660841307344 4.917684413325498 53.76229674187108
-1.7971638331641941 6.09235807470034 -80.8483711829892
-3.8668036367887084 -5.253361682089059 -79.0064944684687
4.814687876148041 3.9320489894639428 -65.35990870799635
-6.124236288935244 -2.798405822104306 51.80629051903672
5.484583357166657 0.21742357242052207 13.384685603385778
-6.772452668200778 -1.1738702048229008 -63.83344620225319
-0.09477076998114936 4.321725009611082 -56.588326905821894
-3.817382214652985 5.123426507495977 -93.67710517839383
3.8426085281516045 5.14328797978035 91.34978174035085
-6.086167439868032 2.1276145990538398 12.638300425293894
-0.18938965681629488 6.583758704383308 35.30270022780861
-4.236858079814451 5.072747474077239 -1.9204593238613819
-2.040695060236189 4.465691135999668 -99.79603937521686
6.1586460389527025 1.2854298524077972 -2.983773837994356
3.7332911304285403 -1.007323353472608 -67.90067431737317
2.2774255899378133 -6.234269282488949 2.3311879463347367
3.408308745331456 -0.2036010346150677 9.615164971648447
-5.431482949197888 3.1118960221295895 23.313449853147233
-5.731876877717959 -3.094942847200459 -58.249141138414245
-6.5383025700702735 -1.8527512298757776 85.60342797021616
-3.5169270378641015 5.605562798529856 37.43381284678248
0.2921889871627563 2.822793049276723 43.77947830503877
6.280878713560052 -2.1766647526715377 62.173450887538245
-0.3339421161978737 6.8208351300318935 1.6547546056383913
-6.395635088501533 -0.705141807517462 33.3331009980707
-1.619633609132591 -3.1224551385030517 25.838295182721005
2.85883212630517 -1.307160934263428 49.857581017308874
-2.552794055586771 -6.045828815546552 79.59052277035224
2.260693076421917 2.559174546556016 -26.803488923297877
1.1813031863555477 2.8666495534966616 -53.52216100070491
5.711588502421645 -3.563316735866501 -7.114410298469354
-4.275167541316614 -4.31526538336881 -64.66530508698006
-2.684657846363217 -6.0136887612260725 -98.38458388847707
-0.5739599759724308 -6.71075727495675 -94.54383854577092
-2.241922839949872 -1.3326775050286992 43.18011160204294
-1.025347012993831 -1.0723097210404202 -15.462664752353188
-5.689722826495519 -3.7864475323019877 -8.973526647889809
-4.602382542878733 3.7345638782056723 -28.71327748023211
6.131579069664518 -2.6612150329750017 59.00516631550336
3.866718024432623 5.610961561700105 -42.519480607798
-6.6431170967446525 -0.21271333883722954 59.37661490836807
2.920179993666293 -5.650296764819028 -77.50997964554072
-4.611649807143252 4.634326228385165 83.87095109845336
-2.0821703111776455 5.592685396928783 82.44383253358082
-6.269601607827926 2.6055517667860353 90.9663336591786
-6.107385062804041 -1.352070169551093 71.04668373589308
-6.30872237146882 -2.1030064134531226 -33.504704902404946
4.638785069165511 3.954630423309641 -61.18502956602832
0.6191071784304545 6.54210800671928 59.96716492060255
3.1043753635091536 6.096945776327686 -26.467716779297938
-3.2633484587394506 -5.803040699558951 54.659266835062546
0.2336666704737523 -6.191113396966069 -67.54634434980832
5.823228718211122 2.515536316421858 43.16946129013832
-0.13385210989404994 -0.37542715179664843 -70.81909691563347
0.9098336294941467 6.779134473996805 32.37662386803348
-6.488946672594363 -0.989913512674844 68.18635263177889
2.0039955633288917 6.635889654060052 75.23929670496493
1.7305928257700347 6.214619670444517 46.4652048365196
-6.5843384125763516 2.006849295245981 -88.08237462116523
4.912425291616526 3.271613555111303 -79.10805193661847
2.2565041087898154 0.19163315055073327 -83.53285142774399
1.6333741315130725 -5.067836150108642 -88.16797124611395
-6.59194124295385 1.1883962624726188 19.6794946752714
-1.8192868197793195 -0.7816148052192636 56.32993042823935
3.107528214426242 4.890820279569383 6.208949674092355
-6.553575232689296 -2.170155261532414 -85.85600334811042
-4.807770379012513 4.179760909081289 -79.43743444660483
-4.982180231080315 -2.358084926678779 64.60328743365756
-3.886300075400855 4.130627830103946 57.02441718464166
3.7475609220824704 -0.7482154269526272 20.815068803033775
-0.8994516391754939 -6.1854804030045125 69.12040977334948
2.088898823064059 2.1447771359317906 -61.843818995469924
1.929240939762863 0.5175692254946355 55.071988913928855
-5.881221555607808 -3.220632462485644 -4.322376879036502
-5.803651105531917 3.0885679185807753 44.40750214978255
0.46151272046155517 -0.5686674489563271 25.422596493454364
-1.9773760936413634 3.3701825569044916 -92.13375557263903
-4.856105724299551 -4.126114754809907 -82.52650824650706
-2.8980169875633326 -5.665784670243236 83.49540177217872
6.195232439026957 2.2698769574876567 95.85116388139042
2.274169810799969 6.321011941694629 9.376159667637447
1.2425988530667025 4.067127386657536 83.0176386690801
6.61301103655729 -0.05207280715414114 56.96149145742844
6.617174030099832 -1.4106153752399155 88.70138029239861
4.503687163481606 -4.710772341578879 4.8850761758649615
0.8908408518957576 -3.1288172476537652 51.40786342761029
2.973387040360368 -1.7164653263466834 -26.58732040696087
1.5757284399639722 6.561346264986211 -45.79183993011446
-4.254697434876087 -3.0494167058724515 -19.8380356316867
4.8412354306810546 4.836892652489385 94.13567748453708
3.031414941815526 -5.659213745186143 -39.27626718222548
-6.534538294714818 -0.31669861647359315 2.876577898028901
-0.6001787277397689 6.300673052466772 -41.654466366333274
0.9488395590968396 5.246526403024568 65.07646021221476
0.2012895851581129 -6.444707260012803 61.733191874256796
-6.568085517941249 -0.7716710449496652 -67.4664117398668
3.444997160502835 0.5080692157110668 91.06317685923857
-6.028494242019626 -0.9271781303574115 -30.601216527585912
-6.427443291736926 -1.0849863265904471 -81.10992922037245
-3.4030322360261476 -4.1669868869799975 57.52550852700471
0.039837161391889975 -6.340585259208183 -91.15264426877307
-4.980632051328385 4.214648446213202 32.54973779951295
-2.2053717695742674 -3.7827382949772983 52.25042089281054
6.657368676745502 -0.5494539434219856 66.220717258125
2.4913573645435068 2.5181912871310823 -78.37562359946607
-2.1641928704425837 -3.6436057003676328 85.36235229970848
3.5827844140344967 4.018669296501379 -16.284817736852524
-0.5859035831345396 -6.448748322607761 -60.25019170835414
-1.2814263268040793 6.446655570608231 -29.61559363527793
-2.3034781115023533 6.275144038770044 -8.515203380575612
-3.2273346728870163 6.027830436699231 -21.989740903222824
5.38889827062618 3.9696203914466164 88.69791103619797
1.7988979525187732 -6.245333652061145 12.202066129610047
-6.510372592531527 -0.8423438056476513 -43.51443433719759
0.74332126288291 6.474087716685106 -78.89371327584887
5.300621171326252 -4.342822088586324 0.05447025970361275
3.8458057283316736 -4.709204579157229 83.95420828641889
-6.5424985010099945 1.3289067366610638 64.19542404144892
0.2262805365531029 -6.626871480271604 88.199757729387
6.732264979009997 -0.5759445760540478 -19.413580465683115
-3.206491582031036 -5.8804229662340814 -50.4622017692081
-4.785741243298819 -4.3250725832630685 -86.57294417297528
1.9766643731539075 2.769203881356701 66.16016079379924
2.4741741450640222 1.7773979638750963 95.38274543179047
-6.576395225661448 -0.34415848420664263 -11.941744772458422
-0.6373023212919902 -2.3213331557643238 -89.1844393660974
-4.494393301854359 -4.4173644732274235 -74.83300141349959
-4.8697740512537475 -3.797689925818814 59.94472853026926
5.999397675389137 -0.15871757495916725 -23.367539670833988
-6.138897499672277 2.712598588353022 96.25686853465552
-0.3246912012561934 -4.8373180108587475 -70.21392883014683
-4.867137235147655 -4.117586261204472 79.94869974814435
-2.5061466023561056 5.602813592413568 4.0050196814332715
5.508355260782423 -3.6288759525216614 -95.3327522134875
0.7516516050790985 6.610437846320171 52.33962395453075
1.418539950889308 -3.028592050275727 9.199078328901201
3.354487621297499 5.416441199270761 68.54691746740038
-1.218280056072265 -0.7512478389210832 89.82288642152464
6.715269993727306 -0.7586256596361131 93.36861274043376
5.421552092494349 -2.083649803876969 -42.14988657161231
2.5623846757683846 -5.793096909152319 71.75807264907922
4.4486360157612035 4.367871926598303 -99.03073636821722
2.045656940119448 -2.8937645580570366 54.51962364319311
-5.470700116619264 2.9635267246603183 -12.26345339274872
-5.92675862515747 2.4656652517896993 -32.60651918915984
0.36717129949790267 0.5092820687674837 -43.503665314647264
-3.5579751135460476 5.55072174890958 97.35605216654565
5.784786037143207 -3.1206775322358866 91.29578269810195
-3.536606419191109 -5.746921469302224 -4.615732481922365
3.1334660771611147 -4.155659591885314 32.284308527114995
-0.8370756711056813 3.3399431892417475 5.9540954932008345
1.8412788533740527 -6.2695678901254475 24.39553257402414
-2.3900776081188004 -2.6800112911113856 68.6951484335604
6.4218234771045415 -1.7804814445906547 98.35261236473075
-4.166423939335834 -5.516995616538792 11.124419561863448
6.618146553440053 0.9028924713840252 74.88581513208855
5.752090200929322 2.9364382889302187 -43.367463809441126
-3.2364113359901796 -0.9868782572832239 -28.285350660690753
-2.593121343716132 2.043740108659449 15.735785277584002
-5.430891635902579 -3.7705938863854316 -28.977593559086802
4.0978294728099325 -4.547345572837165 -80.56555827422333
-0.9331265913379725 -0.5056113182462116 -84.83134748606794
-0.8797674864763927 6.43525872961872 8.824166590955446
0.26431375753299324 0.27606407024125224 65.3468470969866
5.749680974164878 -2.5423133504310265 32.84620395408081
-4.881775468345291 0.9332402898569513 74.75105983693716
-3.459147750482158 -5.412300432514355 65.27830702229501
2.899751628222528 -6.028498626043275 -93.6024166581594
4.786699071314909 -3.387135188826454 -45.341982573394326
6.355688965677419 0.11694519810721987 -13.318312205567036
3.487236296290985 5.128163505206689 -11.286882572084716
-1.583732430335573 -6.51832964746526 -7.858757491646671
3.483393575262621 1.2099010603708376 75.84516165163788
1.158204675877765 -6.466628363933623 -18.154341841213345
1.2473240516368134 6.470499410794488 -58.69280753848051
2.589300793664279 -5.812296945697255 28.843781201334057
5.235408909362742 -2.975510317048253 -84.66405806748072
-6.04302223785816 -2.3050529184615445 74.86134233874975
-1.24559132266025 -6.666018605200183 95.89530394187251
2.091382002041154 1.9500255350168931 -56.72946533285021
-3.292822173679346 5.711870597203593 -77.02266372649076
1.357852403206618 -1.113673049266798 -29.046816760804077
5.736985624755279 2.278264350826367 71.89177701463213
4.391353587484306 -4.972383712932237 -88.9313393042626
-2.3118825293391105 -3.6222229886642925 -57.23209129178401
5.044569993444687 -3.682267049732153 65.05870995907205
5.76261750389401 -3.4690883348949684 -54.71561866116306
3.958933129740394 -4.259710638851129 76.63325439936101
-2.781358839637014 -0.278794399342561 -61.4687528056531
-5.096510017243125 -3.5187922784048493 41.151695925271426
-1.7953508689326905 -6.4260673305640985 -55.306227753972024
-5.563372498086932 2.132376601480013 -47.8261252438952
-0.6652295212847031 -6.537037420873428 32.820178499523436
0.5756475675884376 -4.549631457944865 46.63392772644256
-3.4929174594288623 -1.1040720892337639 18.44058264664914
5.923694834824862 -3.069263594331499 -92.42317732282658
2.690502981377555 6.079112073831801 -1.6594803358358112
2.688438874098074 -5.354131491342667 80.62844088195854
1.7211069116447004 -6.434903186294552 66.17648379831215
6.780310888795376 -0.3914275648292178 -68.30560563162854
3.4079251039951743 -1.3551616935784763 45.66761106230988
1.0263842299943806 -6.468956221775325 6.53905003769729
6.1190935118952785 -2.065602742824372 10.35504422280853
5.806663040039593 -1.3838151326900778 -0.24525471746394478
0.7524115125197495 5.995055177351466 -64.4914408428454
-3.4145882891500072 5.979947755662419 14.814507676817627
-1.4355558212895496 6.093448223882569 75.68811694835144
-0.338685318050989 6.304429658253769 67.72124200888044
4.255609141805059 -4.376276095105254 99.64801058485803
5.010676910785644 4.491886332283032 -28.948429327538143
2.8409915845231497 -1.4169769042062081 -52.09360127177094
3.8981988401238317 2.267883885669796 -22.424385239615827
-2.507815395732784 -1.5701965647648195 -34.63629007064396
3.6111777013519504 -5.670625719445852 -20.638387852715915
-4.745588703858083 -3.8158112747001454 17.714012140259864
3.232614994542956 -5.663506612490707 -2.5728657239167365
-0.7194334421019327 6.634149392312002 72.1887350278574
-0.14229844923633855 -2.8730182468312075 -98.33641320986969
-1.654599585507247 -4.266804907220529 89.26952293551237
2.912044338732069 -2.0427726841142886 -54.773309481588456
-4.158979844899885 3.5075229554178176 -52.790684523246796
6.531714935153452 0.5440957122728765 85.68505693335375
-2.709137388209559 2.7160274016249657 51.5427978210377
-3.7978335406404007 1.4072920260691186 98.18447522406736
-4.247921564369487 4.9928787589331645 -66.18841236230188
5.601206036081471 -3.0164192606699642 -4.070018034232314
-1.8916625602499417 0.44924665086052457 47.361216662364754
-0.019406433943854107 2.162872736320958 -17.488339176072518
2.875764657009954 -5.772294752219761 9.540102616078858
6.5427093411125465 -0.15005226373260858 -90.1818486662504
-6.198891333622791 0.30574740100427383 -58.23534414703316
6.767449405365376 1.1206145202655324 90.3061397079202
3.893132759181945 5.045342920948298 -22.822237732455047
-6.256653418663762 1.9502743515835779 50.741801260899194
6.62465557190101 -1.0737797846481663 51.35264982302753
-6.529510844031764 0.5233403941455077 30.18506065404585
5.397791104283359 -3.8447700526146753 -69.03006381360093
0.8015269767134878 5.745876062509867 -71.34762471448941
-0.556571896807703 -5.172690605059545 -14.743122184884662
0.06420137590162342 6.80182856542008 -91.22218963492413
1.0198446282916072 2.11019513940892 -71.79230992862455
-6.8834953061999755 -0.37772499815695676 -36.20324309070748
4.586523201276421 -4.688692456435155 62.200479672600665
-2.9420494738476894 4.816145677887443 -34.41793226385131
-3.7035651096139746 5.264945424598516 60.525131142256974
-2.2664103612079973 -6.29877553513017 -16.778494027242836
-5.82522264626644 -3.695701798527853 9.253457317065255
-6.243643407705216 -2.312568239628737 -38.75558879585697
-5.585054973973624 -3.821621818369884 13.866467177429524
-5.036921801918939 4.558957408749235 19.746094336719054
2.5229569943720973 4.925339253764225 2.501693167002047
-6.158684835721664 -2.4572483127114677 -89.29038807763018
6.407474530385324 -1.289216674706838 -81.87468156492766
5.508312268398685 -3.6344503982062872 21.248112762913298
-0.015580809926832587 -6.829183862688511 -99.91166190208193
-6.616418693790561 -1.5979581088240906 99.28108052889357
-3.626585832376353 0.6809006121963368 -8.081469687041524
0.6375540198634826 6.022581931845242 -11.21615829261736
-6.302730239626362 2.074605034173004 -98.94748084020696
6.160841193212605 2.6082897355824217 81.27032288259161
-6.428503658266003 0.8731883747098257 -39.31879692073109
-1.8194974741282666 -1.8419961361300825 -37.770573758433166
-6.493071931790829 0.9989481364992769 -85.49873992436194
-3.875736234572469 5.544745587733758 7.4401506241576865
6.580317220605224 -0.2702168069568895 28.477210421308907
-5.757283039263177 2.8825713382036926 1.0753477244949072
-4.420757996977249 4.90269130198347 87.73012165746577
3.133842907348887 5.3950049567224765 14.640616912288863
-2.9321440488049455 -5.9532893925483865 28.981178806501124
-0.12768181570172107 -6.261859729472322 -5.223478861464946
-5.335619814272774 -3.2605956508026646 34.98572824382698
-3.5490388667884547 -5.72801870983959 -27.053366299561937
-3.6369809754495055 -0.9488292081174794 -54.793776820743105
-6.066229696661141 -1.068424913709411 -47.04665711852845
3.5372353215383217 1.4537523767560856 -32.95887091407378
-3.020575705710846 -5.737869760277109 46.38625080120581
5.642576849578521 -3.107366432702274 44.558118381244476
-0.6210681224538919 1.5289061402058044 -47.62079577340714
-6.081214736616197 0.49978476596822097 26.898094682089464
-0.6849336323817639 -1.9837961498014223 53.84047043705263
-2.155267154796661 -6.384445730819009 5.022946354139943
0.25443307778890767 -6.404649178266146 -20.7163885143155
3.8801525798363423 5.182047114760258 83.95027471798012
-0.805093852524879 6.69439388220187 62.54936949792032
-6.661372970004422 1.517036247961648 78.3223788007173
-5.5556109199160835 1.4642173450853955 81.11100760576183
-4.4605260431122336 4.886487429091549 78.32846640024322
3.287862690162519 -5.725667751702377 -58.75182227638017
6.419571102777834 0.9898522151176463 -35.266918087189936
0.07420103156617947 6.7604642552750995 -50.44538967128327
-6.704116318936209 -0.7068389898988502 89.98729250718651
-0.3591897861074419 -4.4628837080255614 77.6887813091631
-4.561328569125756 -4.968926957851832 90.02977191282045
-4.13833696767545 5.340288354165933 -31.338729144004848
-1.2837602571097184 -6.569495892240334 9.076806082471618
2.7313514120216635 -2.7503294528960263 3.119459814058595
2.0608467848614986 5.875221983873533 87.19571721385564
3.8392209311826484 5.050075119163356 -91.35733983971059
-5.202724795551048 -4.024183517664461 -69.3594864233769
-0.6809789806516633 -3.595035272069088 -85.09144107287106
-1.068565301089895 -3.6068984603518945 81.6938346075872
-0.2236296946363685 -6.6541999217923955 92.88804444013594
-5.188196303630791 2.652870007017087 -81.99713563407158
6.748528407318169 -0.49798851797737487 -29.782047823470023
3.151133616441202 3.5680379963163347 -45.00348282388668
-6.362592277822155 -1.8385935701115188 -97.9367849875899
2.221589678438571 -6.141740287787873 -65.06120161623528
-4.339677721460731 -3.976573255014518 -35.47332307922804
4.6978017080924275 4.8403237312346565 -32.440302769091915
-6.498877492094531 1.6368225532870548 56.76388165739303
-6.167892900353255 0.2001428053845044 0.10428525756561213
5.91429689901744 1.6473350197517587 -25.9517843818295
-1.2732350970500033 6.366684008225985 -25.527285194845035
-5.0987694910100725 -4.203516436199882 -99.06826975001276
0.002196945854230803 -3.560775533446697 -8.151317949343364
-0.3041054616457556 -2.2869597036054996 37.578744879557256
-0.6526730609378967 5.805618234192201 -47.307046161196695
-5.920339139774218 2.9141687452420455 69.436095670651
-3.231913860108695 -5.72543728972715 49.4430678166569
-0.8005616369601807 6.604319190612307 57.34001558914629
1.7715436394103363 5.936872258860919 -87.81619065945469
-3.848838670821774 0.7395124821629397 -94.15938983073721
-4.732798118355823 4.64638480734737 -88.44505944250729
-2.053579668746478 5.330817670023457 -60.34966643148977
4.260495613635509 4.464524509813862 22.958894696050695
6.223541400688044 1.603163746147891 -97.01611154476464
-0.18524028453072217 0.6699878547163383 93.02063905917501
-6.6579591757990855 -1.6915663376631491 -74.14999680647121
6.321821172528201 -2.54321140746679 3.0661388972913115
3.305961063681712 -5.795002769343221 43.89405162406087
4.66671158496302 4.531857382203477 -49.2350427345679
-4.464195843426948 -5.229746997885 76.55592183200683
-1.6387464777754548 -3.0833624281701675 4.614064886853352
4.349324552968334 -4.975899086537757 -32.5223198399433
5.768818123071349 2.9639460435288645 -39.85084927302538
2.595295719678966 5.752032547345846 -19.257581073316082
6.780683081581546 -0.007728295106187163 -56.38709023314585
-6.127089601426492 -1.4046198363120839 21.626326620845163
-2.3768360789316145 5.806051190562808 31.356846476944213
2.9105396392417724 6.070999883909683 27.764369663122885
3.3151162348134022 1.3482515911201896 4.088605519038199
-2.5139702639995316 5.978665131112987 -63.29523210897899
6.14611547119333 -2.801419596168986 68.8732982156721
-6.65648109729014 -0.019842110573657035 -4.907695048005271
0.1430584647013435 -6.53025074081112 -50.643115303808415
-6.371208181836977 0.9408679155410897 15.416278962353013
-3.87659012604987 -5.266090532478957 -45.207279707768684
-0.5725974315758837 3.7433673688926383 38.34476495990814
-0.06464113912327084 -6.657061258602465 53.420753653535726
-5.756776333244178 -3.460837203184512 24.67698184410743
4.091838706279507 5.1108911389145515 65.54597475307527
3.388677620443638 -5.7941057113704035 -84.43193274863567
-1.317264530269095 -2.9380626006629713 7.84305438862413
2.852945211416702 -6.081214170880463 37.201049960490664
0.4141011525207705 -6.602349377116532 49.72354346520603
-6.180510343664399 -2.5460300444836568 -49.89667360321411
5.983187643472122 2.5479593688446385 15.40014433068983
-6.283510959058148 -0.3699842747132266 48.509335994655316
