-2.1034057776238426 2.0666493726649597 -35.592667691513164
3.32707206422623 0.6348348448976291 -87.49140674533609
-5.105545907221029 -3.733504397908256 95.09585177093865
1.0493095598940996 6.740960092379161 -4.664242165208075
5.100632987776795 -3.832662859502695 24.719515049941396
3.41453912118578 -4.357525990068643 48.03928274579908
3.712478361000955 -5.233220491410936 51.45769024463103
0.295749015724601 -2.2652745667436784 -92.5951301451688
6.201033371429961 1.540263930046752 46.747492293897714
0.16782847757971964 3.3257856287569236 88.60020868008047
-6.135754668259092 2.340027773039757 -7.099621861396113
-5.56097965382918 3.4922189922374347 -40.01697097076446
5.562487530050233 -3.6866420098674264 -29.74016726775504
3.8574966371322366 1.6392005731339727 86.90835463648668
2.109792019795378 6.202080777818902 72.34350327403347
-1.9419918530350297 3.0668551142551035 95.14175093443914
6.238628148480838 1.170987192274052 38.820632262294495
-5.399105587374615 4.024678706969728 16.25229631711162
-5.265704645394302 -3.7888087758944624 72.63106291930563
5.684739654761379 -2.2685749167687956 -73.34512674033638
-4.6552986137932795 4.888194655485857 73.00401065788871
-0.8205829460714898 1.1207453842900121 -93.25676391853494
6.343856661757469 -1.7355373396804525 79.51702746287641
5.67159715832749 1.0690275605904038 99.39440978572097
-2.5609490820602305 -5.180787841012803 24.837731631714593
-1.081391150266694 -6.5816995018154225 -73.70450976953161
-0.7686225547652934 6.045590811733976 79.59179401622677
-2.5801208354416185 3.876690091171637 0.5251466164397591
4.73334533584773 3.1331642655845267 8.23642508412581
5.264268818546615 3.8065517916362768 -0.9708881460270455
3.3214599901963062 5.62581946263362 -55.54762840732236
-3.2999816111342732 -1.3059808378497633 95.00233673944066
-3.0180263068203366 5.940129140830394 -91.04198263617295
0.7665905612484374 2.504004042318207 -88.90629298996838
-0.8282250779961985 6.006599425702961 27.054601115365966
-1.3550800404843342 5.735036806427957 41.90454396368822
4.533692141737676 2.054137773226513 -53.747114407230576
-0.015453277366978246 0.4348842360546128 -32.620272498656576
-6.765479756707992 -0.015654594424906937 -23.078855544561847
5.026772447390449 -4.349172321529107 -24.513952686051393
1.8529810330656846 5.9130229146046025 -37.75394561532254
-2.701075690364369 5.817121002138749 -50.08242574505777
4.703467132324688 -2.1765237734571707 35.44896801103117
-4.923644998928266 -4.444473839133422 -31.849024278893
-1.3255003705581434 0.2133726508833328 71.20957278318683
-5.415735095463338 -3.2825937362216804 28.097330514077917
6.391881689384718 1.4378137691505881 -51.673247057813576
-6.580634151677654 1.2391664821738018 -54.64500899959422
6.482091364150958 1.4650484267767314 -62.046127424449764
-1.9018731397709996 -0.7192575846871185 33.03737767068411
6.840887926160522 0.7211188450448802 -71.90007777689962
-3.1621223963819935 4.5433149430093644 -43.57087750785076
-2.5394407899554423 -5.893137436325197 -11.667854971968387
-5.31242902106533 2.052250501082296 -67.38156233364276
-1.7499994436902666 6.255125235602835 86.19285247026346
-4.74804703751366 4.316354209604345 64.30980171500389
2.6087639231565327 -2.8065975351383736 -40.24218650733246
-0.7322533656273142 -6.643363108077119 -85.55788282381951
-3.289210916360043 0.28409271779053796 64.99495964078586
0.1501745495610227 -1.0372548590002297 76.8100567849461
3.0542859031900154 0.5576166676622798 -93.38267611626947
0.9886827200917149 -6.794919470593934 -43.14935371597888
4.127489628122974 -2.327553095353903 -21.45731947927947
6.482950684426973 0.7177285153685072 -32.24665183369537
-1.0709791267515478 3.4523652603263755 -13.198087577690217
5.965674700414761 -2.4340977923683735 -58.0648434939844
3.8410236657843257 5.377793739224662 -68.44551977658315
1.6807057966245018 3.197945122271224 -92.35933437779157
3.2198162473381773 5.1773180829698155 -80.4672931389874
-4.145762932669276 -4.458469051585342 6.708516151309985
-5.842593153036779 -2.4107744559890545 55.522235208432775
4.840114338540925 -4.699063633190886 -35.739818040760746
0.3662633076472135 -0.10435940656433551 19.771661926687948
-2.081515211497366 -5.926696988264191 -33.13875828253616
-6.292822003991063 1.278240185985286 41.12228587186396
-0.02763038687641481 -3.5329445394422647 -65.66883870540282
-6.039080735378193 3.020950833582873 54.10173988924015
-1.7036969624789469 3.3687506962938376 22.81547791685146
-1.2048928539203174 -5.703629327102587 -1.7114919869111664
5.599323917157658 -0.2637418369506206 42.93392397992358
-3.2583737409477256 -0.6919481697362488 11.53324440717039
3.9218375758510233 -5.164121860170266 -13.827121247073967
-2.2336273989899214 3.113884935266962 85.7565684905785
-3.698412750739838 5.654692649142239 67.34198842815702
-6.003315468490919 -1.8746037136229112 -78.10807815813084
4.697502186633934 4.453720782434317 77.36019842920047
4.800787805321516 4.077287652406558 45.926203618142864
-0.8905801056889869 -6.758059941154566 13.321102537897671
3.389934945591244 -5.380423602335357 -97.32977575006554
5.6307329783024445 2.8983459481327705 66.00373849765175
3.889698863110704 -5.084896188735186 57.87082155559572
6.168336741409742 2.549536853536142 -82.86813193775161
-6.037324753982269 -1.688454491704618 11.440864628224213
5.161760676083019 -4.322285844403648 -66.19421849041214
-5.706617444560121 -0.2703560477229055 53.12088058361192
-4.681004140684749 -4.576664862985387 -23.493459960407666
-4.105529991301808 -0.1436711497871191 -82.75856241535062
-3.9787862952693818 4.9061614990502695 -14.323205332911705
-1.9747587834058955 -4.829264534106759 37.310024377406016
6.307191648943959 1.370687712821511 1.4593583875098866
0.7751528328678502 3.3965738769626266 85.83970075426903
6.446145537720052 2.2089238707442562 4.122627081988669
0.8162697097369215 1.362765010080977 -67.9825033808505
-2.1650940126404565 -5.025904775099905 15.512254708809264
-6.526506336666345 -2.076994600208117 37.51773676338886
3.777753966857571 -4.73826169949672 40.72590105352122
-2.4218619139420663 6.374583635571325 21.177525879008144
-5.719281059549062 -3.470864079621074 -95.31836665410293
1.2184828784351696 -2.409325880500387 -67.99205466365503
2.5289136511865236 -6.086799094593911 54.94864533785159
2.2952759836009946 2.694987755705383 -1.6127027317646605
-1.128855726186167 2.9323844597505033 9.432222456773138
3.063405633094956 -2.063892087224961 69.94976133918513
0.9681948760412583 6.491122860758261 96.399565620472
3.4887534496001043 -5.904723126456227 -53.13817105366967
5.610156360656193 2.466623258440092 92.92961687450713
4.190840978737395 -4.743829776113082 -62.12574232757187
-3.097389308173879 -5.425731723057907 43.494784225960665
-4.734351435650022 4.670153548383631 -37.08058602721867
-2.198623996106059 4.881128992176489 -86.48649546758243
6.2476677897258455 -2.601784871967934 14.363054594170478
-4.33276525522169 -5.15692597715812 -0.4999384286659931
-6.368408604002265 0.25593649844813326 93.66910249803149
6.55980920615169 -1.8371167480390613 -76.85854901239115
-6.299217344611415 1.582356768226814 -78.57187578061095
-1.6255665698796415 5.935500347876957 50.39753168174335
-5.293091718755541 3.6831191982514655 29.612061524658266
4.764169914915859 0.16358616234275125 53.5400540092078
6.5878709474135135 0.3784187089593741 8.676633374536205
-5.273874333501533 1.3918241551196497 -25.781750693387583
4.541436530209982 4.601035570957857 11.618704568762057
-6.760050488229737 0.809119272987405 23.869296831658765
5.702755205002459 -3.5033619883597935 86.4750447990624
-2.0461703556742066 -2.560466396513507 46.71380157966705
5.145593194112166 3.817695387426669 26.70933255115061
-3.146032114691615 -5.9831108176993055 -67.2143656144194
-3.8359593506231455 5.110427600091777 48.11270844947403
2.2068475411758026 6.413108991630941 -30.219241415543546
-1.4941529109142382 -6.346616055587697 72.29565878574441
-6.586072503239318 1.930553018910996 -51.40982771321947
6.406155987593427 -1.439918716187287 -37.24381538676583
-3.4781697579694946 4.829474012770592 53.70061749101305
-2.4714840761945913 6.323079450451213 -79.76943043516553
-3.868625655667153 -5.226951545961349 -79.08505882672193
4.06194759174907 4.097293457539942 -65.77835807476306
-6.235885186421251 -2.7689010063499078 51.76513668269252
4.795162311762573 0.729805230518787 12.873196500183237
-5.6643666884520565 1.7184190355416975 -64.2449216953655
-0.39440192730659734 3.8929290087440593 -56.29605404613287
-3.7936809960387428 5.152450202047861 -93.78345267738607
3.8426085281516045 5.14328797978035 91.34978174035085
-5.302554985746918 1.5805658408929992 11.751644926466147
-0.17618561530259935 6.640282665245647 35.23900525103754
-4.236858079814451 5.072747474077239 -1.9204593238613819
-1.6629796731442554 4.577706660722627 -99.16019244795939
6.412530541388307 0.5404158487916252 -3.412430025866151
3.9427295877470234 -0.38434281590290376 -66.4399181472838
2.5793703857273695 -6.013485157451695 2.2484503806872076
3.5577880566414595 -0.39628832781725076 9.691769048095148
-5.482274782388068 4.08284658415854 24.19945344396014
-5.998163587028938 -2.8096184149652537 -58.441811481765285
-5.6450199859512775 -3.176632557201766 84.91596877177163
-3.399487719382464 5.724753014676693 36.46305863176299
0.848569184913339 2.0564175439249586 43.55011552335333
6.3017860399574746 -2.067126584900366 62.0033887256692
0.6505958445011812 6.727553336221544 -0.01572246791315246
-6.593830884213312 -0.4899188454491479 33.61905665242872
-0.7916976735832956 -2.66173800953552 25.11071466363259
2.92525564601539 -1.5642959401118843 49.938744665650276
-2.552794055586771 -6.045828815546552 79.59052277035224
2.209254438798487 2.817318298037676 -27.69588399804971
0.4229280530727413 2.502428075774302 -53.23007197338358
5.751816149357873 -3.4871248263682113 -7.108666437073714
-4.386428182295958 -4.004275913574612 -64.62636414610809
-2.563838670062042 -6.121635218976231 -98.69213838572504
-1.2645344442280098 -6.49612711696874 -94.46973992967948
-1.9173544459090361 -1.674541743998393 43.53664522860089
-2.021622058203562 -2.357774812703652 -14.050829575542403
-4.698966390166131 -4.053526876752309 -9.199353108897501
-4.19606976472456 3.737045955531932 -28.724549515725986
5.580415176710207 -2.96928688676726 58.995263333723486
3.9218529673167075 5.3355586847719865 -42.47549480108703
-6.645803118480604 -0.19642695026806176 59.38011283011063
2.920179993666293 -5.650296764819028 -77.50997964554072
-4.93734849010971 4.2587801267117005 84.20946735595808
-1.6752821731755039 6.14209868652177 82.43441967078138
-6.142423701608627 2.3959535353108885 90.67064816915233
-6.564248152324153 -1.1518261437192794 71.05143435272751
-5.277217845989645 -1.6280790494083355 -33.8103933799496
4.624315283745829 3.9628575706002946 -61.16351021624272
0.7036988773251313 6.453170140334336 59.83219866112589
3.1364692367353837 5.387221811474806 -26.554967215514257
-2.9805682641234963 -5.902643894008263 54.55833553340316
0.07733596007627397 -6.20160319774619 -67.55886960685416
5.933672850092617 2.545548243243531 43.308605136223434
0.7774563572772769 -0.984647151048393 -71.32002445347506
0.6263057481367499 6.09923249429976 32.191702078109756
-6.888914342900171 -0.44117715109943734 66.95956382140484
2.003866554586612 6.636637672814849 75.23972832282907
1.4212541161403303 6.345527403422608 46.279674402821044
-6.584417043202487 2.006731863598957 -88.0835265024201
5.549245606914341 3.2400457882461966 -79.33716934211326
1.6684825299990977 0.8791199828689303 -83.35800636524155
3.17685727931077 -5.423715605301146 -86.86424257377159
-6.422295068217621 1.2636896843522623 19.6215907702638
-1.8192868197793195 -0.7816148052192636 56.32993042823935
2.8893054265859215 5.505893275825806 6.693941190219133
-6.565421139774188 -1.757045886888701 -85.83763344933222
-4.807770379012513 4.179760909081289 -79.43743444660483
-5.090726336196717 -2.373168443564934 64.47270041494743
-3.871278735155245 4.003684802619777 57.10650613103077
3.4714147217234634 -0.5673510176173626 21.91895190469006
-1.12866136359129 -6.248746057527546 69.1246522237156
2.362763583210542 1.3982709422935367 -61.5365584553883
0.8954421861898983 0.1324217886693725 55.765831738214516
-5.827493129126669 -3.30070626774222 -4.309757423868426
-5.7731904891659225 3.2800674355236112 44.484995764548884
2.2563071774919945 1.3378663101353834 25.612636136809737
-1.9773760936413634 3.3701825569044916 -92.13375557263903
-4.856105724299551 -4.126114754809907 -82.52650824650706
-2.8980169875633326 -5.665784670243236 83.49540177217872
6.195232439026957 2.2698769574876567 95.85116388139042
2.2746656279676007 6.32442883759838 9.379732525151882
2.9031088164438867 2.9469082542571363 82.05178199895167
6.645999212104382 -0.04919861641368008 57.16205743596405
6.617174030099832 -1.4106153752399155 88.70138029239861
4.411397214441531 -4.791917832098673 4.954615674137694
0.49397412493812715 -3.2926328580842523 50.3641107440818
2.9272806242593106 -1.6642811309241028 -25.975824741195268
1.40241286437339 6.64787301996315 -45.282809478073034
-3.5803380945102177 -5.291656891181199 -20.66146767857365
4.731161100367673 4.968379314229997 94.25651604159168
3.209905935051894 -5.8917681546317535 -39.58135060174242
-6.669590450096045 -0.12463339307038407 2.947608132818008
-0.020990729526048968 6.420707568203412 -41.877312994046825
0.9795664636080247 5.322531501384741 65.33595454708336
0.5576472229855975 -6.890293513009709 61.82865179288858
-6.4812926472733565 -0.7347184372532753 -67.37546824688248
3.4838491290305513 -0.5945299525136005 90.43290098504758
-6.39230927864316 -0.7582015549081254 -31.14001628561083
-6.784045925683162 -0.7150858102171014 -81.51890187701099
-3.14206355719798 -3.2663792216702325 57.63333239967987
-0.33666617062734283 -6.4036156918395335 -91.36442699201734
-4.980632051328385 4.214648446213202 32.54973779951295
-2.282640510366371 -3.7966429024779655 52.15016125700561
6.657368676745502 -0.5494539434219856 66.220717258125
0.6918130377765632 4.355463061556904 -76.39071652167723
-2.580772547614111 -3.6456984472135305 85.59062215438108
5.575574120915747 3.5539339791680775 -16.59358445391306
-0.34239647991553 -6.586740717096436 -60.15601774119336
-1.2696407227087454 6.570510957000602 -30.081181746557572
-1.4880309182874074 6.105412838920361 -8.426852991068946
-3.725146334166654 5.251770188466298 -21.477808305057348
5.313865879588933 4.1299817425705285 89.10100940806579
2.590163517365217 -6.057900306617451 13.578559347910302
-6.510372592531527 -0.8423438056476513 -43.51443433719759
0.9234873616358044 6.689738364437422 -78.92565640748701
5.300621171326252 -4.342822088586324 0.05447025970361275
3.5252570152315807 -4.898842646282243 83.72264401192065
-6.156671261416377 1.2744291048635794 64.37848067687925
0.19293260909125223 -6.566105447999427 87.93849822038402
6.650094783482385 0.7108957983678521 -19.7359754575469
-3.206491582031036 -5.8804229662340814 -50.4622017692081
-5.054626668581047 -4.445567807883767 -86.65963187919954
1.9766643731539075 2.769203881356701 66.16016079379924
2.060974337129135 2.3088429253329097 96.07699538311635
-6.677501494162296 -0.14692285170599165 -12.051721557858965
-1.8583708327012487 -4.287483836512318 -89.51644585571478
-4.494393301854359 -4.4173644732274235 -74.83300141349959
-5.051911467656032 -3.980790571440476 59.98372455356064
6.6825262726135835 -0.0002606873556556897 -23.729369447950905
-6.138897499672277 2.712598588353022 96.25686853465552
-1.4216123392186588 -4.7364507780740635 -70.60989193888699
-5.4665360372087894 -3.7663833461935146 79.63918963064006
-2.7239732003696218 5.608170331554345 4.058550647915319
5.9073329411987885 -3.3072453494126792 -95.6650787237176
0.685999950642579 6.56531354011567 52.375912702916196
1.2711218549454515 -2.575224515884438 9.73370413220699
3.238141388909921 5.404166293854974 68.43645741009954
-0.594250607443817 -0.9864009763026417 89.11277105726107
6.458049787822742 -0.9490622775797257 93.39519721354309
5.438738067665818 -2.098422480456319 -42.17875075089341
2.9081029042928943 -5.566903775786857 71.60842980089765
4.229504995626122 5.181196308950648 -99.34358464321286
2.045656940119448 -2.8937645580570366 54.51962364319311
-5.652143642997936 3.129766774934988 -12.240969451745109
-6.01883986155394 2.2495537844406783 -32.31479944575112
1.5296946359324644 -1.1386473485849913 -45.375399975062635
-3.4193715364932604 5.166448800838403 97.68718438992038
5.791347410598568 -3.616874745051846 91.42217206271769
-3.0994759846127735 -5.7573548171308655 -3.7729143814303323
2.953482996776237 -5.772617908624917 33.69307090423933
-1.0392811966973055 3.829152974376503 6.292635942583329
2.12529987104302 -6.029303748204861 24.38091507440809
-3.1819604575773766 -2.3710137577942985 68.90809858205455
6.4218234771045415 -1.7804814445906547 98.35261236473075
-3.6257412648033416 -5.32006825515704 10.491803848737774
6.666953763519741 1.0980642097381632 74.64861038161278
5.768525285754524 2.9344982067952277 -43.393563296411116
-3.565276860505092 -0.9423563595482631 -28.697405714994876
-2.3501539795448148 1.447420610730562 15.511551361307927
-5.430891635902579 -3.7705938863854316 -28.977593559086802
3.883727287387428 -4.588189801134941 -80.65603468435226
0.6828635965874611 -0.5432656697209215 -85.93544675479036
-0.8406645543610594 6.4158905567751825 8.673079062585607
0.1425593325661556 -0.3979941342987103 66.93147524964871
5.742808332657894 -2.542648627047659 32.85228300046512
-5.587278610444094 1.5722510816359891 73.77168337377458
-2.8324504345373795 -5.4135009546555555 65.78882228732941
2.899751628222528 -6.028498626043275 -93.6024166581594
4.3531414250240115 -3.747502947124758 -45.23397903211528
6.324573386776963 -2.4228548242308756 -11.011582565929778
4.2007365397081875 5.305844653584464 -12.255220339489176
-2.152913959931459 -6.275725133151644 -7.928216456194783
3.3239837670593557 1.0551505105203336 74.40500926228256
1.1560603199178203 -6.466177800830466 -18.15363451325111
1.9301258977020501 5.482978330350161 -58.49142882151166
2.501972725235038 -6.303792422554981 28.882580417334086
6.519886332340342 -1.261079779641076 -84.64013112558092
-6.0815106136907895 -2.017077534293933 74.63951534657907
-1.24559132266025 -6.666018605200183 95.89530394187251
2.2163232518772036 1.9395027218531764 -56.354258750970644
-3.2545392100246957 5.6991906769983816 -76.9147770453034
1.7495318907378228 -1.2020384428654876 -29.829766545828498
6.158568427408918 1.9307798416474924 71.99647459419546
4.230775819527946 -4.75028524250716 -89.37836845873352
-1.0138681261359208 -2.5983224409629577 -56.46270952314875
4.996256864146273 -3.6404329798642783 64.77046885987521
5.612215017029009 -3.215256224968427 -54.07574877534908
4.2142729267804135 -4.195392932129579 76.24268139278999
-2.6380497038251245 -0.7431389829526662 -62.04289341567189
-5.1389097235900545 -4.090460514899149 40.70169801970568
-1.8446387082873932 -6.374856862413862 -55.28908566870833
-5.735354063036024 1.7458792610910236 -48.48185897717587
-1.1807958542712993 -6.637541917737018 32.683801469885466
0.6595575853724274 -4.856091173993303 41.535996959111806
-2.3299517865563 -0.8308288863970809 19.01756614090382
6.139278288255167 -2.7546098081941643 -91.9665206794616
3.132071785642459 5.88002115268812 -1.4974547358990997
2.8338408969239954 -5.350136782395673 80.56000775715277
1.1155759494248267 -6.352707593242169 66.41943835168112
6.8094760921736945 -0.3588518140609949 -68.29668625740696
3.4701415400314963 -1.451416491612503 45.91978992615107
1.3099959648220771 -6.617315971701702 6.58090285427286
5.985798959446799 -2.56448476005795 10.63563310294017
5.806663040039593 -1.3838151326900778 -0.24525471746394478
0.7621621472127966 5.978468329121391 -64.49538699979894
-2.871683285202062 5.893540040214615 14.821942631109414
-2.0497237117231975 6.490402826505503 74.94158796518279
-0.2840246345479917 6.483190581435283 67.54514058935062
4.255609141805059 -4.376276095105254 99.64801058485803
5.456938130405073 3.704555486128733 -29.589729862045928
2.9442432677477797 -1.603171667058427 -50.5262605823725
3.3897822416992103 1.6383684067339592 -21.657646014385723
-0.22369054826382362 -4.581059067195897 -36.03455123366198
3.6098478653825716 -5.668460450801861 -20.63987565249837
-5.900623078511579 -3.552280748741971 17.637748325425278
3.59692920194338 -5.873866254563206 -2.275599256072197
-1.3345836414988543 6.4299592483770205 71.68365602414079
1.1851627575658275 -2.761764095321927 99.42979561589212
-1.6323371884779532 -4.263077214028826 89.05745125040524
1.8133343045730719 -1.1086904693617574 -54.270503441816366
-4.067823490929749 4.270164611183748 -52.16669576692355
6.569286642286755 0.5138633247701154 85.69745943935153
-2.874403601851961 2.61302854251187 51.31138900630189
-4.081829035310266 1.111952878088848 98.23139802958664
-4.223270580980507 5.0643516380866975 -66.22790039798525
5.719256319509117 -3.191814202582932 -4.007122153977412
0.08504026406279047 -1.1325689281029132 48.34613391628018
-2.604965959847188 1.6153723162739915 -17.619347091751134
2.8735969922144626 -5.777666977110329 9.54631577519632
6.313121318628223 -0.01131596238368987 -89.43435965172456
-6.15137797231689 1.5298099254778448 -58.27720132956524
6.767449405365376 1.1206145202655324 90.3061397079202
4.409083148894997 4.658386552630275 -23.11439621234301
-5.826221345027962 1.931237835746355 50.29192719245154
5.450954564404515 -3.0238259162827497 53.282559642650824
-6.560832719436979 0.5414194598302877 30.35303721819226
5.397791104283359 -3.8447700526146753 -69.03006381360093
1.1782364134634828 5.605350430538179 -70.18131874596615
-0.7720904031481219 -5.233769873443643 -14.455328528970162
0.09775477604420055 6.748567129796055 -91.27126596235004
2.7131125195269146 1.4207502190089585 -74.82131371950435
-6.8834953061999755 -0.37772499815695676 -36.20324309070748
3.4066147707910654 -5.396019120796412 62.06389253971649
-2.8058013945310605 4.645759912884217 -34.44045292616761
-4.0267348756172145 5.23082077989724 61.253612092175004
-4.071292776810566 -5.165428596470678 -17.56212220501894
-5.82522264626644 -3.695701798527853 9.253457317065255
-6.242862249718956 -2.30950751080042 -38.73351285919821
-5.44244862263344 -3.5997993048377923 14.061367767152595
-4.065934676657093 4.397066639411086 19.573767979652512
3.7541564924693054 4.6028735864887445 2.923254188764746
-6.158684835721664 -2.4572483127114677 -89.29038807763018
6.407474530385324 -1.289216674706838 -81.87468156492766
5.508312268398685 -3.6344503982062872 21.248112762913298
-0.015580809926832587 -6.829183862688511 -99.91166190208193
-6.616418693790561 -1.5979581088240906 99.28108052889357
-3.8425773213051126 -0.6630760299062762 -8.819584638606974
0.17945137044309206 6.453313374655866 -11.104203034030842
-6.267355171035545 2.0395517711765607 -98.95055337939094
6.160841193212605 2.6082897355824217 81.27032288259161
-6.730864977763313 0.232923280734455 -40.805895807620296
0.3442936886435558 0.2289685797304758 -35.24727973725594
-6.493071931790829 0.9989481364992769 -85.49873992436194
-3.5550857170577785 5.407739083226556 7.543482321223288
6.491529652256147 -0.08797588399131456 28.636025816763308
-4.494257918846687 2.4402158206462774 2.567922755646255
-4.420757996977249 4.90269130198347 87.73012165746577
3.1269326656603087 5.7707245825167295 14.335172822462635
-2.9321440488049455 -5.9532893925483865 28.981178806501124
-0.12935459488169979 -6.264128322175447 -5.228815062798401
-5.5558974880704675 -3.5995704495179006 34.82777345952242
-3.4859213815398986 -5.727903685000151 -27.186474338131568
-5.193095681964818 4.689514234839135 -56.038148108157756
-6.395224452493324 -1.7315171446087265 -46.836324669140424
3.5372353215383217 1.4537523767560856 -32.95887091407378
-2.877761172561358 -5.735062707118049 46.58111517275892
5.642576849578521 -3.107366432702274 44.558118381244476
-0.9567792121545499 1.1509647889152514 -49.774730089035
-6.113898382344774 0.13527665275561618 27.172148392512145
-0.8046231067736995 -2.0679564363028193 53.86042457593479
-2.1852701552536535 -6.240183655075545 5.162499750166969
0.8132392112349628 -6.928917733867597 -22.221373640614818
3.9909270537435972 5.131663661584321 83.9564462902145
-0.6556186722397019 6.820251240170366 62.57529018586584
-6.279391951805678 0.831078836018763 78.17878959130918
-5.49296925414407 1.5928663236492575 81.22715106739476
-4.453997708250021 4.704664327292252 78.936900846079
3.287862690162519 -5.725667751702377 -58.75182227638017
6.657772452785306 1.3383734059995382 -35.14210452154323
0.10450107112920848 6.494450910863727 -50.446987467719445
-6.662384657605462 -0.8582786469809431 89.91879780477753
1.2253038251923702 -4.259125636418816 78.04444401862727
-4.472226107645713 -4.869138484706938 90.4471705473799
-4.13833696767545 5.340288354165933 -31.338729144004848
-0.9046702707325219 -6.388567722052758 9.5152171072845
3.221392955469661 -2.812866518780996 2.510264131592039
1.9538832419532426 5.820716126079025 87.1861975930759
4.097081954650837 5.1951918526155225 -91.29668095554106
-5.084260603358355 -4.014195303786632 -69.4341399726967
-0.12202263263604948 -3.4207140038742025 -85.13004557624787
-0.8520642963929927 -3.5867559109990235 82.10179977787743
-0.6170937519401378 -5.987408484488068 91.67315520857115
-5.575256785189213 2.508012571579402 -82.12002338487906
6.414663241066869 -0.6261763009682172 -29.787786336303697
3.628546668370969 3.6127504162227235 -45.62230586859374
-6.362592277822155 -1.8385935701115188 -97.9367849875899
2.221589678438571 -6.141740287787873 -65.06120161623528
-3.9883679685765148 -4.295462958458004 -35.138150224764125
4.659025697235522 4.765217151973667 -32.518798694246
-6.498877492094531 1.6368225532870548 56.76388165739303
-6.018443160492841 0.48756060026676773 0.0838322965013934
5.9444606148292625 1.4478313411472017 -26.02965388883986
-1.9266604902825721 6.417144855849226 -25.489624988876393
-5.0987694910100725 -4.203516436199882 -99.06826975001276
-1.1657402349494554 -3.3821495368229497 -7.824208992530639
0.4719706509553594 -1.9360821568074384 38.3287899040924
-0.6888569531249845 5.50806318908732 -47.57438626945478
-5.920339139774218 2.9141687452420455 69.436095670651
-3.231913860108695 -5.72543728972715 49.4430678166569
-0.741422864941832 6.607058530172974 57.24562914948415
1.7715436394103363 5.936872258860919 -87.81619065945469
-2.9011907800883865 -3.0595479543212662 -96.30105050423478
-4.732798118355823 4.64638480734737 -88.44505944250729
-2.9354398918624103 4.6017835847981905 -60.04256492731096
4.260239105108168 4.4660071175064475 22.957437777512897
6.409790020233987 2.0067774087828294 -96.79818122926201
-0.18262410790415798 0.6700059491289001 93.01888993820697
-6.696694683523962 -1.7236835917216289 -74.08563464168341
5.808740837038869 -1.149096450419581 3.2428829559883696
3.305961063681712 -5.795002769343221 43.89405162406087
4.66671158496302 4.531857382203477 -49.2350427345679
-4.464195843426948 -5.229746997885 76.55592183200683
-1.7974612739648912 -2.7664170627602362 4.553403258107277
4.349324552968334 -4.975899086537757 -32.5223198399433
5.911895626987369 2.4765972656222752 -39.59079712597981
2.3714037364758127 5.814996249520786 -19.142961506221393
6.733507852573976 0.11511634889464972 -56.42363521476502
-6.178727301728301 -1.0703017228144114 21.320589190263046
-2.3768360789316145 5.806051190562808 31.356846476944213
3.004827660766222 5.961979207381106 27.667784213151872
3.372383005283352 0.5193515598477547 3.7052354842723467
-2.3558730565374106 6.2815622161508005 -63.610277624112854
6.14611547119333 -2.801419596168986 68.8732982156721
-6.684002188231388 0.1783733539482964 -4.697163306655654
0.10140193802208174 -6.526466027347353 -50.50102199571479
-6.5074690141909874 0.7664179589276692 15.258951667785361
-4.114131445816349 -5.151990434064219 -44.85557533204883
-2.0712118324806887 3.164996088988552 39.15187068131305
-0.06464113912327084 -6.657061258602465 53.420753653535726
-6.01909457278 -2.4847380960254823 25.01136624729609
4.094691396881008 5.0901235587500935 65.49418468026883
2.6407940966684604 -5.547308635271395 -83.82542203671682
-1.4280219145723645 -3.1576507545427104 7.83032644339074
3.817679077643414 -5.230934074395732 37.445136302310736
0.19602673751637667 -6.518344043654688 49.77785816832686
-6.102044953153856 -2.610558389439053 -49.77186242583861
6.405451801745035 2.231099086670317 15.43699422064048
-6.533242787814257 -0.9623066541397469 47.81265298648835
