-5.77267216187782 0.1549798247804619 -30.15974783096079
1.1073888866251347 3.684754335250001 -86.66443267657966
-4.54668709716403 -4.642725355898483 97.66013723623479
0.09294696463341845 6.497458639389841 -3.8244443382850446
3.0095249345668265 -2.907412285434338 24.76254510581052
5.614532952860441 1.1453052477894594 51.84477275359217
4.014573274537617 -6.50242248685522 50.98263026691927
0.9509666906920716 -3.6039258192369563 -94.83056258077225
6.3843253652314536 0.46570192606976113 46.201592179289975
4.230765620655785 4.778361827594711 87.91752510046743
-4.73837653652945 4.721120902723757 -11.527385379224283
-2.0312317371453465 3.9842446737510877 -38.893816286130644
3.2598766693972445 -3.8453227793734337 -29.025704146232133
0.5534082637323445 0.35463364051499036 82.49991133944557
2.7125525042717658 5.590287057399709 71.51511686579724
-2.778179840595775 5.028757786026498 92.17797331398039
5.6042342402847645 1.198590789215825 40.052180547458235
-5.235861821618886 3.5009332521595367 14.223516086468717
-4.144736979775774 -7.11089747442189 70.85299504686255
6.480547096656633 -1.53673827648283 -70.68336228784597
-3.901395640451245 4.702302584051823 73.94461539494169
-6.233461795612303 2.5816481348357563 -94.18578325325156
4.401626257713065 -1.4961293458368732 77.85306495853195
7.059984589966617 -0.19015196251181127 -99.0047550560657
-3.498330166756571 -6.037356687138036 20.934908919263275
-0.26208285885132376 0.43528252642086324 -72.09112363438258
-1.5637918942241322 6.554286659918758 79.62105301626028
-3.6910478691038047 -1.3260791254911262 4.220313844390953
4.7559228235666415 3.039819537233761 7.168431917755192
4.411558844693513 5.211240481001821 1.8725862089444862
-1.2954860595070885 3.7009731264180714 -53.972031770488506
0.7358018259798738 0.6151662779045808 -99.20947207587024
-2.8446400264204503 5.8385362799329705 -91.24458622628616
2.023751365116312 1.1595289846668502 -90.74388848386742
0.55987641355006 1.3375214357430663 33.827678104262745
-3.074873921624965 4.96754278271834 45.63375864878644
2.7696472930506664 5.079844524358176 -54.36232496976105
-0.7560768571835701 1.4841252641997253 -32.742459682568764
-5.400880421758954 -2.2380024794651385 -24.792338098572483
2.9599356237411265 -5.557174432792795 -24.803974357346306
0.6245801682204184 6.587724013794199 -35.601667354945064
-4.659479139898655 4.1549506348762195 -52.34939191376592
-4.069617797155534 -0.9970231946142397 38.96775424552303
-5.184191886885166 -3.9814060742109225 -32.57710772422822
2.4709399588111034 -2.250749278324161 75.43845349400321
-5.624674729978024 -3.4808699266101546 29.33256513588192
6.0468163759357925 1.8390818013390835 -53.778819315875815
-6.61925709529838 0.9869724858177905 -55.640352099679006
5.052400931490738 1.8208042825185915 -61.251811497216096
-3.228041603351689 3.812372751509214 27.14428538030764
4.860607908725254 -4.039139262985904 -75.27566199419758
-4.4125474024521205 5.0791241010604296 -45.62737993272105
-5.793189902740054 -2.7006765703126536 -16.131227452761834
-2.7989593682729104 5.701891559187164 -69.78736138122926
-0.2985124824645451 7.197728299012329 85.26775518273946
-5.978304059857576 2.657132748375721 65.65648610406055
2.8937713869677024 3.1805451710391344 -40.683173750143105
-2.8309252912581737 -5.403044479476743 -88.33945945062506
2.950023883103505 -3.1106039159601613 64.44069180840741
1.8155330910187248 5.987667297260637 77.96726677287205
6.308389527003787 -0.2965976970396723 -96.44129514020733
1.5434507711065169 -5.7984334126355455 -40.07710302503436
0.8180632882885476 -3.5081170964009716 -20.264851641718113
5.641425627065759 0.45410259156375543 -31.40220258258259
-3.096229554654786 3.6654294738677202 -7.720918542452761
5.828984502138599 -2.3791577738777474 -58.609029450490894
1.0980430371898793 5.5760415352837 -65.36023176014987
2.1194651385408165 4.753139682493707 -92.9929660161785
-0.8042535180280781 6.335303042650657 -86.21125856534853
-5.749965879532002 -3.5266921726210714 5.383421194986047
-2.145621063853204 -3.976905433378693 56.72803211382038
2.4070441463312937 -6.222692030416605 -36.29810418809987
-2.3465324878426617 4.045927673642907 18.802200083556585
-2.9256944157954132 -6.176252599510308 -32.89382701348713
-6.482429229280177 2.2564301055164813 41.68212952301285
0.8255212899027496 -1.9808114558697676 -62.038978916676754
-6.214892236754386 2.80250944704552 53.70618367581156
-2.031366119152883 6.159829444689821 24.571772735122483
-2.0285656290951133 -3.5468484390101422 -2.7456606050686023
4.572650613909316 -0.12127567700229994 42.66851246872545
1.7898827214772488 -4.667475306346316 8.224511662925375
3.809043490308068 -5.5410790980223235 -13.628652318025054
1.310393643586787 5.84870346716704 90.81926318537484
-2.889574240807545 4.94754964354247 61.74170969326937
-6.639650830822807 -0.005825776141682001 -77.34285387463022
5.95086032915502 2.337502673940993 78.18661819032242
4.531093454922861 3.5452201766723115 45.558805465252206
1.1854904296090107 -6.867276965524408 16.44581815636847
2.8375390788409076 -6.026136369804594 -97.12158468226576
6.667992111556935 1.2573014303881984 66.6371120883247
2.9314075722216644 -5.709794299518623 58.178558387161836
1.6576987993184698 2.8614763268438117 -80.0896003183879
-6.5917486364744615 -2.465169451951902 14.882926593871524
5.376034790695752 -3.4406876510887705 -67.27231307984509
-6.559111920143126 0.19410143574366298 51.97363112744296
-3.026473532510416 -5.153550379482462 -23.192332733610726
-2.630119982453178 -1.8270397972559573 -83.8934181306706
-0.8150313820873459 6.5914625430295 -17.548285436392888
1.0999089153758421 -4.927921604082675 38.68182352519799
5.741382400924669 2.478996275535155 2.2104288308512268
-3.4976821659863635 3.2231853877512022 84.2713551854632
6.68436884131194 4.144403826684951 3.71605458524225
-0.914078855467106 3.5195081759892513 -62.639807772389716
-2.7966058427484275 -5.305915953397067 18.367443427265574
-6.554185125355766 -2.5701478004109446 37.75476751846903
6.540888577787687 -1.79181622986646 40.505793230991955
-0.3756802726623123 6.572577608753667 18.991005499299625
-4.628091681820098 -5.515739932314553 -95.30556593201668
0.5218440024007145 -0.9281296345602476 -65.80699459252295
3.3461475219254546 -5.401205885029971 53.31442746767966
2.078863272125782 2.1334295944406674 -4.076829433634917
1.4743027275911977 3.076587457493825 10.131055524098892
-0.17701340835662668 3.868803969148418 72.52029542534099
0.4919116357653829 6.268486913307377 93.69778058028425
1.0588000840092477 -6.671729401359076 -51.344958104415674
5.900286216675145 3.155396575994289 92.71127819362799
5.827121810232461 -4.183979096365417 -63.21648176772456
-4.125597421285934 -4.837788055180198 43.223220751615365
-3.630171585897868 5.649703530831261 -37.040331794330754
-0.7017148618169626 3.2867825920349496 -84.2620685008743
2.1640601331423395 -2.754167937475534 14.66453197397236
-4.715733966142137 -3.0646724681595194 0.7240161264745053
-5.4429557301905795 3.94215287966265 92.46544311207619
6.147546910810195 -0.3675981403217563 -74.45486010814628
-5.801153203970642 3.5554921982561796 -76.9637616059408
-1.4951863834896355 6.591410975102274 50.151932994893265
-4.808634483318144 4.159813179444063 30.239724821495447
5.863471017710387 -2.8235475622217616 52.62357789159414
6.717217131771702 1.6023721894603264 7.443913006573132
-6.837181769188466 -0.655100251914551 -26.86401712787235
4.2295390892339615 5.239235126870095 13.074292679418388
-6.281109974566213 2.9434986041208338 25.97623972244409
3.510647828473118 -5.7194271373870995 87.42777398741809
-2.500356405929356 -2.6952343978611952 46.325605521788425
1.3031677164955568 0.9617393152623707 28.121356350460054
-1.7934900282248265 -5.527955328084137 -66.59142283280154
-5.66783552369834 5.952913367288667 48.04262842120299
0.9660395248742473 5.168929440017195 -30.280322903164624
-1.3548656690789496 -6.151336771019316 74.27877888027895
-6.7926028086745305 1.3566672854618154 -51.832820559992065
6.01734826476265 -2.577301553062872 -33.23750187190081
-3.38148235678357 3.713673436354141 56.55246067471651
-1.4312580571616904 6.66211293305965 -78.0852338832855
-5.419501769797782 -4.223868651191439 -75.48804951608109
4.288751798100418 5.21569327732937 -64.47591703062936
-4.120659962015441 -1.829819348694906 49.44221606950281
6.087215017922216 3.63539595387196 18.673517843823625
-6.813582172420197 -1.0934929412654326 -60.07404017255255
-1.3843995835713407 2.116162955358352 -59.70525800132292
-3.9044534642570454 5.863140487300173 -94.15887349133924
4.52482448805172 5.056150779088771 90.38196739617803
-4.581012166851239 -0.022305113537805787 13.683632543474618
2.0526907631853075 6.349399909381272 38.48920870181121
-3.099371371749556 6.108036159591494 -3.362164447195316
0.8584704728250242 6.661644839802548 99.36327130965522
5.213391176129191 3.7814707312421154 -4.191310139215618
0.8102121209438818 0.7610783325533556 -62.35847206894564
2.6266613152437754 -6.709246903299368 3.7850769892549474
4.502460021104827 0.42257407289235815 11.643580272159125
-4.7629255302517235 4.485552045161953 25.28014840978014
-7.836959921838164 -2.4512151385503502 -52.755658379338854
-5.821433340645918 -0.024163602779281756 84.84158733234077
-4.716482979806844 4.07645174826664 39.08691099172429
1.0600732009533134 6.34981457805334 42.749859976130246
5.558186103578272 -1.647416040090292 61.27180931173029
-0.2180833826369446 6.459716376695687 -0.9502354206092394
-6.403977403545144 -0.8919894391180299 35.177804046670225
-2.003127713954884 -0.5118280625144743 29.63556537733788
-1.867053178380985 1.4032853936398046 53.17849921905796
-2.978324676119375 -3.4411932678822 78.67825841427221
3.6274137751600497 -2.182859354574005 -23.99864785702357
-0.24066761355346625 0.9994015958834448 -55.81435185803119
3.680940220291751 -6.109145649816315 -9.49163907859505
-4.404582843798624 -5.084446471701562 -64.2826065676115
-2.118290270266727 -6.446765225083998 -94.6764922871618
0.43353116911483564 -7.023110372994399 -95.39479331932
-1.7328320167705078 -3.327174288658882 36.846241623102756
-5.9443945305673225 -2.595963642006539 -21.503566224861423
-3.699844415524541 -4.223674389754135 -5.209044099499911
-6.069099905265723 2.894457087181441 -28.200258228941625
6.289274492369601 -2.586557239971948 58.71479868576995
-0.30722882190959855 6.745985156914575 -38.844600701814294
-6.42505531069969 -1.9276679427724017 60.34593705205878
4.838276224321026 -3.8610117277903964 -81.48519460155022
-4.2064201360156614 5.114586181755229 82.006864719227
-1.048505690407628 4.901439478478859 82.67313706637772
-3.525999547138002 2.532799325149229 90.461015177892
-6.056975689229914 -3.4202212198501964 69.93574873180947
-6.697464122647858 -0.5574345348670892 -32.54927914120495
1.7990789496362132 4.857628211311587 -61.38205639531224
1.8698389292947604 4.010538151208635 61.822647643763595
2.4516266607933486 5.98702641722508 -27.63027313678141
-1.8149256768947888 -6.256065617980555 54.62231515128333
0.8110822257593449 -6.595986339739212 -66.9023517641366
2.37730424171459 3.340053126163846 41.638452273237945
-5.26021331942826 0.2045017910918444 -71.16804997833914
-0.8336502434950813 6.416129123883848 37.57049192435977
-6.050184280992222 -1.5195166214865647 66.83216640368964
2.9460311483895523 3.982248631052671 76.14770363104822
1.8574255813538592 6.376752699097491 45.471834103539436
-3.953779135363451 -0.8582893957537137 -87.2676283817409
1.2778094722033768 6.37524260314739 -73.95250639298601
0.2552852137044276 -2.913142251062066 -84.12524930428161
0.9887870126280647 -5.2631831821109145 -90.65284237904983
-6.66852634434669 1.1177601848594239 18.264249136082658
1.7591522169792797 -2.5337729824795057 59.095095578624075
2.30396815271565 6.063636463210076 6.08635864953735
-6.537219446330938 -2.161377332325352 -85.2751485198412
-5.27823810181926 5.334160967640041 -81.88916183367505
-0.26974933603174445 -3.1940601957925736 66.90408042113155
2.7069312601914524 2.7212758126997585 54.21718715241991
5.405531113763759 1.011465982420832 17.21921143678658
-1.1316697263810476 -6.500911109693226 67.77300669706415
2.2978443094016017 2.318004759328016 -60.079997002495155
0.6419045272718545 -2.357077734607932 49.59337355028117
-6.162393811736839 -3.066567719352997 -1.9424060572659891
-6.6392509195229605 0.35307981298108243 47.062692565960674
-2.3101719415057427 2.2652723952865035 24.331779412248963
-0.5374362427120338 0.7566920166739042 -95.30560311320635
-5.038314817821013 -2.1500060575332998 -81.39800409077054
-3.7239237070237703 -6.0835588328343775 87.13068237560246
5.769505789225452 3.1786241613451045 96.51863822124956
2.972153575361949 5.677917892148494 8.297607750249847
1.2656594829466987 6.647775968100266 80.80090520274454
6.930041454010552 2.6175480666017497 53.55101487265605
6.351316893134804 -1.7458533914902072 88.11697593310926
5.497090196647502 -2.823320172293814 4.871200640831195
0.5616076668876443 -6.002837394047656 49.57822165792812
0.34999237226668667 -4.469813543640982 -29.565417628898576
0.41593370327447676 3.7934849867276914 -43.238749712765255
-4.337565260414321 -5.23939606288489 -17.54513940486213
4.470868061939602 5.1896418500832056 94.25417213730834
-1.6140565154301216 -6.539692650954414 -38.96730265592905
-2.7083803293378983 2.5286904999419435 9.80475518882751
-2.9430915301027847 6.039486455585566 -42.13744372691437
0.341486914742034 6.646155363086262 62.603473567588324
-1.5586639301776104 -4.122990180099141 60.82521878123391
-3.058301295191268 0.1310036895516093 -63.6539136290531
1.5093208480058848 1.429813984210888 94.20568260404139
-7.718390848416316 -0.11438281264496797 -31.115587117700045
-7.024372639435196 0.3210078654367344 -80.95492909613355
0.273562869838185 -5.16720422057538 56.22974994054565
-2.2422735120714252 -6.530479244216695 -91.85976806699969
-3.793058012338918 3.892034021986857 33.232626313857615
-1.4229066440436422 -4.149412895318704 52.04430849397537
5.263634504933754 -1.3791668350870236 67.23962356714665
2.0127870927829226 -2.705011254658797 -68.21326548459946
-0.9268076405892387 -0.752743452680043 84.88473169184874
6.512961560353513 2.1445076793919875 -16.157627255181698
-0.1916255148148835 -6.687358282989913 -63.71833552807709
0.9577720166473994 -0.5956784646278771 -29.668548091322002
-1.4319135507643095 6.628935966528596 -9.475909149472539
-2.083337048125833 -0.6546474246219303 -18.211964166201366
7.000993316312276 4.284425288176784 88.89646059862955
2.6011100079632645 -6.041002224204569 13.19420314128107
-3.7828673171876495 -3.781044258213527 -44.297956489198306
2.520137229366847 6.2130818527737635 -78.89360142090457
5.426921474066328 -3.661855011126238 2.049102012667242
4.27545997464554 -4.484712628111236 83.4228032535684
-6.950047502274105 -0.2739879447157544 64.81227334965932
0.3808464535874412 -4.864438834768571 88.99513717396394
5.917123073610937 -3.490218960189385 -19.067144587916445
-1.9374737638744308 -6.424528890634463 -50.7364070195703
-5.138061915220606 -4.5708442875861115 -84.23056131804802
-1.121583641037908 2.0205199942832803 63.32728066364764
3.4682182661794707 0.9739999401569143 99.02238283527161
-5.945182552613561 -3.064777408212575 -5.906954798384627
-0.8483201960580042 0.9082400552224426 -91.60973700119837
1.2616749306442352 1.6468150954504313 -69.64570013286966
-6.0773092653041445 -3.359286700091261 64.56551855655397
8.266468684015768 -0.24087804635176846 -22.986144738016055
-6.82039599278634 -1.2177513821889423 96.11028093366522
-2.9500702031789694 -6.1135905666689725 -70.25064587243212
-5.903221721196713 -2.975972621507828 82.46906374515181
-2.0426915428627286 6.439036478051384 2.9102206650789375
6.171643351004041 -2.8636120178593627 -94.89853316086034
-2.0950554435915323 5.6924961936801655 54.06273970774038
2.2110332860113453 -1.7153756729571814 6.804156191157032
-3.0564932633224187 1.7501326443963228 67.24712260650998
-2.1010599240751007 1.2049925274067343 87.58032957040358
2.4178400653799885 -4.538953815650909 93.72620451622714
1.6022288097315613 -6.521180640205084 -44.2772931910249
5.558911761493598 -2.977521091200941 73.13029250771356
4.321071638969624 4.459827459749934 99.41015876006239
3.9415920613100965 -2.7309383803589946 55.48978984313323
-6.009168898855592 1.7905360973432987 -11.864216998974122
-5.674999071077794 2.3787833087265513 -34.71411927062237
2.300575983699639 -3.461143845165755 -37.65476909360036
-3.8888122308206206 3.6450212377005076 95.5502406299867
6.431327546962751 -2.383868009720458 92.16050959961073
-4.249893256892573 -4.887274240988485 -1.2312879979516906
5.108451080355584 -3.674435922961864 31.759032626744105
0.047071969610209985 1.223264954685141 8.151578061130936
3.052291863497464 -1.196804707078123 21.497775469332275
-3.9294102361819876 -1.4396655252769093 70.39858388026829
6.924747330184304 -1.2597802445111446 97.22447873739992
-5.624217772386709 -3.5408296439870295 9.89169137614553
6.240219016160242 -0.8751037100026805 74.78663798781857
6.3853544681910925 -2.091006695156441 -40.75279186198577
0.5307074898706672 -3.549397171734561 -26.059290246686395
1.618224184932768 6.301364245181701 15.818970773059709
-5.064664028565577 -3.3592931875140932 -29.171186298733183
0.3178910610508261 -6.708914911631955 -83.79094883205032
-1.785289401916024 -2.201765327202472 -89.91518571261267
0.5294894734161971 7.137938371486861 9.302331697630704
-1.3031700586926824 -0.057722421867027876 69.41010088017886
4.826298360418443 0.3493085987190425 37.13949999307293
-5.743975001531991 -1.6806214779873758 79.14916502102697
-4.090703000296331 -5.36295530767356 65.61319638244929
1.6817930040713511 -6.726924707158281 -93.08288643589384
4.191381796435194 -5.528187973528612 -42.87423797592744
-0.7641890808602699 2.1940478945835777 -13.530273833351186
2.9199979595958823 5.957580846526824 -11.132785582341626
0.6447077974243174 -6.721144624099923 -11.08638979100756
-0.6662143319692457 -2.6329586136819487 81.32909658449974
2.2188338973712343 -3.3270085122487396 -17.471534767833102
1.0652946225028967 6.823658925040514 -58.46844249582498
1.015345842544458 -6.7347245517013805 30.70357019333604
1.883321503005416 1.7497365930308681 -84.12093918482934
-6.547451028917209 -2.2294688267834415 72.38882255262216
1.1582751260554323 -6.491642278037593 96.56965101207503
3.724625865905689 -0.20479170027246507 -58.17632243511209
-3.4798400469583646 5.171714178776968 -76.25649520179785
3.5475326705969645 -0.5176684216721884 -27.696127132180845
5.280734600497616 4.03328574110743 73.59405397164203
2.7317224197197114 -4.618706376467257 -88.70161914421992
-0.3068016872295744 -3.0597975810566194 -58.85765277299583
5.983311217952848 -3.6846466981638257 64.2067839347054
6.147943317561727 -2.499979417859492 -53.30502740591451
-3.3918066499984794 -4.309496256461971 70.59947677343354
-3.9130013696090455 -4.913474597738791 -60.750375527196944
-4.608472421997951 -4.333618574211638 40.50137362429872
-1.6733701351037733 -6.5441732299098785 -54.73124383918167
-3.6625254941555307 4.478204207306378 -49.48305756970754
1.7410680941865893 -5.692087510924433 35.03159427300969
2.815070670221239 -4.8183761444917 48.19453793990702
-2.8621972381205985 1.1515891867955967 19.09719059693262
3.6570799398888196 -2.9021553706279564 -90.79016464685684
2.7901654876181756 5.077684711057179 -1.0221268667405792
2.4641889247194486 -6.2603146500897635 79.69038658215032
1.5380932845440318 -6.564565937361603 66.11997928866437
6.558862926873614 1.1858720526170858 -65.14288925847036
2.56022520378267 -4.110938575490548 45.402455018246854
0.27208208304847686 -6.793173857588262 5.9440771559349495
5.642781340816225 -1.770536137276233 7.922524246572914
6.6574914287328175 -1.1107773357736221 0.6545949536723623
0.746593324872332 6.769698748951353 -61.2754009240338
-5.8679190348381525 3.175957665161373 9.902624089723153
-2.3018885873810464 5.772156092234269 76.56186002866512
-1.4488789141357252 6.463057405396072 67.26093185504173
5.2559220154305555 -4.13453257262305 -98.60738529853226
5.5785886799305935 4.004894803532873 -30.23076159716787
2.2215112919963746 -0.031162470384245466 -50.81948846634613
0.9194122618876674 0.9506959104669274 -23.50480183727826
-3.9814353672525282 -1.4500755506821252 -34.61043041169474
2.3460736976685537 -6.507508868715977 -20.72715237199387
-5.3792182576759595 -3.981749653233558 17.51286920314331
-1.5199181841106661 -6.631962468975703 0.29478594370847977
-0.37852931313537236 6.56761512048902 73.35479364347597
1.5255013910289121 -1.364922973723408 -96.42608624941079
-2.380978073630945 -3.926133063418595 88.14536713103425
-0.9562465977138881 -3.163422923378434 -49.806396904511274
-0.20649793542828693 -0.2665316005931532 -58.59046440137387
6.0356080810999275 2.4212600904503816 83.04689428952177
-5.06248061631832 4.095769018787882 50.05296898330517
-3.3696629734598487 1.0145285758360905 97.96807957995156
-3.949278380492628 5.68394637836637 -66.97772151197607
2.320839586080341 -5.871292500088226 -1.7917585535569436
-2.4978007527705453 2.637612262345133 47.718026238188784
0.08077914581777726 3.6859754858892377 -16.978360089742434
4.944545325305982 -4.541602211873774 8.2101074759703
4.152409125055962 -0.2287086829369956 -94.32141715735845
-6.395925137114965 1.9208171269102627 -59.29835684184682
6.2097473032003485 0.8883201602898838 90.47326671044836
4.721807461204855 4.728757014573237 -24.871791849694855
-7.096165429402245 -0.2062296207837906 50.139678894941966
5.836825256261951 -1.4808950904183615 49.915985393943345
-6.482573885120221 1.5186231590485795 30.556192709233155
2.4005389732629174 -5.97868637313518 -71.92856718662532
0.08256663064337445 6.6224568068273255 -70.38169333227853
2.1782419061803977 -2.6549345300345584 -10.090510001985153
-4.808459740582278 4.699747445702619 -96.72907943064298
-2.23388434527734 2.9728058758565896 -67.15600724269784
-6.382929384930354 -0.245112381882472 -35.38382748073789
3.508687078565049 -5.714629359433194 62.361652532745175
-1.9548961583319053 4.198185443700176 -35.050082113297584
-3.9267401107211755 2.3899076681606006 63.02524872297622
-1.4713205215503151 -6.417726061029872 -17.299853794763617
-4.91442094503717 -0.08186679703056288 10.95821283032772
-0.0599541056123126 1.2600387022832469 -40.07351362599205
-2.865570750594693 -5.9377638345124 14.33620537901365
-5.242160550879657 4.0368309361755985 21.181202560932924
2.817189773655924 5.142951957715811 3.6919603468279694
-4.954220299274755 -4.203404695815059 -89.71374472562215
6.073077855058568 -0.40854539222290165 -79.27472460475092
5.684588536365824 -0.5275881016591806 25.708988654854217
-0.8731353699198888 -6.405956536626487 99.69240535993941
-6.222990612515066 -2.379681838760309 -99.94897302415937
-2.8877369370000228 1.6962023945667073 -9.723334129139214
-1.793289407489887 6.447814013852043 -13.465216245354826
-6.335379645269532 2.240762685047558 99.00545824416308
5.317450380794687 5.697300748650875 80.70248998383808
-5.188254834107646 4.213561112635783 -40.17088210098006
-0.7690716679266423 -3.7232879914618637 -40.282792012845945
-4.662922438236278 0.410417826798815 -84.47250779942026
-4.248925918026979 5.2841880855913415 8.4271610850367
5.4393185923827865 2.239170576546089 29.77587978760549
-3.714400354810272 4.065197283145984 1.7677913960794651
-5.020156996777263 4.519769878246303 87.77987098293876
-0.11110900720990506 6.4392630001586175 12.32879185143283
0.13559641123012262 -6.526739880375134 26.285491832674083
2.9467870123839925 -5.5879601333714595 -6.546226210617946
-2.790253111059158 -5.577977955172392 32.3069488666789
0.14419628866430684 -6.785117105060537 -31.594079118604242
-4.680639237970631 -1.6403737874581235 -54.932716730064094
-6.2860734300479075 -0.881479199994007 -47.25566991995332
5.55897594814547 0.5501752688754432 -34.71413051180872
-2.4586312160460477 -6.330788020689352 46.65281428952566
5.416344897840744 -3.612395828887947 44.27733712859671
-4.745792368117144 -4.252322906516931 -54.27732017582075
-6.397623683778752 0.4879215191302222 27.841030448332496
1.6839814363331078 -3.22161132015187 53.365240605740844
-2.839636805430399 -5.032657793131486 3.981548397243562
-1.6438275851192004 -6.065423027762524 -20.627026096805725
3.6305583861970536 5.329279571574043 83.76251936417177
-3.2103044166372814 6.794117874449981 61.77327465734281
-4.9556374846587925 3.260128944829147 80.32805531606037
-5.106912046019132 1.8326982792121864 87.19955335070314
-4.18937586944254 5.465792320184043 79.44884058170454
-1.1991842542762507 -6.791381466605764 -58.1631593335703
6.263867243783197 -1.5050672088285917 -37.586768065900536
-0.21443588705937047 6.230593815425295 -50.814991629985315
-5.716360082822563 -1.3432122600151004 92.35088589561539
-0.12499940714939295 -6.921422230707548 77.89396596622984
-2.586888801247227 -3.0273244272227933 93.42331984768903
-4.1940275629446155 5.270055084600793 -32.21061562705094
-1.5527547887603967 -6.395154378773825 8.479115184933036
0.11787550620781845 -3.4058350610734762 -0.8261116227636558
1.0701536179274096 6.253875553506416 88.01617102287021
3.861514575789834 5.09851591273672 -89.20503976941275
-4.376023964500884 -4.583013713450842 -67.8839550128391
-0.3413509363658051 0.3801902418147784 -85.3219191837042
-1.3386769322135341 -6.495907922167687 82.77048747163774
-0.6225771889666472 -6.105979919152867 92.9041447465333
-2.1210203465544066 0.8245436080613389 -82.30498617498596
6.127398424903905 -1.9382318733501833 -28.882966808564987
-0.7854216726402923 1.7930929459171279 -50.24014697236747
-6.411986654610712 -0.23994551457462585 -96.14643315341569
3.3240081225160676 -5.683966851583073 -64.60519570946033
-4.36285516558344 -4.8874156294485 -36.96853415585197
2.53207567008435 -0.03203896978738502 -32.4824343114799
-4.883777787732566 0.5371698259866615 57.0959808708924
-5.189659297657116 4.404859844855954 -2.502676773496494
6.34584788977281 -1.200108897577616 -21.809066120238796
-0.11211167121055121 6.9249809206496415 -24.887279285992243
-4.867662383675238 -3.318663090611209 -97.04851163272359
5.039707293173014 1.0338532205952338 -0.6837829619727949
0.535562755128085 -0.786916421540331 40.88971928819757
-0.7191065253102509 6.180506541075216 -47.79270908542782
-6.421350534922841 1.0212104431140228 67.98444051666529
-2.520179653973358 -6.182626590054817 49.997502899280846
-1.505067378195479 5.925905700066763 57.70355206354357
4.89835446657783 1.7591014145265729 -85.7682620771232
-3.5518587271734714 2.219349876044821 -93.72443752084618
-5.348259164135539 3.619693388686207 -91.58908158545401
-1.392249358982115 6.52014057070512 -55.23812817791804
4.766966339359025 4.136608551059352 22.585938264900538
3.2817516739863737 4.609957274179381 -96.69207936528994
-4.10216456871536 0.8412223938913426 93.2538728007547
-4.884186555514246 -0.3889560629466516 -74.49986597976806
6.786468954934177 -0.6235381283830161 4.0290264703321945
2.545890061347655 -6.921282157602783 44.447345372220305
4.624790597397735 5.121347871812609 -48.573174300967295
-3.1405939830725327 -6.336168187774773 76.50284254570258
0.907516955885711 -3.595572374872364 4.712943223126551
3.014753338634268 -5.900415301228923 -33.011099025454115
3.7767896514128365 4.337390784085422 -37.7485274400782
5.8013720642292235 3.063723591444612 -20.256026095765616
6.121231072886017 -0.3481168240730559 -56.4636647790394
-6.045241679616107 -2.404167589774536 19.674352457365632
-0.7953744070042394 5.581600319229803 33.09943284880659
0.3185715634898117 1.8157034677549746 22.14829904084166
3.991907150557918 0.06279100207856222 4.860733410017565
-2.470685219468111 5.161934504034843 -60.12097983088329
5.28507983771547 -3.976562159575925 69.78781628530203
-6.212311153304837 0.3020963364630894 -5.871920924048738
2.4131981887337703 -5.706970596437687 -48.449274200421456
-6.912618097141635 0.4590067984337339 15.541085554910282
-3.302769965758051 -0.09988004056753799 -44.24550088895904
-0.20703064099826068 2.6362590697464166 42.20563908622875
0.2680407522813565 -6.888506220676282 54.40058945071427
-5.301274607795434 -3.583310940033702 24.702184757926652
3.015129690651709 3.536565352466294 69.63805551609573
-0.15958492513009467 -4.399507031525725 -87.14183421816718
-0.2385548238938342 -1.6126968241992836 9.120685513140137
0.6530365291835623 -3.7536136327754988 41.78443893015682
2.131366362370116 -6.975012561041613 49.43012526687693
-5.885488405349237 -3.069053660243813 -50.740492546346466
5.141976565389359 3.5536657795169786 15.256897482028554
-6.265017249130922 -1.319136901459495 41.97747826579889
