-1.6540137933393624 0.4576583458737993 -36.980237504334966
3.3578400472413192 1.077087600450574 -84.65335735040564
-6.156880002783062 -2.7712984192980463 96.49076512744033
0.41525620980483646 6.658605908519267 -5.26151021783144
4.819213372303998 -3.9261467796471345 24.62586406947116
2.5146979540121634 -5.174060059214919 47.72644557848768
4.193129426244259 -4.986286719824776 50.561243143190154
-1.1186223408107023 -3.1083809539570884 -93.33030951665677
6.390500556006894 1.5244676167086084 46.53073535009627
0.6795585589413209 3.123140913450862 89.46221075202273
-6.166533583668085 2.056618865091822 -7.985617600779592
-5.574046550075527 3.4757686917671213 -40.152990429762895
5.701177509901177 -3.2716023460962425 -28.81973139839519
5.354493520518336 2.129022073463093 86.6845685728432
2.0092093502718473 5.824158056951648 71.71592788270505
-2.770193661971968 3.858413824350009 95.80051208047804
6.450943446454286 1.6018399857791845 37.21248548208039
-5.148558067764574 4.0176139810953915 15.814946070254853
-5.013344119590527 -4.010067768322688 72.75063719750474
5.441037709957351 -0.929566550000154 -74.39501229160912
-4.155517054675725 4.576031833313925 73.0114735904216
-2.669582267300788 -2.0114250404134006 -91.1000490370832
6.5906107108955965 -1.1369132299986626 79.31373412042261
4.210964063571506 0.5347437711461628 -99.94408422228068
-1.1732551816504355 -6.655392276927183 23.048441588117743
-0.9537858925204709 -6.431473656788713 -72.69802477400792
-0.5825760405923566 6.154606925134224 79.03802700387962
-1.7242017678212365 2.0945287963623858 1.2955327325002863
5.6716738824022315 3.367394377061061 9.335131157507249
5.222095798393678 3.9091545016055353 -0.43671141934466395
2.8219407566987202 5.949652510731901 -55.36196408534803
-0.7121995921378201 -3.387146615530429 95.18118928376472
-1.8693024509006577 6.150982220151373 -90.39721827855656
3.9155759851803973 4.295712236523749 -88.09963227351415
-0.822228141563949 5.765218046372383 28.034868828297224
-2.4124076022238916 6.195756020838591 42.83677344809923
5.07755190058675 4.402154159812346 -53.610165251947905
1.0454210349671178 0.32391623948586146 -31.13274999191598
-6.626445293670631 0.37245257494345785 -23.118659736075696
5.072823938338475 -4.11986277522172 -24.344188625800093
4.543165670631778 4.6286175768521804 -40.40119459064411
-3.580453283478305 5.427632112244457 -49.40305654495618
6.445300979780508 -0.10438545712518466 33.989683810852604
-4.82034173189446 -4.359975285510162 -31.50157505856125
-1.9518406207458632 -2.2334468072470592 73.00626953622253
-5.830983142166002 -3.023276229846104 27.16887455842281
5.444147259549373 1.358984468056383 -51.10163102687503
-6.627597767686557 1.5720062362354954 -54.515985691162214
6.31749437584586 1.0231658931130783 -63.61668481179855
-1.079256493838284 2.3575481329578727 30.702506268887095
6.187415193411284 1.4424232183649335 -72.7058233920503
-4.707906735363233 4.3761845590455515 -44.52727759423926
-2.074421891015847 -6.561708735541731 -11.98571257849913
-6.251353747053273 2.867539174488925 -68.89908626723964
-1.3309417208697143 6.286246482283245 86.44297316657074
-5.2530503032366225 3.739769354518455 65.53668062448727
3.40905200759303 -0.4475818059342618 -41.551569450760965
-2.6547545611179886 -6.252812477543716 -83.95501839748076
-2.9435827518626616 1.01949045872788 64.28078166922404
-1.8338802813244315 0.944872199228808 83.13390469654553
2.758305722759318 0.6120438311823946 -94.77491718795426
1.363760550583742 -6.683186883317071 -42.32501854351291
3.927367549629737 -1.7602358143646284 -20.983852581472348
6.593203512196221 1.6238279945403113 -32.0115673795347
3.911750474879392 -1.0053155268235332 -15.02857406310132
5.883388180487813 -2.9685409530654043 -57.14627262438679
3.3598339189137687 5.798952053722629 -68.23668108810823
1.9427562309012634 3.7235424820486562 -91.79860008116327
1.5423204340137906 6.255904382870568 -81.53915933428111
-4.002833102779726 -3.6857598420795346 5.810223652777527
-5.989821353312404 -2.1203800901331067 55.30863079952495
4.867022577546111 -4.66904172326062 -35.8686814217869
4.2053230202071346 -3.9581643532266444 16.994281897040647
-2.374361783348954 -6.156577072253219 -32.97988809393647
-6.340472055002122 1.3916178102525718 41.145339666022124
-0.25865247316621176 -3.731443297301188 -65.20349488344792
2.2014026838162333 5.163779301871315 49.28753341533514
-1.199721265864669 3.3543511025348023 18.33157356212207
-1.339842966654335 -6.723072397575656 -1.1490157699526087
5.568123249091999 -0.8345768418262958 43.2180754089178
-3.8096756729261343 -0.06808167724550518 8.589281134966251
3.544671299487934 -4.963051109713738 -13.845629088126278
-2.1001953252649748 3.0672578947820908 86.36251174666751
-3.438223354773694 5.290131405753031 67.66560564962597
-6.126630581755403 -2.586479261545237 -78.48149938456825
5.430904854693452 4.230947961539333 73.15640710572792
3.7912674457590025 4.380451679904621 45.21606329205044
-0.47298616307880437 -6.747019377309913 13.273246457416047
4.026310970328301 -5.052737576279153 -96.73809051933874
6.179625585608376 2.6642864584527173 65.40904136361185
4.467434797142153 -4.982573464706557 57.72058315113488
6.223154405808257 2.023449197314401 -83.21727545586135
-5.96380864421586 -1.1389671555484153 11.456623919079748
4.237065991406548 -4.327710638329277 -66.69314082144456
-4.390364918640334 0.1962629416349927 52.84941488071754
-4.464506697089596 -4.503989140767801 -24.057198118448763
-4.5069218554288595 -0.6276561107961942 -83.32391614357894
-4.382418534336891 5.15440469921211 -14.66796721401642
-1.7231974391667155 -6.225905504912825 35.80223634000256
6.305945782723262 1.589608291188239 1.4065441063855808
0.8563730879905559 3.2330752584416924 85.43059483725935
6.241430514715513 2.4791775461022048 4.544738143876404
-3.43958465074214 1.09908937850963 -67.90225966572031
-2.7113507300948423 -5.148292440644972 15.544489967415391
-5.793561888672611 -2.0594544887894632 37.53985351311037
4.256643219388178 -5.252276564323346 40.591886340464946
-2.1484352355534373 6.168223839828551 20.966686061927128
-5.527464664006377 -3.1180923289969846 -91.90243443053348
0.08963973007604589 -0.6143265460250519 -68.62623239450632
2.290430293753729 -5.904658423981203 55.2929418355065
1.7285241988823743 2.721540162065888 0.5245137229941941
-1.417191693006382 3.1258135087204506 9.141852412507648
-0.20100046106488423 -3.3723243667090412 66.65124892798943
0.49160147688300004 6.543596083589343 94.97443299363049
2.6829236139589794 -6.266525223626419 -52.54041427623053
6.173796965822263 2.628406081521833 92.86432243337167
4.719258640538723 -4.630631186282308 -62.023003267339185
-2.922232017282167 -6.229051101780024 43.091819236821905
-5.581656868633262 3.464445214204039 -36.47711591874965
-2.430379168489108 5.045591240063704 -85.085315306943
6.427329613067185 -1.7817714960849014 14.460100335735378
-3.5166411446310937 -4.667459474345104 2.8490014675206856
-4.203196621537263 -1.3395072547603997 92.89888929904022
6.2848717821482545 -1.1801117838715467 -78.11965183738567
-5.8419670304185995 0.9278151671954623 -79.0041138162165
-1.6789709962224875 6.073367237645916 49.67347790191021
-5.545311472992729 3.7015401143788282 29.012706039688876
5.153508366792018 1.9794120883272783 54.59157042770383
6.652912615851598 0.3064788874215801 8.637307607196067
-6.064221361312515 -1.9972111532696621 -25.603863614087185
4.083491033268377 5.269278460299493 11.584437177324888
-6.322804296425091 0.9215236934217979 23.845137351640176
5.258324165718029 -4.107198310640121 86.58450543541673
-1.3065275137582084 -1.8686747431202302 45.192156332563236
4.8011364937767524 4.765889660860021 25.723800986487262
-3.7998939628725243 -5.259543561259703 -66.73153428468535
-4.276084285506761 4.510192325717753 48.05928169174869
1.1319310974274894 6.38723692394446 -30.15878471232829
-2.120079064442339 -6.457242922705409 74.27434395022043
-6.378297256654277 1.5617349040682404 -51.21209925555469
6.401157229653168 -1.1242981660109002 -37.26794912364805
-3.1918071471843943 5.8914269516979845 54.44236782580391
-1.4465459913945173 6.435101820650526 -78.59474326367939
-3.554327991726724 -5.279352375905525 -78.16661895426175
3.1577508520333355 4.870468798116077 -65.40393700659087
-6.337547946906628 -2.179321731548893 51.35042046169184
6.707998603657198 -0.08049363322767616 11.816802504059215
-5.813716174139311 2.3616597867837585 -64.50851528290654
-0.20822318195148948 6.035244260691644 -55.42110133346156
-4.075601662795797 5.500622643964056 -94.65220461629733
2.2337608825342867 6.254378493106051 89.91349626968879
-5.967363533920543 2.2564273067790412 11.419223644526213
2.56490765215953 5.494714845110032 36.07631270652296
-5.338703563412115 4.07207927322595 0.8927677512532735
-2.8948993496959847 2.6653568223346396 -99.87444909428298
6.76348991853995 0.23631544480030223 -2.674542237361438
5.11232505948205 -1.3805348571921114 -64.44014969052013
2.402342162568928 -6.040081106043088 3.079969290104053
3.3170512910867513 -0.6404468476234242 9.35958379490801
-5.549626409298067 3.6547952243730375 24.070828700153367
-5.816867238168742 -3.2882237855183605 -58.62850584861133
-5.438476464781706 -3.5444945655763136 84.26273275630982
-2.8000289658088704 5.665492484830247 39.00803440876113
3.3107404466893358 3.1147822132489504 39.956692289334384
5.951751972209802 -1.5483856992454788 62.64566677668719
0.08444584944845504 6.670766485428434 -0.36331062631409994
-5.7310669203412985 -1.164641520129754 34.0983045055469
-3.0583555074695035 0.9580053059465926 23.93284351310115
2.1171623383849347 0.130127976064066 53.360154657493766
-2.682038263849941 -6.023282238565033 80.18453822399972
2.6412013858506804 2.2418890067399615 -25.412471162270574
-1.0097229608447442 1.9464908838705193 -54.67467165641106
5.617315342882536 -3.841174600716632 -7.683703766456403
-3.6439668693004807 -5.420697002111603 -63.46599279139416
-1.9901056649236053 -6.396770945360242 -99.15087867359378
-0.9109665106464058 -6.369565643102924 -94.91885409751289
2.751728062875462 -2.501887665221889 41.80944238863753
-1.7418154753599218 -1.5777585833861492 -19.59011613244326
-4.68308323479467 -4.884288574763203 -9.40826862920824
-3.1863700092307568 3.9409989563625154 -28.5539087879356
3.0255494193754116 -2.291182259968091 58.434571164241724
4.054274405121555 5.15451122883418 -43.13377648888438
-5.506168017889843 -1.4619230017802771 61.7027662117069
-0.607721401905983 -6.530622262834444 -76.08319296592248
-5.460379949111782 3.750648180792094 84.11387911657799
-1.7708361311847103 6.140535309338252 81.76064533486928
-6.170258925745603 2.779289496346238 90.80941041520342
-6.32281231275034 -0.6400502181084934 71.94484895611164
-3.7200270095182093 -1.1990427792790808 -33.905442919294416
4.192669160097218 4.282914285488939 -60.67273786440557
1.3768665125906914 5.330631927810477 60.223100756798544
3.264826877444649 5.764012120141087 -27.460524336297528
-4.248510809975382 -5.058277836402025 54.51856892075425
-0.088464832197309 -6.2351305435600715 -67.14735893977712
6.210405504886357 2.8672942500610743 43.631406026312355
-1.1198042872767797 6.103919479619195 -75.35870057053037
0.45061589291631793 6.654625470948625 31.115037538237598
-6.555809447652098 -0.5738720358664706 67.33205012220874
0.9617071289266607 5.508244715378507 74.49916064641096
-0.595212413636546 6.087404102985908 45.39334392258124
-6.010710647205929 1.860675634543105 -87.95976879703386
5.662092346835379 2.433314054439761 -77.58370549930974
0.8118198834575399 2.7187431916971883 -83.55953909428519
3.39309329026873 -5.709313467817899 -87.18217294473702
-6.24783543142164 2.4310335400633196 19.692588086223594
1.3071412262420432 -1.6181527759290009 60.644962142082996
3.0558892733856355 5.40191547003299 7.356883315070596
-6.61791035457959 -1.9521222537688274 -86.05876934415595
-5.10046374993954 3.9952914067784797 -79.34401746594062
-5.717042411900277 -2.506163780506809 65.02518997433977
-3.8471994125895828 -0.9334852373488639 58.733637360334775
2.139064134082795 -3.9049739733001694 18.991607356661508
-1.7168627959618497 -6.433436245563972 68.2051553759635
2.6239247855260297 2.7378213290169415 -63.27678369351684
3.9233426731449925 5.556843723083952 57.3659205302527
-5.480897341211385 -3.362267784418303 -4.917459185360158
-5.8168516122732115 3.1848665323455747 44.99003081916254
2.1210348042945664 -1.7851879876932788 23.002715617341806
0.3181179393065745 0.09285679244037714 -92.54332436814644
-4.7730356777549785 -3.9654618275312 -83.44547906782007
-2.435515432955602 -6.111949551461953 83.04112652182238
5.986680076987591 1.7123537998076053 95.72777555409827
1.8092054839980007 5.824353268392889 9.771786079931532
2.2008411877101013 0.7056394079390396 78.40822927469401
6.352786456852315 -0.9010435253356778 59.7529778687668
6.09649894956433 -1.6278043314459612 88.89935330308134
4.725720279509212 -4.71780499166875 4.7726863452713815
0.3951392571514208 -3.169154449385497 48.16399785667124
-0.799493130200582 -3.535013949534957 -27.131578758341412
1.5493512797695235 6.621741548300417 -45.38028101657359
-3.77741959854539 -4.640814116439664 -20.684464482858214
3.903615068843709 4.892805367321619 93.68876675814536
3.052647575416464 -5.3573923673876465 -40.352879579351175
-5.1430132499431895 -2.155163355032167 2.807744272569228
1.90917032671209 6.333880212647269 -41.369995370390605
1.4043647137587643 6.273044435789974 64.44928701018524
0.4527790913955977 -6.412158879073781 62.31170426438957
-6.4931573358467105 0.004339045859352408 -66.91476468938579
2.4289757441375905 -0.2672181421674873 88.52236772046689
-6.671494490483452 -0.1591903418550774 -31.161297653713113
-6.725009816592168 -1.0927914409886466 -81.25643293017272
-0.37174112806045034 -3.542195065278343 55.719137548391046
-0.38702377850891156 -6.692819149515024 -90.67591573944357
-5.130748859952395 4.185400661606633 32.8424335144095
-0.7400008661929769 -4.385005627805093 51.77137027603433
6.641091265459473 -0.5920589301802186 65.6083715328452
4.198636955642876 5.005652742724395 -72.0449120505711
-3.9032324280413992 -2.112491829334753 87.42251206837199
5.501945660445414 3.412981522058933 -16.2376613778228
1.1878891804084217 -6.469056157005133 -60.96269316677831
-1.576227068757615 6.499880956750527 -28.370719502662787
-3.99956389621129 5.296755953185178 -1.4196829855929143
-3.400341307188475 5.2780612353135865 -21.667288500181872
5.342016907266461 3.90627565580391 88.85360660662201
2.9916988112862017 -5.812720059581401 14.38621364162818
-6.512010830453314 -0.782815584434689 -43.75426248437788
-1.2646044945396524 4.837063571342385 -81.28837357090931
4.998645039550018 -4.310807587603597 0.04327732566849274
2.937413842417559 -5.399093050169784 83.66530288977923
-6.461094870119421 0.74016911561155 64.16381374627572
0.613915308543335 -6.227945998549309 87.38555239106753
6.833632055723214 -0.06643315578325992 -20.080137401248553
-1.6306102747304152 -6.276830544721514 -50.66298259778938
-5.090939734292305 -4.523133321968758 -86.45210342272922
2.017002840768406 0.4849574681113843 65.90075791881907
1.7624221577452348 1.898196656819894 96.57924256962367
-5.9089434332658906 1.2198256384869215 -13.220725907231822
-3.148193425381301 -4.494770295747032 -89.52245660677835
-3.8917648249573142 -5.085596042100894 -74.93290065221169
-4.963774918655411 -4.297013042712577 58.011237435633944
6.596496571065305 -0.36442713159334905 -23.704094029112323
-5.555627066253805 3.1700436658496804 96.15898233932239
1.8163418858443618 -5.63364447819467 -70.62686785591667
-5.358978913317713 -3.952568497680463 80.39546517848561
-3.0589554203297333 5.468541655569417 3.293001594532401
6.108830124243467 -2.381623114843302 -96.02444050593397
0.5296431920146197 6.31414618938174 52.48292700680412
0.18303352445488635 0.09568138669016132 8.872823285200448
2.8487208556970995 5.3624811050465215 68.43315449510352
-1.4246863662827498 -0.47075589381792077 88.45082801569959
6.243978897969585 -0.9550454876824436 93.48904035775408
6.437650577650762 -2.1546945133018016 -42.519567398718095
-3.126177837737584 -5.946943265526269 70.9949179539904
4.927027895162393 4.349902782415852 99.92449482278056
2.569925757317939 -3.313811126686769 53.10877251980327
-5.4641963808389065 3.6755044880523187 -10.635743063106196
-5.750254822387864 2.049123450963451 -33.15518222665957
5.624269588430432 1.2014066130251457 -47.57935952662585
-0.7385021689201916 6.444038886386236 98.87555601818879
5.215951061244795 -4.091626114113619 91.38361988104684
-3.3336013871782932 -6.081702207892175 -3.721164666025979
1.536765126645028 -6.228404902526362 32.73175887161338
-1.908689227446283 2.5175429205720774 5.636828276882678
-1.1885959845198066 -3.161167841312306 23.482205913984135
-2.932158634971139 -3.014821439887606 69.04327828079074
5.502862319067538 -2.0620761319672964 97.79538444700769
-3.629323565699104 -5.370783863076213 11.807360371556399
6.065741773785281 2.256800808007028 75.9860748990225
6.334351583928447 1.9081691178641254 -42.22305534190434
-3.3274310160238465 -1.2896462989598094 -28.405744374548703
-3.9389204413450574 -1.2617388175609254 17.268623276510212
-5.765176558038574 -3.4460981750606083 -28.345851895218477
4.623916945364991 -4.435312520028811 -80.53391052965308
1.652105948233501 -2.616426721658981 -88.83263216897512
-1.2805531369950516 6.7159647464883285 9.47741598896383
-0.3693163890186922 3.369797907306251 68.5529259426206
5.769259514000575 -2.4934251278765314 32.83927099175358
-6.332693261602494 2.0666666019249185 73.78933904771671
-4.088167947553626 -5.178004781463519 67.2142060954381
2.1764703690361618 -6.3540001296682735 -93.6793812437114
5.164865692528778 -1.636353936713183 -45.46033019544834
5.872833314039591 -2.785388033153377 -10.925087094909177
3.8693698043408773 5.579839309155949 -11.895915392080417
-1.3765028896835116 -6.153905561491682 -8.630734889749208
5.368004251130118 -1.3782262021107228 74.85368537332988
1.2372605783140598 -6.5944246457621745 -18.10888364136851
1.3416739927369479 5.985549032897963 -59.07731661824631
1.6495151500089307 -6.355453197198642 27.493210125973714
6.44012324704098 -1.5398172128494274 -84.77827535590704
-5.858717504274145 -1.7864570258859205 75.44662928350212
-0.3832916938196739 -6.397047516084192 96.34475629264682
1.6965660171178663 2.6101383292875946 -56.73767273378233
-3.3712784918479293 5.800857403523815 -76.93605164811504
1.25878529868423 -2.777648589139327 -30.989503086293123
2.362350041338528 2.0161315103415434 68.96863334754838
2.9096996763203364 -5.792399367042785 -90.65006480378652
0.3526132745105919 -3.6973930356566393 -58.51279577212287
5.510890337504937 -3.434046606739417 65.9676348026696
6.264131388254449 -2.064217735369022 -53.73957290781889
4.2536648247141455 -4.685580602290333 75.89805778574284
-2.4457029919411077 -0.01209361741779158 -60.07394267507068
-4.946514519370927 -3.8320304039882283 41.07041553469925
-3.159529535284924 -5.691617621578491 -55.046281759164046
-2.796152705518522 2.951598346676042 -46.152968204397794
-1.9351593891921626 -6.3151758998520044 31.69853097698338
0.26497350352682003 -6.816244037764885 42.64733117816146
-2.9953435311710304 -0.9693807684097502 20.022386755894495
6.006236966356193 -2.8343233101067073 -92.46247720398597
3.2773303655033468 6.065499716533846 -0.888618535938209
3.1916322409290463 -5.7887757679872855 80.39178768277033
1.4656723837191652 -6.276390412790274 66.5845637034006
6.662907083666987 0.6197003721777218 -68.47678735305648
3.1675302942016312 -2.314004434529136 47.02432631759838
1.1268991806050324 -6.547146362993801 6.849931045713229
5.218939828205659 -3.926964911488224 10.399124457503051
6.208265208230608 -1.4257851741746546 0.17895272480346125
1.085804506578181 6.507693123526393 -63.921964297055766
-2.6469522761109725 5.876763065782872 14.95871129555503
-2.184184428426877 6.412368005730624 74.76151244684621
-0.22794587383301876 6.573179679585597 67.48689987461675
4.648357893093535 -4.746810603068668 99.1744811471772
2.5241702145685747 3.286824299394057 -30.38205583095593
3.768383428596853 -3.379247971957896 -52.36013027243327
2.0090972228347974 3.5168799328147973 -19.85227760715732
-0.13397857457313533 -4.458541242571079 -34.61988244744465
3.023247293418202 -5.6688425770974815 -20.456001367360468
-5.441262667168669 -3.958521755407374 18.57967474620188
3.710340046423516 -5.637740745594285 -2.3528272622894413
-1.2528173511333804 6.436143625824307 70.87819413587874
-3.5839169947689813 -3.23604031608685 97.48277833757176
-1.0323779477499402 -5.254623138405657 90.24648089050471
2.9957410721528106 -0.3148680382257291 -55.523570672117664
-4.756374586695074 4.271086491511623 -51.792808797268634
6.745568495357564 0.17103524124096678 84.72914317354407
-3.145725497117532 2.3275290904175456 50.951783611307775
-4.066345562738968 0.62188718841513 98.18599870193535
-4.662182796744748 4.727747096340447 -66.17091711952222
6.145864861471298 -2.4139110712485747 -4.601407904776905
-1.2041623753907449 0.09973931501774291 49.12099199369082
-5.939387990371327 3.3805360200828862 -19.619340524334696
2.714183784378485 -5.193334376536365 11.207149608509974
6.574625651698605 0.7967920723387327 -89.25456205497427
-6.023324206027436 0.08789266133737489 -58.62506787615829
6.649443961952956 1.2581925810205283 90.23772679760432
4.716894010128148 4.658153611112104 -24.989331020024938
-6.231519064409814 2.1465736132675013 51.13490459215312
5.588914896489681 -3.5353973979262117 53.48380582436379
-6.477332176656843 0.12757329968324307 30.861708536747454
5.541888317495774 -3.468134500387613 -71.55697580854213
0.8248449642592854 7.008639575460601 -70.54171464788867
0.6351677808323766 -6.6760282955623085 -14.93925121278047
0.5943331736436439 6.679402767196325 -92.85862655770916
1.9782601804130782 3.0570857479532694 -74.50333236450524
-6.49031335006546 -0.5258549529752061 -36.44676741627853
3.9345029453390996 -5.476565017420316 61.963715425729966
-2.5387325274785564 5.920180096593803 -35.7283125541423
-3.329022911535322 5.9346286798735965 60.598371135922115
-5.25429689849236 -3.8829346052021454 -14.608478194561231
-5.267195222626302 -3.3289881978601965 8.972025534357758
-5.612786874961658 -2.5440093341134253 -38.243710681089546
-5.423543840576802 -3.7162818800015884 13.905342691020998
-4.195742164426015 4.0051477384539425 21.04178195344265
4.27361853900649 5.185528254585071 4.3444227487772755
-5.811796018559714 -2.027240610367668 -89.11454885448265
6.782088684778008 -0.9059190321193581 -81.7625628317855
4.868401650097274 -4.420164553310422 21.242326022124075
1.0568014406038388 -6.10209211791635 -98.55307377508576
-6.629143434207981 0.0801494819186548 96.81221616928292
-2.1892437645652043 2.1498157176128343 -8.539959498424444
1.1059697570045341 6.374519888922504 -9.570708048084356
-6.29052358470735 2.4171768021963387 -98.8273051895417
5.971404315206912 2.215508733985894 80.66011363764429
-6.855255640345143 0.12238615038343131 -40.78254954671748
0.7170199603902332 -0.7092375864176305 -34.921221757891786
-6.700408820713975 0.7395504157567476 -85.12869741803429
-3.388440514649098 5.776317048585657 6.580091474395089
6.019590464417734 3.0061788791230044 29.265164323487763
-5.755644921238933 2.753809110283722 5.289282978415267
-3.486427008130876 5.633785944370521 88.70670127618446
0.11302392139512234 6.564774416560462 17.740092187288216
-3.210076943686353 -4.960722951347813 29.089052010766746
-0.44632429601106877 -6.676863399149195 -5.621038414069365
-3.0407812183779273 -4.332365291663618 33.59566831258636
-3.6512457376946688 -5.522180573225561 -27.372035080822005
-4.9468928015802245 2.809148626472975 -57.312876588664956
-6.386017429449225 -1.8725740468973662 -47.00407070607693
3.700652795174968 0.5291399251746887 -32.80542720068178
-2.0711163962153663 -6.0510150317855285 46.4912253018682
5.748838999965267 -3.214176384992185 44.75247154011447
-0.40601778422254015 2.916098857033601 -51.684836208145015
-6.5041383642327 0.5169757673618661 26.84722312587223
-1.3220481804089566 -1.532806985951609 51.77820206269405
-1.7673237098152788 -6.0785019533386695 6.121261900643226
1.3244757255957762 -6.540338854226454 -23.32240524789635
4.528602001965912 4.755189487665477 83.95982187959963
-1.537140219888738 5.965144793380871 63.18781222763772
-6.541807618029259 -0.14728402995681134 78.82683125114828
-6.005219335522117 1.6255925051097657 81.46023611659479
-4.561888574178905 4.936981912716552 79.0893894053535
2.826555735919265 -5.81303640678749 -58.48777288337287
6.661397455969806 1.3404504405570865 -35.14157158112612
0.8705551608943632 6.593711301802808 -50.95781324698703
-6.438806330788359 -1.4295823503059972 89.60171671809047
0.7379193518820575 -2.9019253364318565 78.5150718537161
-4.473224225077886 -4.778287125658397 89.64492584647817
-4.033365044410988 5.395438231078815 -31.39199160757577
-1.2396959683388453 -6.583544295092106 10.331720227050013
3.132056764472496 -2.887960075407818 2.391512451313993
2.4316052828788672 6.371414155480535 85.87905379582084
4.636999165112356 5.00115752793969 -91.63002841015616
-5.181007610368692 -3.992922981589731 -69.24904385735195
0.9076823268387982 -6.187471236577993 -83.83061095558071
0.32817197736141035 -5.247194795252579 81.30963457009935
-3.3858223146851243 -5.93648145369693 92.45169925859513
-1.3663347747172383 0.6080711778102081 -77.67038711519943
5.35633546929755 -0.8395443931313129 -30.86391465972415
3.1808957903368187 2.8949246810065405 -47.08016647436452
-6.600408870676843 -1.2116505165605544 -98.11495314384095
2.153212779800661 -6.2985714219929125 -65.08832361594386
-4.637165819102085 -5.0022165324656305 -36.686486280662116
4.353660332226736 4.354756513092273 -33.06107591460669
-5.974555653806271 1.7365199799821704 57.770790105755296
-6.288824821323899 1.2571323590752377 0.23159752334823458
5.425053866744899 3.3204243153392934 -28.51697027100384
0.5378922255775748 5.3931079514004026 -24.87431444531961
-5.461355769331019 -3.8657752106313756 -99.23289236236039
1.8777269720177605 -2.597342977921105 -6.0791042624257
0.33900705880038684 -2.901627677963374 37.73550331043756
-0.6248614549049902 6.864940584007034 -48.19248976591786
-6.188157768644384 2.283411422067882 70.780374917091
-4.693042056942492 -4.622699082313631 48.04676748983464
-0.769059533667094 6.659652346154213 57.17934635817566
2.421050512756962 5.812246018393333 -85.10693549465572
-3.310225852276519 -2.2846757233888852 -97.34812190817966
-4.445126958058753 4.685736022876375 -88.2250829657378
-1.5723476396964349 3.023543787399721 -58.51333198021723
6.354632227684942 2.542416860938021 23.202864883940308
5.002831431074127 2.32796219665192 -97.5103546124823
2.446949655227886 -2.688401135416288 96.56132521127017
-5.097519761590271 -2.696746964002545 -71.90976493926529
4.592680016286465 -0.8158922656505461 5.600215750931272
3.112708247937251 -5.753685404876027 44.53296129625099
5.0615396476114345 4.056804860589511 -49.36819847329834
-4.058482076517617 -5.265772287902124 77.30420972150822
0.03811042222942018 -1.9372395831259648 4.272312684383113
4.368848879292931 -5.005806593997656 -32.76109261385426
6.307541061559476 1.7636667470039993 -38.954218000864294
2.9927271896026575 5.8471313083043395 -15.665536574450357
5.9902311542817275 2.955922605505883 -56.98066806537037
-5.863643236675184 -1.0973449539463649 21.587209017829156
-2.7620146873407974 5.791585023461388 30.91395545560149
2.105970065221312 6.148002763092723 28.2309414876547
-2.4209820761734457 -2.3456240284196013 0.13097210821120858
-2.447025267134466 6.041327254538108 -64.34607616164665
6.002663075623087 -2.019081444840081 69.37977995785181
-6.488091123218484 0.780671488205452 -3.7449056372402896
0.8407634106695188 -3.7874646903354336 -48.782090316141385
-6.599892211033561 -0.5774508043265021 14.586782169150686
-3.07986565183549 -5.620421491375764 -42.388242975845415
-2.3546975346324106 1.2577728318085237 37.7918395891921
-0.27461869378716164 -6.566131966820882 53.509318547944964
-5.933635805035541 -2.0186070488549497 24.37292152727068
4.043616172679535 5.002013696235915 64.79312994507511
4.198141618576476 -4.2760543607915 -84.30288726658063
-1.210637674458916 -2.7400851551163674 8.771549746321064
3.379745257380709 -4.785709826813067 38.05145169528053
0.6431410704340301 -6.806502815353509 49.698891507633206
-5.992594853754778 -2.358706759248504 -50.07288488499647
5.163187618914429 1.5711240423399744 15.499908331895206
-6.730766057691768 -1.5759995878264172 47.727529874689736
