-4.327998910235225 0.686798345449994 -33.89954226407506
2.0463543054627538 2.4687077688384247 -85.66700758478747
-5.518937643742348 -4.022214076921667 95.15525864178659
-0.5451382476267741 6.7528547740039215 -4.827108072892392
5.859672699473537 -3.154778975038941 26.479526008224905
4.510925436952812 -0.32025043440011797 52.28687158295041
3.630084282808955 -5.235053783691345 51.67632386213223
0.13786696818825428 -3.8399452009406225 -93.26878872976076
6.835503299459192 -0.8364274592412566 45.52950462119819
3.283328813749072 2.785337981520712 88.6370197258043
-6.1625769852628745 0.9733658977207791 -8.43552613305945
-4.0500811454607035 1.4868031212747963 -37.44121798312576
4.17126262100459 -4.5847931959982615 -28.35410925162637
-0.17686090646381497 2.8296109854897296 81.28223156398597
3.411917082417608 5.8744779443072 71.86086889361644
-2.917698030815139 4.817579288147717 92.86570927819704
6.350187048033911 1.344494792518617 41.265122084779854
-5.177985489650665 4.486791246281111 14.500019028635048
-3.7072079629396075 -5.520328745775633 71.55677235279678
5.602515702809239 -2.132348086072342 -71.51970426776306
-3.0603029117998206 2.52812763512445 72.75634228295219
-3.8800104445632857 1.0829944824274298 -95.30544105650138
6.550127475161671 -1.655882787943217 79.62794748327418
6.503513006806027 0.1381135940099838 -99.21438895892712
1.3914851375217974 -6.518118248726441 22.569667735031132
-0.4650653983485722 -4.439570425242444 -72.29729201970508
-0.6412240428399998 6.64683851248553 79.47768770966252
-1.661162278058876 3.1705025484967093 0.7938502957579936
6.015504053126184 2.846643625699284 8.928039974083664
4.349535393841704 4.955284615792418 1.0708828505598973
-0.128975547155871 4.246577378608633 -55.32546201918568
-1.7038740741984175 -2.218640382851455 -98.92910700689174
-2.8561323358996686 5.659761008122617 -91.19937866634336
1.5556722301665422 1.18685221320271 -90.4040676656519
0.19040664075080033 6.557802682256406 27.292564689573272
-4.188507188516815 5.001517052279199 42.90526095073204
5.463676362033839 3.5419704550306874 -54.91097598771592
-1.2632652195176783 -0.2147339458083609 -31.157627510373057
-5.968174829507416 -2.0037065099594757 -23.503314814240433
5.246016943813036 -4.399687185308933 -24.688542369001638
2.487244000468945 6.169679049391607 -38.73252555276676
-3.7052290132434513 5.014780431041819 -51.11181716696174
2.01725100525884 -1.4127678811685622 36.855805170569056
-5.066748794347594 -4.486780518817677 -32.149302874224574
0.10430235491804413 -3.862751001736592 74.3850544581151
-5.618715499800943 -3.256580862470473 28.534170858441488
5.763711841216101 3.6541093673481275 -51.76531758650917
-6.368195530831435 1.2690277968286123 -54.72857771665683
6.349571862329618 -0.1434322131323231 -61.39201030049488
-2.986510612522823 1.9333713048553278 32.964541641273065
5.817857738258137 -2.474560439733906 -74.62817554715629
-3.389053688708267 5.703119053119608 -44.712834587925926
-5.8290003210434085 -3.4137248714197246 -14.345816052566914
-4.920268907050837 4.490566694789694 -69.75311034423409
-1.3854489321239079 6.300885231492708 85.11457645347427
-6.23022370325276 2.586774269542491 66.2706824603188
1.8852447087724649 0.5514084358959616 -39.60858549943136
-4.086066254162156 -4.734726318908516 -87.3268487347328
2.2677141787564685 -2.1950898956538536 61.73429158863568
1.3361970559210172 5.659329651234907 77.43536806231147
5.956235364775574 -0.22985987664440244 -95.38624417160834
0.2700595018410716 -6.1777314455956285 -42.39187598000212
0.7310174234993678 -4.32376218383602 -20.1670233072297
6.235025276320345 1.00486565462622 -33.88440735007852
-3.1122598833692128 3.7438370939724974 -12.902180192506922
5.834095508200562 -2.824610506395238 -58.87110829762778
0.6661103647294113 6.434277631187615 -65.74718296516544
1.6749214412914146 3.2271110771693308 -92.72682084530847
-0.11545737873168999 5.319745510238821 -84.43379075373518
-4.1004782783697085 -4.607852150026928 7.672529454458694
-6.172199989213522 -2.3317907517429126 55.38527734236373
2.3904482457417253 -5.965284385058949 -36.404244467562684
0.27571668215965817 -0.8233360488206312 18.21779655095295
-2.409315620352035 -5.941884145497855 -35.23506902532019
-6.320723208437258 2.0529248523096304 41.49912717082906
0.33572621825831034 -2.1072771586010592 -62.5660110078756
-5.781376499276956 3.3873515152606744 54.29950241958936
-2.0766575334802386 6.453194970903394 23.464004010930733
-1.2215388079294165 -5.870056919876782 -1.88441660813025
4.634721052391848 0.10515870478816931 43.463667985955794
-1.302962718273762 -3.4710343399834973 11.649510642198255
4.628003332303628 -3.0636815681823073 -11.861804337857222
-1.0271444652793724 3.591631364437422 87.84039819566674
-2.9489625943172717 5.6401829243674015 63.54631706355172
-5.945844288584217 -1.2451461121235206 -77.48524085785162
6.03708424363054 2.874551107790023 78.22144662119783
4.84843085602785 4.191066918386622 46.000243160255394
-1.0420830880015106 -5.895530909578697 13.78741278897948
3.380851978319608 -5.545131831802513 -96.72337706993756
6.35216621073423 1.539747230476608 66.49825335446647
3.9819882088939136 -5.359486456666078 57.8083047347082
-1.1190678595999182 3.0451765787029244 -80.30498513472425
-6.42448301104366 -2.212981610342576 13.984395738422725
5.822120969320764 -3.252759786172876 -66.91192967863053
-4.305690484029764 -0.7066770369065041 53.553520116098426
-3.0258486090946324 -5.7774916649230885 -24.202684340185428
-3.076179822484163 -1.3199165584618018 -83.02466173117531
-2.281646125835312 5.883151170100569 -15.469215197412215
-2.1785027005894295 -6.484992095677116 37.16931802517357
6.218867216214862 1.861700954696562 0.7438874153389836
-0.3007983962503873 0.41856822153383755 78.80630955681333
5.818426181783032 2.5870737969479736 4.545722833251896
-3.161631322099101 -1.7904288565401705 -64.69659904761123
-1.8559340013108814 -6.197345956912824 17.146200819651327
-6.631366286761156 -0.5603898764036339 37.81144217771237
6.163841569841627 -1.7412646315409426 39.90288933594463
-1.2262379718253442 5.547885717394332 19.799117358868223
-4.777478207194301 -4.895178601062391 -93.41032475487964
1.7497648073144283 -1.2566700742799768 -70.23308953800343
2.62505213924495 -5.611702040217657 54.4732908906493
2.8854730444510497 3.0541725838461837 -2.340895079801302
1.0945582200898392 4.016196855782495 8.611858433641235
1.9585053176008205 -2.1160199706324843 70.87960893025847
0.00770181310581608 6.154665540096533 94.12870236997604
1.2869106171536093 -6.365477580226104 -51.933850783142
5.8778746615478 3.2748999689730707 92.86829744334322
4.245191872991375 -4.815355598644587 -62.18572479184686
-2.5376950963780383 -5.368744598841971 43.57337949826047
-4.191132153809975 5.092615422627827 -37.64043321148612
-4.195937041820253 4.979569304759007 -84.26406438209315
5.046848273631144 -4.172596505361707 12.678898578176957
-5.252195785263848 -0.5825096831113934 0.3887269800945983
-6.2632085984873855 0.9840008856348668 93.58689110816849
6.8985339126417236 0.5538955820833589 -77.37201692264105
-6.108775781741593 1.6089598165115162 -78.54851946225409
-1.9891670529827201 6.017736775146437 49.6493960489536
-5.262957932008179 3.6277769435172416 31.528994592711562
5.956675007523517 -3.198262179230527 52.804457438869136
6.307324911580093 -0.853114256562631 6.8218474979357255
-6.352424705984017 -0.23489456502748046 -26.62119926689859
4.9873340281949305 4.567097565821205 12.238746849831118
-6.460050847575753 -0.7692244047448713 24.1558404330477
5.250495072378981 -3.74888709507658 87.03404647174759
-1.2555356882508846 -0.932127441777969 45.82487298435989
5.2395500310154075 3.437722557487511 28.25377218513361
-2.4788534659788066 -6.476971093291435 -66.48270418071215
-4.275546656957786 5.466458479763989 47.865664445591364
1.5554389446002834 6.801406553655326 -31.35804118141879
-1.41182998026542 -6.539216570891194 73.71810332630706
-5.919111110784054 1.231723378673498 -51.23897870376111
6.072558913238336 -2.9572097907138475 -36.18715960851023
-4.663923122979996 4.906279767073255 57.00180345664944
-1.7025655907497723 6.436500235460061 -79.95873621192852
-4.592100369265698 -4.671202939897516 -77.92175202152131
4.292962239835334 5.0144271057223495 -63.05559007030872
-5.072025227679396 -3.578450069966392 51.346230816432715
4.46025834812685 4.6279551689066 18.85542048621105
-6.548735781328636 -1.4756904663204529 -63.13887570637459
-0.6617613713766395 2.7909973335440768 -59.11285871512151
-3.467808379089066 5.39825025001668 -94.35719837691902
3.695991894340127 4.851439162288253 90.74099972054577
-5.163504617990639 1.1001739303737668 12.799747234778458
2.1242552567072854 4.97892499043157 39.29340010983183
-3.054479543354684 5.902262857263392 -3.7679439768469027
0.5244704093082162 6.76539168243689 -98.0907999994378
5.69270170255707 2.523427943647901 -4.262275150562541
3.230272898798974 0.1916982206571885 -64.09985416954255
1.1937899833653562 -6.339340670482733 3.1983685756612203
6.039628725711372 0.6686629622093968 12.296227442728222
-4.655826408223145 3.3568236961507587 22.312700211049158
-5.362268288105079 -3.7018588172634272 -57.485329908343296
-5.91708262773078 -3.0749420502612876 83.5746433884329
-4.718743614636186 4.649967951853263 38.81758165195059
1.7280690048930563 6.265997513151447 42.520315725517406
6.233130227156209 -1.0550320788217855 63.812361518426094
0.6089748694117001 6.644215985514209 1.1132836673887812
-6.295660232158342 -0.8930523683768947 34.3435477246144
-2.8085336643957968 -2.090100823616854 26.835381323895078
-0.39258563192709084 1.281129402259982 49.36083762052006
-3.3943618150240873 -6.026388575225683 79.75305763116198
1.8458649129946059 -4.952147249113163 -24.365530187316917
2.8140510541734587 2.6487867784937995 -51.029341223752354
4.4826579994946805 -3.671533819081364 -8.758772242559893
-4.483978184434481 -4.618156167772236 -63.55217423708884
-1.8225279346159458 -5.563970870032582 -95.98275966768773
0.7975941731432116 -6.693036080439152 -96.22533251714522
-1.9788731769788206 -2.998612400067152 39.38223795558998
-1.5415677438277753 -1.24912400454744 -18.21907818978528
-4.379689065523301 -4.742748453366356 -7.396506938703423
-5.604712086306723 3.4400373758711993 -27.944738639138695
6.006476060807506 -2.827540130227647 58.19288851522294
1.9546070845358783 3.6192716189817253 -41.194391339137326
-5.10143750488221 -0.5064992837511462 60.19448910932499
3.3893747505938894 -4.354548889289816 -78.04127654576526
-4.686828941178892 4.36269043118228 83.52670846541504
-2.036971813738042 6.40635205909328 82.18124910723313
-3.796658459060995 2.8650268376059134 90.27264791308205
-5.625603493901449 -3.555483594262302 70.42992175124817
-6.104336794037942 -1.459285113731525 -33.33226847389451
4.370075010227725 4.82723665963349 -59.91667428373125
2.2901523248864537 6.427020089905899 60.58073404474374
3.1336539691271015 5.949057921463557 -26.104982535587407
-2.4334188110890587 -6.27972740711983 55.207610182637175
1.2725917537567317 -6.682590935334779 -67.21245351473652
5.010694806020504 4.228581196627062 42.87429947485958
-6.615461414854181 -1.2512840612893523 -70.86237491160243
2.0653389921627925 6.300332809527769 33.69889793796656
-6.243976746776086 -0.8628810875750352 67.6532394613046
4.0573359263224935 5.394364348048615 75.65103115809676
0.26561960178696087 6.569522903449172 47.44967703562405
-6.7073620573467005 1.1292990876296474 -88.3894399103276
-0.9221517852546955 6.0660814634839575 -73.5438365448971
0.15958117508988023 -4.955249222545511 -82.88532662540212
-0.0291540264701734 -4.779875069587922 -88.96197720113301
-6.525098203501603 1.2850843415308653 19.06774012448729
2.102309223392573 -0.7513484477018949 57.1845977875694
1.2055049349405311 6.1950944127587055 6.717179535593798
-6.34787928491809 -1.7444613434478624 -84.87345641985863
-4.940102498705775 4.183697845610205 -78.71776439303882
1.0481160205103695 0.6990886538898738 63.530366931669086
-1.953223725295254 1.8995972778513968 55.290222279458305
6.411694393570139 0.07504568561546682 16.723684296444457
-2.131597751561143 -6.4070947451123486 68.38077360453337
2.5426500762921065 2.0559469298523285 -59.85669637013469
-2.3838671155358595 -0.9418806138705045 51.679544344862265
-5.307120027371573 -2.625972235568398 -4.92418992913877
-5.80983603976784 2.8266903934426018 46.32305082633292
-2.1161804020874864 2.203719485670173 25.521519827682145
0.8867042994105346 -0.4390367242035219 -92.6267655276457
-4.469208680560939 -3.6894776850220183 -81.49635468347542
-3.1374905930089376 -6.054825630151697 85.67484097607236
6.127061378541889 2.1705356765645862 95.70591102433178
3.8658240444674665 5.454259459199079 9.3721053260087
2.029968609850925 5.830891750229922 80.9275777921927
6.5448232131225 -0.11949150138904774 58.580944122839135
6.391930617255691 -1.2377723569565406 88.39527439187138
3.6923501911623946 -5.370142092492036 5.033983527484639
-1.4789998056233882 -4.602051313309394 51.30764073829414
1.911741624838934 -0.7689613501607508 -29.511231122879185
2.730962761028008 6.064117313926475 -44.23452431163657
-5.849764156419521 -2.9834776143462034 -18.530067234313233
3.244462997430577 4.141373033660429 93.91553550034952
0.6287400745331511 -6.793352075272388 -39.18053904217811
-3.427342327486237 0.1516079827642175 7.6863181681745365
-0.2738712759757948 6.753374192215519 -42.15342146449746
0.7995647598645834 6.345996455647561 66.30147858836916
-1.8385214389140785 -6.023712496885285 62.011043906968006
-6.4654021081900375 -2.1036766257402886 -67.94797542514775
3.610490646010523 0.8461324028937435 92.52571233903387
-6.537915226677844 -0.9387810452230119 -30.499009406552876
-6.595377808779583 -1.6301472777870891 -81.65327970665109
-2.283877868974557 -6.35934432536788 58.3537060951323
-2.3364117412557266 -5.846385209930797 -90.95049798699195
-5.131113033804546 4.342311905013974 34.86668035038414
-2.776200747271724 -3.459016234205845 53.73830019224638
6.1181241950492895 -0.5171273593479376 69.06508652060101
2.898515883461765 -2.2909598596550214 -74.3450329183871
0.08031009280241744 -3.3400703613377094 86.69739082722465
4.96307736076254 4.166487816938214 -17.241669497629186
-0.5887791165867985 -6.438499607458066 -63.93654504416239
-2.3655480235120736 3.705795464839861 -29.07671925894702
-1.7216319762980479 6.164461399193865 -8.88807189717008
-3.3953692708020906 4.703624922544535 -22.723711376065022
5.820021301092971 3.808876243077548 88.82095183080406
2.711993737826357 -5.972509029905445 11.761592219464355
-5.7351187981766785 -3.533016136093381 -43.41047706472535
1.916815763543125 5.422158107625379 -77.13707572058378
4.70832672737608 -4.722595305335608 1.6775071373107742
3.0964143829226596 -5.5230643057872815 85.36922899645141
-6.371371302900394 0.2840201572694713 64.40225264584683
2.4229604447215665 -6.2137048004487765 88.30551153670943
5.451207835955388 -3.5431534247982164 -18.09308546096403
-3.439285714975825 -5.631509314917981 -50.27903366565026
-3.9523165415251165 -5.509978013903487 -84.53249768283588
3.3359114225514945 0.3037086961860788 65.61458465852515
3.536872388759974 -0.09853910575129043 99.7181702672006
-6.244702405811679 -1.6086494240367357 -11.574214510739298
-0.10733026931468914 -0.7047465227850966 -89.03911979961889
-3.9940903158490206 -4.754780311758312 -73.14255181738892
-5.618837979064878 -3.7165229910945534 61.88966018744869
6.622486721320439 1.112747371028255 -23.373669272786017
-6.351570691792867 1.589671355471683 96.73770594535247
0.7095514680957234 -6.387146923084044 -70.18243541224362
-5.505331666524042 -3.528203249428853 80.72499269430682
-2.232167494172809 5.884562632293874 3.1842423829594266
5.9908924304873565 -3.453497712384551 -96.8670118605205
0.07955194482273509 5.605636707979402 53.06542446764003
2.0114096585662042 -2.568385100756864 9.34670425707239
0.23124846710375738 2.868546708046428 66.22035961701542
-1.9778314106526222 1.0540391020648618 87.07869351737895
1.7451374165057323 -3.353452288546254 93.39600774685633
5.349180822971647 -0.4846382392755303 -43.33327001307694
5.148251734131939 -2.972793701908183 73.54845442395134
5.289197102752749 3.829280581760351 99.66522033913252
3.6837948670755467 -2.30491823637912 54.72804673068779
-6.520869062962601 1.54476874120909 -13.49515228249316
-5.665440788097095 4.0636975396868475 -34.5824427296805
2.5056151791997783 -2.1239562066998916 -38.7015747235126
-4.101898494105943 4.730632360209034 97.7815726321877
6.078692254333366 -0.9380272390249375 92.68025060816046
-3.3682991702336307 -5.517493517984096 -4.701922536038386
5.237350173543042 -4.1767233306843545 32.3645529234122
-0.9149789472160239 2.8401435285036136 6.296596829575249
0.4980027391303775 -2.5604148526696866 22.120711294599733
-3.333822648801426 0.4794206823598437 68.39472667788982
5.639892049018031 -1.5072840686739044 96.98182078847483
-4.068600675660908 -5.205442780101826 10.889441590509033
6.671182704221444 1.0519477717239145 75.4249813065865
5.548426168381292 2.91615404614412 -42.771695123759194
-3.19773794855186 0.8678785491350083 -27.188820895957367
-1.2279337297613329 4.235296175175094 14.614429358847985
-5.187819399860562 -4.133892299721421 -28.600660217941495
3.114290164643448 -5.390058005018851 -82.96535267609273
-2.7407800518668637 -0.8879096458514613 -86.36630704066526
-1.217984304596344 6.731213377153474 8.464827452952004
2.9355765120280672 2.554469485361112 69.02693933310248
5.412271092583456 -2.33195311932784 35.609865738339316
-6.552226574810603 0.6263288241057993 75.4129163758191
-3.9313276168092495 -5.573229972548641 66.25248407602068
3.06714878917051 -5.823564070059511 -93.85595080185246
4.379657875060852 -4.177816378828824 -45.73692570759139
0.519207333860326 -1.7235966490183519 -15.214427613324931
2.8862843850843736 6.059233634788036 -9.660043013969737
-0.7573490772696452 -6.276794854027843 -8.140005163390686
3.6836966196932464 -0.3070929388530319 75.30161202060185
2.61954935830221 -5.968244854424828 -16.132202110291118
2.000542021701341 6.16203859133676 -57.92874427539086
3.179138884570233 -5.778415561291533 30.727777434446164
1.7938478428724862 2.042175148447291 -82.44075359142398
-5.800786137911864 -3.07089362678942 75.57115406420677
-2.6508768279859654 -6.375887056702309 96.15801555578031
3.9333379437837492 0.31809770448457464 -57.71795805635686
-1.3158943592699341 4.565554355129885 -77.46992728858386
2.289029946689758 3.439957067073675 -28.835595170178483
4.39140395914002 3.204000659431399 73.55354497414638
4.261576633807243 -5.196548530884923 -88.73053538925801
-3.1667919904425466 -5.910668608053515 -57.711756332709015
3.9207256332205254 -4.950045407626056 65.3734654388361
4.449865393513074 -4.898887968375831 -56.145793074978855
-1.0164267212464657 -1.810304808752422 71.54682595161917
-3.9305762866150697 -5.3692539150087315 -60.77144832684236
-4.441089664725264 -4.791857839219798 39.24480441412529
-1.9082727149769712 -6.593333379833083 -55.18951727253462
-6.196135948930744 2.0660510338134634 -46.58533551836741
-0.606074361130996 -6.8524741548713735 34.703406073837
4.469759795668924 -4.9513001145662745 48.24896074132415
-3.3780204990985347 0.597718062518017 21.555633727721105
5.2617353336856105 -3.845267598746247 -91.54375837842811
2.3856332036483208 5.7543281974689515 -1.3569650213245446
3.971643963996738 -5.592742683585143 81.88509463933153
0.07370574922306639 -6.8447657046452175 65.43530572972482
6.580877359668318 -0.44326973642498674 -69.18153703895887
2.9677164574357997 -3.041404397080166 46.08479013878562
0.06042447681752314 -5.927406160028565 6.039410963260668
6.4565363511034715 -2.142184315363676 10.105206547297868
5.878287945141872 -0.9661049016878857 0.6994878336642943
0.12762753333237292 5.641094738326323 -62.26434145162701
-4.3706000197205634 4.378066745691141 11.7741123991485
-2.151378759548354 6.306536140815805 76.14958851637509
-1.9306316901318419 6.092836848527994 69.60002560777491
2.8135035470087235 -5.882335684488346 -99.9045402859585
5.159739567065323 4.197221201931619 -28.59868012662249
3.852473561101567 -2.785518803193408 -51.62036092464747
2.72999731950799 1.2678577305484917 -23.048678821061927
-1.8573281248507285 -1.0545844667705324 -34.47885860530542
3.4078368779102486 -5.7881047799382594 -20.814930581223678
-4.724861763973859 -3.44288176412439 17.75673240232075
1.2093784083738952 -5.937616891129388 0.27553985298850814
-0.22984550221110395 6.105134119583624 71.75654657420962
1.187158009541883 -3.5266880156050657 -97.38969343617218
-2.333777622961968 -4.560153588654992 89.10334612550008
0.2600240422003782 -1.331611350445745 -50.524000037192515
-0.38720982612082083 1.3518706598644137 -56.06128398336623
6.673833677104491 0.7625136847677472 85.97354475149312
-4.140736964585541 4.765823991898015 51.02502075136504
-3.48789826914577 1.774944953451031 99.15155037189626
-2.7032830362884632 5.815733117858769 -66.05395873375984
4.160683362319527 -2.087128696602149 -1.8371605242763294
-0.19565983937766995 5.076511338513429 44.73631178322976
0.8927979065410503 0.7867876100700391 -20.204915578198356
4.160960318870353 -4.102420976454006 7.731667034179151
6.17564268774358 1.8253678776108713 -93.21239863284951
-6.70641835520446 1.2992974129118358 -58.08232098529191
6.637981000936478 1.3414403096936431 90.22609073013284
4.716964945320171 3.6943147884500602 -24.295981857621644
-5.733089264034645 1.946668400506192 49.87058131885316
6.6172827277104345 0.17705241451571077 49.966965395014576
-6.546710693794092 0.570389082596535 29.788278327229907
4.269266163882655 -4.820537001016625 -70.71146443410657
-1.4554869468976395 5.763983105324209 -70.0375846832744
0.7967869356517051 -5.9926793840275305 -10.539658882111338
-0.5082045460830791 6.572802441674651 -92.82783723958647
0.4853355505994835 0.6761957662633464 -68.21908446420119
-6.572618053122624 -0.053695651088614654 -36.02177165027316
3.5991674467725208 -4.818024060716562 62.04353084667406
-1.5560017482647925 4.146115919474668 -35.074393262434036
-5.746905213117317 3.016213864722771 60.80731886681936
-1.0133869237078754 -6.159132303742934 -16.749969862069307
-6.2365825806104676 -2.5923724988780545 9.894488121601189
-3.9543684067875398 -2.7904551369716923 -38.28785371460232
-3.5244550825644847 -3.8705994720666177 14.49075801547759
-5.277224798413191 4.324350012913896 19.592975611759236
1.1838235093283942 4.27445783845328 3.150028352882985
-6.24753709458433 -1.9286082685164048 -89.94525301335231
6.48234492772816 -0.29832779622272304 -80.6197845366294
6.236797894695025 1.3180066273003976 22.918677997022456
-0.28158340929481973 -6.28331539708073 99.8979366394925
-6.409044919914174 -1.6913211337480196 99.32756868882218
-3.875569285370418 -2.111801024646638 -9.604101097645731
-1.3024474449310937 6.172109309390745 -12.404218594622307
-6.328740053795685 1.8461793000178934 -98.1337246155833
4.941068465914147 4.283376222634217 80.39622832862094
-6.3858373699642685 1.3560001386897798 -39.544025201674486
0.010648495352881732 -0.01070104439468468 -37.29735758973425
-6.346659812903137 2.170099120568014 -85.33482735977609
-3.9800937422593794 5.3964504709778724 8.665442156277935
6.398142513399011 -0.027899940499995807 27.45036629027241
-4.415735113563578 2.2516166987577226 0.6936299147083947
-4.265121810848259 5.402999126103746 88.36941585645053
-0.2587415686479335 6.706194599110698 11.599995307195869
-3.2601283410173942 -5.786635359865647 27.204190392445465
-0.2115193677286461 -6.741608614444015 -4.834152219231618
-3.7083207217791756 -4.847102483823419 30.885245836366845
-2.3606241316910976 -5.39841517863715 -29.701425696521582
-3.9498626117707936 -1.026047124012123 -55.8024429457839
-6.024336995673805 -2.5951835965725927 -46.540564663431006
3.1863009902721156 0.1270815943486699 -35.50523872632967
-1.3360551527335762 -5.664993840592657 46.23394800406166
5.071004264870167 -4.455147524609572 43.888541117554766
-2.759576945195775 -2.39101093029172 -50.806094562388175
-6.005939012623996 1.8882137653227367 27.15023959745641
-0.14461478511614584 -1.781205483522561 55.186498325802454
-1.7734594185422015 -6.46096632623937 3.4942694464346085
-2.0864949275008127 -6.319920324577518 -21.117399956188443
3.710618700808668 5.572534334628796 84.07134089453858
-0.871856770139619 6.386034534621364 60.77001976225405
-6.361722195407516 2.2565619284886953 78.97886710382105
-5.598908633164859 0.596084712975049 84.86257090870208
-4.429692596585971 4.945586255802978 80.40740092204068
0.07299260202446409 -6.132524766155132 -58.06544470711743
6.495800860201204 0.8883229526392227 -36.904739683171634
0.3616044094732805 6.53372144503243 -53.14620442496549
-6.859703645482113 -0.4474440455619872 90.71556125114927
0.28011320242601223 -4.454205756706925 79.53575831189468
-4.906060658462564 -4.138449919851539 91.27089965333762
-4.291769847791827 4.7911398418037825 -31.783215910654597
-1.904466391087398 -6.131568193345636 8.75766957310181
3.040002275832442 -2.366327819095205 2.712428412637535
2.4115230424642955 6.1654172761735335 86.9383592150339
2.6127696165374408 5.800417483981385 -89.56246448642122
-3.7126482297866454 -2.5299457212291157 -70.94927926673034
0.6770149511298484 -0.46822778503318574 -85.79183830136735
-0.8945090204095264 -2.622343804485255 83.2630239007065
0.6349013244307931 -6.787381156609672 92.63621052869273
-4.91090406582603 0.8434173037190673 -82.4535452210609
6.331002003623223 -1.9597718042565022 -28.753491375233743
2.316413594425028 1.1399927475988894 -46.820468726806126
-6.253556637477146 -1.4882694247488109 -97.58417755412222
2.9345553472375046 -6.192372798387463 -64.87555288038725
-5.0701194415326984 -4.414021418579608 -35.89280424865572
5.287558792954667 0.3536944124197648 -30.820995518773632
-4.759452347220894 1.1378060704994937 57.035024433532506
-5.935694387774501 1.6365874416351915 -2.1358434127084394
6.381805036251237 1.7344219030079104 -20.058199886628397
-0.4547296348954619 6.871685494590094 -26.2634084056384
-4.6599940763231 -4.696241489915449 -98.75227144683589
-1.7972053837122823 0.3792609689216337 -1.1873465967594152
1.6410456397398305 0.6901033282977871 42.75611561865905
0.352830414358072 5.6784541201286505 -49.02200376003465
-6.350230755465222 1.783010284258681 69.73392219390114
-3.352028639826802 -5.7897108086212965 49.24391719055952
-1.964148469575337 6.1564604825252145 57.8061414409391
3.4510971448697134 5.021718393402906 -86.37788584955713
-3.29284299426279 -1.741588587389551 -93.8213413234758
-5.250028084327921 4.253383075658172 -90.0567874929619
-2.00152422937292 6.191135112153628 -57.1229686004195
4.111888556373877 4.697730245069485 21.98865528711207
5.448155456578018 2.6524286781296644 -95.88243131993944
0.8743572966558885 -0.2372846466571089 91.68583430668892
-6.559066496276515 -1.5446920374490756 -74.67116511082607
5.93682169632966 -2.943511326407058 4.895575291033738
3.28723241167984 -5.938854945922748 45.71429192710353
4.343953189365349 5.078894317018972 -48.79563759062799
-2.713662967067466 -4.233522124232873 76.04797684832883
0.8565786021942045 -3.429346574556367 4.775909740344106
4.168331907451164 -4.474273803808454 -34.102246610382714
5.265130649170273 4.47157695655464 -39.682577423271994
4.17672840919608 3.547709741128926 -20.453042607502006
6.5969424955730585 -0.1617148665100037 -55.962744387570766
-5.450700350225336 -2.6415239633971046 20.75403967497248
-1.6023003403334604 4.970916394733899 31.772109563164502
1.1295150135312804 3.018661086187444 30.920518244138723
3.1364842449755503 -1.1986918614647668 5.4952189562173315
-3.007570856148355 5.141018857249311 -61.81057686382301
4.774301518046524 -4.367162022837442 69.01758198059106
-6.585851336322319 1.3604464305660584 -5.468567706520372
1.665067610156862 -4.681133636284402 -48.65685611002058
-6.540316634686629 0.420542944869081 15.863250739285604
-2.8425997153837463 -5.526496737376852 -44.44711981576342
-1.468112192203804 3.203484312111799 41.44959064304445
0.1896350441859884 -6.775239423942335 52.91026837585379
-5.3508496046429785 -3.562027956478474 24.62227625714831
5.132589865854 4.402899990501152 67.9882859478002
0.3213631911533835 -4.197337599197031 -86.02366734448118
-1.208801960336298 -2.978202791640078 7.495006540554401
0.6671457767112831 -4.2647122253887195 40.22198701923117
0.21568946176871923 -6.765716192541281 49.6412393134208
-6.345271971952541 -1.5523259695983147 -51.39567468294647
5.233319653574709 4.190526142790815 16.11276526215206
-6.208253026733191 -0.4975342358813073 44.9915427319896
