-5.022680808468261 0.6942748129488008 -24.33454124297878
1.5442265172505296 2.191585327489733 -86.4749513048616
-3.5852364774871086 -4.765858299306264 98.39710979239622
-0.13653447863087464 5.073423079316525 -4.548963086551868
2.648155766574708 -4.791152499102782 26.172715469197623
6.271209843207009 1.9618022899155432 49.121689533531786
2.8134329143338084 -5.499080723251714 50.71809193386201
0.6420537604167958 -4.432503961607819 -93.6825190692676
6.5167103389770284 -0.278691294904193 44.50947949481389
7.1845282934885715 3.732932801815931 84.63244510920177
-4.517991427487421 4.8477858330534245 -11.314435860888027
-1.4134935853964035 2.5779238561866955 -39.18669992984255
2.500070911503144 -3.356328621987132 -28.157885479438168
0.6128168990092809 2.046022005180781 79.12646366231161
3.7394087295715153 6.864919089581274 71.81323721638488
-5.0962147577288 7.097870488459601 92.59471741262918
7.291204541908714 0.9331143462021222 41.57744214927408
-5.357384680867788 4.482910275516615 13.56843609165305
-3.9688632682982763 -8.346315188881531 70.52054312294663
6.214465589424335 -2.163668523990167 -70.24236934990323
-3.6475066589610607 5.738031707593512 74.04048820457756
-8.293046326628811 1.4871084699282 -90.87296862814999
2.624650444372833 -3.3207448758726836 77.32911359599947
7.925325579147446 0.18660484152397322 -99.21572519292218
-3.7933229697877944 -7.035861888709498 20.49491454864393
-0.9056339147946586 0.9766638523483626 -70.06131716826022
-1.3804446608632093 6.403637269658708 79.80872482785855
-2.089087263961102 -0.7598490147910724 3.083078969131328
4.270796794825744 2.161576252558155 9.85920859615782
2.14567778189791 7.397181518827967 0.9200696686343344
-2.2342245934989418 4.080831907661 -53.134955553673464
-0.19406503729718283 -0.39379737848523483 -99.51898865472714
-0.9611008264730605 3.6059077941979893 -92.96278642210392
3.057514917068091 2.151112662118399 -88.74278649074812
-0.03269022533266708 -1.325497883223267 35.824049160478324
-2.820763665219125 5.420126155689142 45.9464401836943
2.451069160457594 3.6987214954830225 -53.40963101245845
-0.0994964076580053 1.021181780551417 -34.48435916598225
-3.524060620860665 -3.245996806218299 -25.018746034708474
2.042260167519628 -5.095572464978125 -24.165473611815653
-0.05400586582352376 6.8219242511059965 -35.62426215616923
-4.538338239638932 5.218420970079376 -51.224377800897436
-5.2543944119284305 -2.0107828090804416 39.17899250500167
-7.907937145348748 -3.0319444629253023 -31.11138225795504
2.519717204386983 -2.5427208077177923 74.49924622951123
-6.296332787373234 -3.174450099711421 29.969311725783598
7.225144972389145 -0.4486290994669152 -54.24079278970576
-5.903911438784298 2.2248501204685076 -55.9557940369408
6.103649393266861 3.271890029706697 -61.60896890225109
-3.457682419721467 5.227309039028276 26.903233764494487
5.597621421239513 -4.066310989126209 -74.7652491409044
-3.6920129114795666 5.459662597300732 -45.67233005047468
-3.841798459323545 -2.5293182132723224 -14.554334141289624
-2.03056888800463 6.589015879645162 -69.54733626921384
-1.2486234855876381 7.880033253196526 84.77636676589303
-4.965466967208359 3.078271282351161 66.28462278656507
4.254748728359045 0.29385756376330185 -42.0962240294577
-2.8450267953629447 -6.2810679671689025 -88.17943311550567
-0.1322637159635429 -3.127042234881646 63.138939820740006
3.8217712223371105 6.59920379137027 79.56421084661359
7.614668624340924 0.3247190439481886 -95.47910666054416
2.659070744428438 -6.999679254962798 -39.85428442907738
1.8269032417572701 -2.3991414249740854 -18.570436426234455
6.213505423167716 1.6347237496682072 -30.684621837884517
-4.648374576845315 5.023652622491046 -5.051684268432021
5.4240397623997145 -2.8183372870625796 -59.99173020500886
0.4818100427810848 6.495978644756926 -65.18735053795422
2.3006817952967364 3.3004469920292276 -93.17669941796125
-0.13821226097755535 5.885240627666006 -87.17680363207896
-4.973830697092131 -4.219650426868286 5.101131050970687
-1.0925150160271329 -1.5666565464237736 54.999027010974366
1.392172552507508 -6.150908671638736 -36.46080922995516
-3.1292802362069265 3.344334939259854 18.683790746963133
-2.9424786949612933 -5.981102233629118 -33.442976160406594
-6.51176062067574 1.6483415923400715 41.856542863050734
-2.98901230183029 -6.109829800637113 -63.651952656763314
-5.034684772093761 2.9297743355399466 54.33702585581565
-2.245089308119307 6.752411262786054 24.59416406609794
-2.8704250702465344 -3.4960353414527 -2.2153493631041035
4.317601507880442 -3.5260988206980057 40.114217291979514
2.1452860539873386 -4.309093584958491 6.99970073451549
2.559189602732695 -5.835751402004053 -15.157856954442009
-1.3063320003282848 7.261503171303307 90.29930517448986
-2.547044956012129 5.4338449900685495 61.374306079615835
-5.825113257307854 -1.4462956854151048 -76.09444974077795
5.821250287818712 3.2505034279006066 75.91392259248657
5.627852261801983 2.7976626594114102 45.997943621096205
1.1650065334401365 -5.522660724617904 16.28924257962912
4.59838594000646 -6.635895969245618 -96.7977780310013
6.4952662054190915 2.5518352903439463 67.87669154969717
3.4661935401347295 -3.4485559042982583 57.8486381420017
-0.44734312573413193 3.800870587334553 -79.70888304213652
-6.73004583215869 -2.4902937619411487 14.879977377481055
5.6725459102945095 -3.168291251817864 -64.5857910996338
-5.753678036680844 2.065402749359932 50.568546384319625
-3.425327533063389 -4.893784297554349 -22.60700883825808
-2.3419671035884084 -4.3078102423921605 -83.4661511513117
-0.09493815808713141 6.339917326400649 -18.819466401191715
4.709804087367278 -6.598155366451864 38.0607422595814
5.784664287789568 2.5950171243590914 2.424955662010679
-2.898642879918497 3.86822410376941 83.42511937061101
7.350392886208859 4.838353489475047 2.755811731623493
-0.3635469704537467 3.459252875494645 -63.49331076248025
-3.841692475557614 -5.622313687736502 18.02652024157614
-6.869339413381462 -2.5524777310618028 37.86649617704106
6.734129059149264 -3.6426577052131517 41.19705624358872
-0.3608513896211828 6.655261384052775 16.749146313919592
-4.694370540485056 -5.528314544492433 -95.29592516188673
0.6459271140486202 -1.5082599274753434 -66.26580270768929
1.7068094410964727 -6.265187865484667 53.57379170547641
-0.18555923245122882 -0.541632844109436 -5.454573553106927
2.5211241232016963 4.58724941308853 9.923030122801556
1.2253598140686215 4.014100726367222 71.55551223579175
-1.5749144158681823 5.881846204443787 93.10423394964121
1.1654997927112254 -6.512160036776493 -53.84381205410282
5.759538809317717 3.1906750613485766 92.39579263407401
6.083516857536041 -4.5526865051005165 -62.51552004075786
-4.964618830515673 -5.454999162821308 43.48720239466868
-2.705003205329792 6.297228374863495 -37.79524196434357
-0.30139316378753217 4.516049778482993 -82.81933901001995
-2.2892368629724382 -3.378935657468746 15.87628936522837
-3.849219310923258 -1.9934122758775723 -5.242670121842084
-5.774117911379297 3.5914557459416914 92.04005665169876
-1.91844613508595 0.7927968130059587 -75.80604564661944
-5.363443428252511 4.219043222967445 -77.26174991549475
-0.8989181055388102 6.684993322315142 52.003840263755265
-5.463201672226842 3.232889774941327 30.822450089913218
6.204034058983114 -3.1360644641534234 52.77111137560921
7.795920927653453 1.390898936557615 6.807464940552873
-6.472803438325789 0.15018294444763775 -28.684473510018538
3.80227333818247 4.666943730938655 13.746221520107905
-6.269592963425061 2.9510706488307346 25.93061143035573
2.8555198400193547 -5.666083282514172 87.65665434615136
-4.721146080805403 -2.8534379840352972 44.511203536629715
-0.140008799630162 -0.8449682362379054 28.406844218583352
-2.673192224187353 -4.668421811971439 -65.84414402139856
-6.703948794800626 6.313062677948949 48.67859802718384
2.0059532810673515 5.1138342610258025 -31.297240038585272
-4.187773383674518 -3.119741903303533 74.69502639257152
-7.808654430899852 0.21278927565875871 -51.2129096265451
5.807947517390085 -2.688015473384133 -33.21508852831993
-2.295932524755705 1.210152200262157 55.20794637224454
-2.7399454158698804 5.971021320113325 -77.72192703760523
-4.4340460980047816 -6.268287332452549 -76.25061320507866
5.079658544359677 4.57340402855393 -64.19045137073839
-4.622200126123348 -2.6071015453266435 49.24554426928787
6.048395454521281 3.800433978489284 18.576796504286214
-6.778988815410399 -0.7870881317377225 -60.189143810625055
-1.1130936163657505 2.034524876483946 -60.039701778430945
-4.840338469874077 5.715635336935673 -94.02665521018703
5.154264863632962 5.321842575725115 90.1735769849298
-4.013363881743995 -0.4413058991219423 13.03967456612666
2.29819569270816 6.2665244575829195 38.168225408146924
-3.6538355815016117 6.268067772708631 -3.4624002241183005
0.2653754409720639 5.946831770399813 99.82503118625331
4.737055982094826 3.025240050524294 -2.720168158743798
1.4836493677110616 0.05500833447641412 -61.68157473112883
2.643435935310028 -8.742012468818649 4.335954562966696
2.7506605015512546 -0.9053994115088075 12.30881574248182
-4.966489699150637 6.051134500525961 24.08454597109506
-8.143767300591275 -3.007467699721989 -53.75780979606397
-7.575332452299418 0.7059060475379044 85.1993513050568
-4.2974494290182506 5.848852240413292 38.35618341204161
0.8602879384571143 6.979259343843714 43.111504415936075
4.7998076298060735 -1.9461173051533478 62.043068991858185
-1.0597488725507531 6.452543668836278 -1.5660494165597332
-6.017485317264952 -0.574305085280746 35.282201932244654
-1.548642578645778 -1.066849933631056 31.525150465650093
-5.629659983741543 -1.2363843009708 53.238960499944035
-1.873687863686643 -6.057062067007324 78.79188812442281
3.5651143616100547 -2.4240434704075335 -24.214923452906227
0.5254066447844891 1.4639216406825346 -54.96461815696314
4.776396526113861 -7.351266366104679 -8.680604264960728
-5.380710687438698 -4.87836612000108 -63.541338851868616
-1.845616205430126 -6.358111591267192 -94.94798401209734
0.9208738635984186 -7.808221142912876 -95.44178844452948
-0.6735608226801203 -2.568747641961072 38.986134309614535
-4.718081419992492 -2.3821873013939086 -20.002313083306152
-5.7386567544808385 -4.0888287097965925 -4.288063495038007
-5.867902921672299 2.79608977381449 -30.65622496081305
4.582259385491534 -4.767433550391215 57.1941648815582
-0.5995648419793932 7.799602054974401 -39.42612273073338
-5.7495107779422945 -4.51432529461873 62.230364489355075
3.1436375987571417 -4.154879180495001 -79.86780230699294
-5.775989978844191 5.231890941851929 81.95436894543926
-1.1383179921103301 6.085182066824394 83.09924113330423
-3.5109961669470997 2.558718610224379 89.73846683873282
-7.182285084525086 -4.601483210294339 69.8843811991637
-7.489276045773457 -1.1592189993707038 -31.99689961049671
4.151174502979203 7.465698105017731 -65.77220262440537
2.4929326502482194 3.948991894157498 62.166721798988355
1.2348469670045366 6.082337413206634 -26.892504818495027
-1.7589931396816414 -6.5362029625229985 54.961622109733504
-0.3507959834875599 -5.8808584993767115 -66.82999922687624
4.1356609001568945 1.3056070825242116 41.77296588477285
-3.9124339658663416 -0.07426185529442648 -71.28368996485432
-0.38970086227210254 5.47777307023778 35.25670150363491
-7.145674440946111 -2.662204293919994 66.84527991047402
4.142611423220691 6.4745975161900775 74.86978472057615
1.7141202654771968 6.372969274247035 46.261435192451714
-2.9819744127395484 -1.0079166044206556 -85.68111861851975
0.3550563828738775 6.5714168656641085 -77.002841237434
1.1432998705726973 -3.646853465028162 -82.90696217059113
1.4968305922737684 -4.959119200982919 -89.5888312197631
-6.787052871771964 2.5069674572230696 18.34052064586633
1.0083321531097078 -1.6469758741407112 56.850023996913144
2.903440848382353 6.427199047207182 7.100141459995147
-7.048830911257166 -2.296498501432766 -84.32166342992397
-4.814690258364018 7.404948149657638 -82.36055134641607
-1.072281633897439 -4.455141688842451 65.9094935520579
0.8151673656427639 2.5785882802759477 54.13394076192426
6.1349745616971125 -1.1054035999169978 21.082190398939808
-0.9286480125578347 -7.207773690143603 67.82236142931782
-0.18800578310238947 4.87101126440501 -59.07659760450556
1.1098304645858863 -2.339372180929948 48.000751024606274
-7.154127530951013 -2.8967435091960567 -2.492909498512572
-7.72249537684129 0.6907694892179304 46.93544228800843
-3.585032221751956 3.5215121785372685 24.73020745199092
-4.133658677040536 -1.1501566161107837 99.29134555882484
-3.5621060092323495 -1.118635271673145 -82.85444378444126
-4.726195902574794 -6.715070005967299 87.19366187800105
5.265445555520534 5.814291688782475 97.58880931371309
1.0434442402251163 6.991664988521229 8.073484635221266
1.2553848701370658 5.876422149028449 80.74416265483323
8.536019687890578 -0.29780490724604824 55.10343251504463
6.2812343281460965 -1.7892195661368382 88.50212475239628
5.531031601399958 -3.056654328457263 5.0940765794230645
2.788971427144257 -8.52327567526137 48.95018811610086
-3.7180682461563137 -2.4172677244644336 -31.156752599153613
3.4987170701691346 4.152926112978017 -43.24357146913897
-5.156795913992279 -4.713909842687369 -18.046388808038376
5.234999475825866 4.00958673311567 95.2654305669873
-1.6140565154301216 -6.539692650954414 -38.96730265592905
-2.587876799803104 2.7419440037434692 9.825491612123873
-3.160459255952776 5.669960322324948 -42.91563687429307
0.8356455372063512 6.638539160742961 61.57691638735523
-4.477080349321196 -3.39132502461064 60.96145438545414
-3.535269721172172 1.2317968711929115 -63.77048654478068
4.6541111674205355 -0.6288106180765567 95.50230551811845
-8.612699494673555 0.5505605479875153 -31.13359783876028
-7.6376987818820865 0.5808263245830078 -82.3082540216335
0.7129463363206443 -5.29604356956052 60.514241913523556
-0.8645212187586145 -6.59116209352948 -91.25541100405201
-1.9283012969108313 2.928535343214455 33.5980749171926
-2.3982172672590614 -4.827468834096223 51.38209187966817
6.235242868256583 -2.6319375211052134 66.16674722938986
1.654906643278414 -4.073521654001241 -68.94055943955354
-0.14538709564694022 3.3958170463504262 84.86127632451159
6.6804045545953805 1.4644186615383972 -15.817711978019833
0.1899178941306 -6.680033170197374 -63.71754212449418
0.9173207317468586 -1.5696521010156153 -29.95678660522632
-1.406432048820711 6.782650434244692 -9.27094628074598
-2.113795494831788 2.6622161119660506 -19.306911069029123
7.166791184788833 6.095544806580218 85.75965737242687
2.606854627410768 -5.849662892920357 13.572427739313873
-0.3080814864993193 -0.5723089151912897 -44.3664658926796
2.066063667676879 6.417507524847601 -80.6515577070773
3.4340363820208055 -3.6704779116035864 2.5249427910509468
3.267798625916109 -5.280759280999924 83.64438238367444
-5.918259856608829 -1.0111662092893967 64.87221776276277
0.05585570082480124 -6.340834100489802 90.28070784383624
6.871576919231549 -3.586308591495665 -18.28193102670899
-3.204512358732834 -5.690905038023192 -50.038658703203616
-4.697897340907381 -5.4844557550159765 -84.95050613703393
0.4734835765747424 1.9748771894431019 63.595557349037676
5.637934633714208 3.7104589491543445 99.81604682420331
-8.320658126008988 -4.425164947348782 -4.2361228675140365
-4.111394547638362 1.6038601061909703 -90.54806128708088
2.523823013291329 3.298349648227911 -71.4015347116146
-6.328940521526803 -3.971017819680237 64.15530850014478
9.146590156983025 0.2091950598514919 -24.142159197462945
-7.119830300824086 -2.194578717173863 97.06718277735104
-2.892510468265633 -6.6558103063159795 -71.12939688685864
-6.293847454670909 -2.4467471044702456 82.50924144145003
-2.6002756002778686 7.756453918033721 -0.7781887930229772
3.0754664733759696 -3.3491447260521263 -95.16492570842173
-3.242076643053277 5.0575780544125335 56.49826794077756
-0.9576742918818572 -1.5763407587150255 8.23328211628327
-2.784452829367525 1.5546514033204182 64.96755653709803
-2.113809551642722 1.1139443933284658 88.63975432824434
3.63322431446194 -5.67614857091265 93.82120282189761
0.47654746993308805 -6.506726025234571 -43.974309386088564
5.446078904628815 -2.7386224901084217 74.00220696910293
4.513608321490361 5.154513806611325 99.82314498080041
3.7100819381059247 -1.3769763470915428 55.65697778852131
-8.229010928052931 0.7844358195699659 -11.951980199272072
-6.265288030123516 2.6190906259847506 -35.89866964696827
2.024064194020827 -1.6137954174876012 -36.12511361780985
-3.2959939526467528 3.5091048572171744 96.03867760002485
6.135629686720709 -1.2073102899098132 92.19164103360589
-4.408626661582377 -7.248036291580702 0.09882234017658784
5.60340342681941 -3.3941223136568492 29.926012804806486
-0.22759957734950326 0.9441476393899887 5.583057933032156
1.3535196443864108 -2.1635796677637886 22.968751480232314
-7.4858309084925105 -1.0235134825727192 69.28189706091034
6.546572011925516 -2.9134569565027313 96.92530664783158
-4.766393127937462 -4.78700416002194 10.32203473640821
6.982147626884642 -1.7425339462745875 74.79464633902246
5.0642867706699235 -3.47115182832536 -40.255475739432704
0.9515195500840541 -1.2889867779186912 -26.50882933327111
2.4345197886036747 6.002031999907601 16.050903941845142
-5.299426199051756 -6.099739643650761 -26.51130513523987
0.4044190090785298 -6.659896172259265 -82.99173145643962
-3.198501906826949 -3.093731862999524 -91.16878639749066
0.18170394135065293 8.11113426307613 6.900937544804246
0.9395998515361458 3.9970565615921636 68.20229121539839
3.850874487170775 -3.8354606095910007 37.255899012289134
-5.133148522009948 -0.7020496315560596 77.9303383961334
-3.8353751092445165 -5.178169459392305 65.7179639410577
2.2053825751495135 -7.580845585240152 -93.05810043732689
4.444238254857503 -6.267595116367378 -42.97777337699181
-0.7353451158376173 0.7350660923817954 -13.478923967275456
3.1565808685477945 4.186102429611256 -11.945282010996637
2.741162475791799 -6.946499224974957 -10.816312531728553
-1.6844037324280308 0.13364748618887723 81.0797816728672
5.031832502729138 -3.5611514088997627 -16.6669110712937
1.169188594435854 7.328151666675287 -59.00028994685903
0.3127112110039701 -7.935768329095875 28.43788922399672
0.6167877547714901 1.2692818019638386 -82.78654809037016
-5.60109163225083 -2.4644171651419375 71.48029336276123
1.494238651175415 -6.435521036528673 97.2199221672395
3.1233413565640475 -0.4045155686035652 -58.64483861443588
-2.0724761126801376 6.0968550180579655 -73.84110508790715
3.8975070192810146 0.3928548010764088 -28.920959892806334
5.046370596187798 4.20904511082524 72.89393162567104
4.240600000138743 -5.880672324753634 -88.59173792649386
-0.5963276148843235 -4.364282894853026 -59.57457933116284
6.4704726918023665 -4.761079216496667 62.598360668931896
7.323979839035851 -2.8972593817327583 -57.371865569938976
-2.289184068460029 -3.9911943648513715 70.39272277605761
-2.0135560645946082 -2.33466726031824 -64.20375208106348
-4.401680219113262 -4.76617298624977 37.947132102457566
-2.265561070408041 -7.097236207106463 -55.242564068749225
-2.6034160360019714 0.8098399059126927 -48.61715767348855
3.0639672246763485 -5.440202589482152 34.209142270835095
3.7703003904739063 -5.394787438017718 49.29550946204834
-0.5088538418358173 1.3235061289900167 18.06464407991982
3.6940172796487896 -2.5154757437609088 -88.9733593144744
5.793864705111797 3.9334667869624016 -0.24032823667212755
4.9478054335095365 -4.249007462506363 80.03626166856536
1.6763476055658604 -5.742431928521422 65.17433509408092
7.857997192413714 0.32232026743205594 -64.08280033130426
2.4953559554924936 -4.8370752582276335 46.37180818374017
2.164586925798372 -7.4215206338974875 6.071290922654572
6.472459702784785 -0.7521478432753302 7.936127556834147
6.449428852480067 -0.6259832085736214 -0.03605448883316086
1.5022769910821006 6.256208661810141 -60.911518445247665
-6.36123238267264 3.8264054227096294 9.29858335514661
-2.0696352256130224 7.186081893191933 76.36395280031357
-0.19213299380255733 7.106511287035393 67.64043013283171
5.049936654813952 -4.3105989360681365 -98.37181298680635
4.761706705538373 4.493962541884034 -30.468089787190333
3.777715153702978 -0.10127373450708099 -52.177470700719226
1.2356300558325346 2.227492099043955 -23.965415939679936
-4.279967718329151 0.6569412004428996 -35.00459274331781
2.4807990036903123 -6.48193385585407 -21.655734340047516
-4.860106336589238 -2.0384596707515326 16.177274715540022
-0.7357818070135665 -6.18583624744776 0.7914033396543287
-0.43611466037647134 6.621231280290618 71.98382620311344
1.2410926537826532 0.27334944817021506 -91.46698132772204
-3.4730145035009703 -4.093496879725483 88.07579857902823
-1.529007975204076 -3.0104857129915863 -49.60593964846167
-0.2188527784979668 0.4349096432502122 -57.94185957569307
5.361864166456429 4.278091388027808 80.29312743264478
-6.819551689464499 3.9894205163200076 49.698565099772445
-6.2638147151461565 0.7548479957622322 96.98301010811004
-3.631206721385577 5.719401290270818 -67.20249810884268
2.6202722599689396 -5.939183268746777 -0.13730694387734424
-3.5597846812430047 5.99806128089706 49.10044062214508
0.49397098099960945 3.560912755567836 -15.927749222608506
5.555035834738055 -3.167887845921367 9.63942002387201
4.084229684810874 -2.0104375800972494 -92.21863305564763
-6.096202301054608 2.1522373499088343 -59.30529450738796
6.5829034464449965 0.6955150927116437 89.49863690095886
5.003686086592345 3.4504762924746952 -25.733622428048744
-8.208270571009379 -1.208604544569184 50.02455847108262
4.372651123816279 -0.46682192461019284 49.76440258496209
-5.37871522208697 -0.31865002429516187 29.73368189459799
3.064666346264975 -5.830900374582061 -72.07293842982044
2.732131302901564 6.314252722136277 -71.52495022289072
5.135919753067495 -1.3679915766277262 -6.854624208029493
-4.851346477269666 4.876329009638196 -96.79804082700163
-2.906428287630275 3.5439991797433548 -65.23299970044165
-7.511886404823222 -0.21533513714314045 -34.95217259879438
3.597121006619262 -2.822516359967241 59.47189291435955
-2.102842800785909 4.914074785735372 -34.24849630913066
-5.915551358686041 2.3126441435884826 61.719914017021516
-2.2488652856277493 -6.13803831155169 -17.092675966576195
-7.529644662305191 -1.9516094749347421 13.573303797198419
0.003350397631943114 -0.2173205364130596 -40.11716720480334
-3.3812148966807154 -5.962658830674592 13.883949126042815
-4.844587108020773 3.7238068117811687 21.25006123107509
3.184553161890308 4.755734098129352 4.5461877334085194
-5.153530972944326 -3.831068392424502 -87.88655560560733
6.311592739641626 -1.7778184063173288 -80.2158326703151
8.3427764087757 0.5038738267295428 25.008460140523802
-1.0745399362765966 -6.372903987713852 -99.61765589659059
-6.683922366942967 -2.5027843542156316 99.85078108045896
-3.3599961238773335 1.530887355271706 -9.315152968363181
-2.574661513141386 7.599480772156358 -16.207815258078924
-7.607656483355331 1.4302989557257473 -99.61681479424526
4.040348095951122 7.411176035317378 81.29161036795104
-5.568094034271647 1.8063493804000426 -41.21723448874495
-0.8152619885949155 -3.9059845335944954 -40.539203337435005
-5.301860077083913 1.1269318540831708 -83.22016912782738
-2.88518868959169 5.6599419483035085 9.393930189324914
6.158098660802271 1.2759627868001464 28.038237727640787
-7.13701393100812 3.488466359939251 1.903966869979386
-5.165409674426915 3.8037293497952884 88.12801282101944
-0.3741228883940775 6.619325745667568 12.660738613392143
-2.7718799437657275 -3.208828785846641 25.58164450909549
5.088503056575571 -4.314392345224083 -6.345578528912839
-2.980787193462067 -4.823458652738603 31.69385059146319
0.2694492230811414 -6.700969068291549 -31.646378029675407
-1.2700839592027389 -1.6796700635928694 -54.09667372978609
-6.584698745449358 -0.6952545419780412 -46.38204349992494
4.365863457228455 0.8203703787265972 -33.46542012355816
-2.994169727670407 -7.298573019979331 46.741729000722074
5.62554545029376 -2.8255317063402443 45.145397987350435
-4.8455482000981895 -4.626828671347126 -54.147439206798495
-6.140546352862598 2.076632875327258 28.426796940181923
3.7786359826781704 -3.4396628612237565 53.479917095374205
-2.6432206760499546 -3.1431956976009188 1.167970349221976
-1.4923841044677073 -6.247129261755218 -20.73572776697224
3.23751740548979 5.178225860753515 83.68970852449537
-5.660141925168832 7.672127319711545 60.088872402185345
-6.741917951196706 3.3278687264766043 79.67322976824309
-6.995184528981498 1.9075207256887707 89.44391605739213
-4.19642645582252 5.89122877555957 79.49168951734052
-1.3067704714619164 -6.941557728556475 -57.60001806150562
6.550714085226518 -0.7466802767052775 -37.103086063467074
-0.6722823479393943 6.383139675908348 -50.99228536754577
-5.576791141440638 -2.124731090017507 93.19590387979068
-2.3003312514424477 -7.638166610260435 77.13769685139334
-3.1880277673478457 -5.448124294874196 89.98864075645713
-5.138342212135815 4.170527129022043 -32.26181072709247
-1.5917878183523226 -6.50355200441696 8.476201850246053
1.20261680028 -2.03315660333 1.48564226103
-1.8342238528609769 6.5724858792977585 87.73701156052061
3.8090540571763705 4.944649918616256 -88.53838561305868
-4.65122340334394 -5.138652845520856 -67.85011378148167
1.8100669722690617 -1.3312202916625324 -85.14672567258934
-0.7055314377087091 -7.8581590715977985 81.5143453957497
-4.944928766452821 -5.188609984352217 91.72590741425913
-3.076789959168582 0.626627128573482 -80.04615861707958
5.297049176858705 -1.5041813144714393 -30.44818503611421
1.3981852448659375 1.1076505805147332 -49.66523845182854
-6.320203677619332 2.2390875367288614 -94.55571262593612
3.767188854054271 -3.1197233423865653 -66.0659895398722
-4.239831165740407 -5.646417315901054 -36.40095095048552
0.8750743532223754 -1.420161932852608 -33.358012534564516
-4.651528546449744 -0.08705906870622404 56.59950569911151
-3.435228682666392 2.2409336746831077 -2.576644493345581
6.5882570267844764 -0.24159173511281007 -22.500933951367884
-1.2747995625066613 6.891618983911289 -23.844935368486972
-3.5319765409931443 -2.747441346964804 -95.44885490088087
2.3211509189297193 2.0659149505991223 -0.04625759817723307
-1.3580758967059747 0.1624523206804458 40.19895333088416
-2.4800312865028533 6.1672620700617085 -48.67705101084859
-6.809440945767993 -0.15369250922657907 67.58348669245812
-2.5459140139344782 -6.063050978449446 48.984668504494735
-0.3572515956843457 5.887676975384342 59.02130240148768
5.936120496663341 1.2536578066570043 -84.16904807675107
-3.8736186251445863 2.4762138094262216 -93.92037426767081
-5.592034692133806 4.072209402120561 -91.8895999650801
-1.425147444370305 6.445850020618021 -54.90268743500118
5.657134319005307 3.7905450197192256 22.41928768195718
5.156607103222324 4.162324611756101 -95.15191427750561
-4.166705787914664 1.3943201173397102 93.89586316846304
-5.658009167153921 2.487248938358806 -74.43812580677113
6.910984111447979 -0.416737981796073 3.986199436491929
2.545890061347655 -6.921282157602783 44.447345372220305
5.7543507069982756 3.9267869640336133 -44.50825869456843
-5.256605786296242 -6.178976218057315 80.1241545997987
-0.1405201946120403 -2.654615175002455 4.306217316729306
3.6538859184894963 -3.6864842029862843 -32.12559196437712
3.9888154993296903 5.301817569903974 -39.72444440064231
5.219572085064555 1.359872447516778 -19.80065765347579
6.993299126199147 0.45940823028727873 -56.1656623416028
-7.147283672178408 -4.074175800624581 20.62680584138772
-2.0246325655432837 6.375202257617098 29.42217058385903
-1.2499843599882177 4.027385749700575 21.378871845882987
3.413828945484897 -0.8520500313895493 5.307176433263761
-3.066879645968896 5.8993379222387645 -62.30998766113179
5.771541963672916 -2.9205267799203294 70.39341416961321
-6.466046973772034 0.7109497641545857 -8.82809850927108
3.0602408658694658 -5.839446330451409 -48.380178317494654
-7.296059731736263 0.858952939041391 15.217021678580403
-1.773537540680952 2.592122670085302 -43.62821313342457
3.0323143057640394 3.531586554693535 35.90991938046556
-0.3681386775058282 -7.895627533803475 53.08509324612261
-5.172510173253816 -2.7456580603522656 23.353836980545054
1.9097391255063667 -0.6733492312720156 72.01225130717174
-1.2017736054468977 -3.9722769631803363 -86.95085558744069
0.1405627210318679 0.26776296585039755 11.217342688059864
1.0900346331886226 -4.693447752650821 41.85498901248997
1.4795388882985017 -6.518235612045494 50.50842134796273
-6.359860762857849 -4.423210065104441 -49.07494248624346
7.320941344498485 4.998879053061181 16.35544630510108
-6.788941425680264 -1.4573252235553618 41.40792428991941
