-4.61639964270522 1.2006105726518244 -32.72997046430738
2.5801858633172983 2.3011548823752133 -85.49670009912894
-4.737265984300436 -4.45386350513752 98.34495509988197
0.43577774266425884 6.589528863575622 -3.6869105311732717
5.971816239962689 -3.0349059869181074 26.513790665027134
4.107735766910861 0.17084146352979138 52.46600212765994
3.538463241404776 -5.936233098269619 51.762723050826
0.45631477549541705 -3.7110656428036513 -94.05143160459474
6.7023925830783195 -1.0257473681911544 45.92856193566307
3.149771154492949 2.6437216441244096 88.95813989055183
-4.950013984410697 3.9561246979591984 -9.861493097906214
-2.335053276779299 2.2182464757791127 -37.4781830400177
3.68842113888821 -3.997104660352543 -29.117940796338825
3.012508854100431 -1.6317112190862055 80.856044916453
3.2655293431840935 5.492140176441708 71.7228527918352
-2.884862726635093 5.157528438656195 92.41379404876882
6.519293658419321 1.6087806679113796 41.296750611944404
-4.847593905598153 4.411936305373735 14.10070141281273
-2.933017265640246 -6.229053144158827 71.0845734365357
5.656191662597242 -2.1059045935666934 -71.48357740938307
-4.906282458258384 3.749911221542794 74.6718829135616
-5.770220326313775 1.48492280208836 -94.32716414258108
6.290398257228244 -1.0009064306297988 78.71104795576053
6.951856147765543 0.9174780365452466 -99.12985515141476
0.6704555757675896 -6.694065696555869 23.245496998551015
-1.0217670379103836 -3.976606371574566 -71.7460113190235
-0.7932482721364515 6.722213172375175 79.3247618378029
-3.0328927520059343 1.7866199764653352 2.22060329381831
5.784518426923943 3.586872201665261 7.6560624481118
4.593438989633347 4.824769708040441 1.0763076939366538
0.7801847974347191 4.165666617773873 -54.65070996036625
-2.9896571870443376 -1.105875711932126 -96.97143800585926
-2.4889759547232235 5.999919701225581 -91.24704990620016
2.5610050648976106 1.8328466655117077 -89.21251016031921
0.4691395928982849 5.361509314333316 29.186064894877614
-4.107887822120058 4.887054613074974 45.11680245797276
4.26755227068061 5.189190986432893 -55.20794798682573
-1.2665615930225727 -0.85259973153558 -31.41781847320851
-5.560214393027811 -2.4748719104418315 -23.78779809264953
4.795487013656087 -4.908721594445891 -25.422141875531047
1.9984921266062625 5.106973582159204 -35.6750358046533
-4.408752943748091 4.9862588401309305 -52.08728674102939
0.0955719555903797 -0.9562116286951998 37.70376524909745
-5.143494152100371 -4.326139526465645 -32.13754576538396
0.5799546122332246 -3.775137677452166 73.9249816361121
-5.918514522991005 -3.2867348834451784 28.588233677134646
6.082377745815459 2.3952825728272074 -52.77312906441501
-6.383399317549716 1.313197013769462 -54.724475751468006
6.570971166509812 0.1752801338143808 -61.64766254356627
-2.590520370169436 1.8078792152121879 32.7084648818971
5.330714449944739 -2.8463168564736736 -74.34900426885228
-3.265231162209809 5.664524131256143 -44.595738200656584
-5.617965298274747 -3.11195263865905 -14.965223176864619
-2.576705684383803 5.622991213582234 -70.0671455223171
-2.042638807341081 6.201045262916313 85.10955769399926
-6.092733791672364 2.655375687978533 65.46360973295914
2.0942405306142122 0.9783222241798553 -39.79122401201797
-3.388424210581133 -5.024431841253131 -87.67421587457325
1.0334205949830753 -2.2108750743447 61.38771416996019
1.638473907414872 6.049012965895043 76.95799281833102
5.854157186832719 0.0900540255718269 -95.93570586133316
-0.2570342162169664 -6.06058128223714 -42.13546231096341
0.2342548906834584 -3.9251677597256727 -19.623452829038264
6.8141841733180115 1.022529639736757 -32.88552628167775
-2.706623203260123 2.3390372124987207 -12.58756480092574
5.864795576230694 -2.816450150106034 -58.8486477450439
1.5076246789323688 6.503734521105998 -65.61122832048017
1.2135407316406945 3.020557827460089 -93.85482483064442
1.1368722075665327 6.704452199777138 -84.11615742294349
-4.925099413695839 -3.826649941610981 7.543056882904656
-6.08341353968083 -1.8435582849067447 56.538337930048854
2.1585877319525713 -5.329117119499668 -36.13534021593308
-0.14818432281208083 4.140384499429346 17.158036395066958
-2.569011978283121 -5.65217980044691 -33.31083289656087
-6.096694336697349 2.4742161229801805 42.05467067246378
-1.0918806467468831 -2.7735905067310527 -62.58897905363195
-5.781376499276956 3.3873515152606744 54.29950241958936
-1.7291835135126477 6.318087142547227 23.319570954571713
-1.7121355416551713 -4.247997337293752 -1.854923061459261
4.5279187510052035 -0.21324878761080085 42.99367555578123
-0.78765383690933 -4.325867869910754 11.53402174896559
4.229595674462914 -4.623879767426771 -14.30628498376666
-0.9457189614034152 4.531388979812769 90.11024053609681
-3.7586560897029484 4.668797379718079 63.826131952906984
-6.589900437738881 -0.6311383939901235 -77.53536891370373
6.08829769217331 3.0245282261900233 78.1031373770697
4.9933754073429375 3.9087477138883595 46.15367476373083
-0.0035064979560419374 -5.263574666695463 14.547817812066366
3.372574020050979 -5.555567931525462 -96.71522053157842
6.416852763402328 1.9980920889206912 65.82303119503068
3.968154260722273 -5.388808762997538 57.79847847170476
-0.5289013417423084 2.9199077885731572 -78.6063924802215
-6.42448301104366 -2.212981610342576 13.984395738422725
5.267523524582175 -3.7168032883858686 -67.62946500797386
-4.041814374764629 1.1422097395193636 52.10742473404745
-4.649313484431319 -4.848711108728919 -22.010480090393507
-3.452908726837147 -1.8405333396428347 -83.20630612907487
-2.2541257826724483 4.88600298062163 -15.63606599047562
-1.9619306841615773 -5.848370993744348 39.691663526900484
4.5348908036023605 0.4057273254215935 2.4366491425724757
-1.6081284207634057 3.8303200624789984 80.39426298408486
5.871099027355509 3.2879753676755046 4.232740840322914
-3.2244498926453256 -0.7632721327801184 -61.68147828767492
-1.8912968508025636 -6.2959589155507585 16.919953712041
-6.1500294400989635 -1.8224722946629022 38.2598404762431
6.251338764245492 -1.4411176038903957 39.77593103480375
-1.7005085912033104 4.436959945287043 20.69711812904843
-4.769734782010991 -5.066251884889681 -93.56315171080759
1.1401107873613536 -1.4903206726672347 -66.40089419821756
2.739763129342566 -5.548493217856701 54.63734082684459
3.1432641214486754 1.9159238944270927 -3.3264909003948246
0.7321933233189695 4.1288932321098155 9.133018290898
2.0426865438634323 1.3346105315527526 73.10225943944363
-0.6164634973791898 6.691905801710196 94.30713272458483
1.7044425174054612 -6.433908901862764 -51.39882118388394
5.910473972750159 3.24642930582521 92.92847602764725
4.24617167171579 -4.8344850626584615 -62.17078378840409
-4.702378888597111 -4.453027927889905 43.226065805878996
-4.191132153809975 5.092615422627827 -37.64043321148612
-4.049579734219926 4.478974819371661 -84.61603421624955
3.750359876576219 -1.7797290852068761 13.089095868026222
-4.029732166871401 -1.5624284596225595 1.01567128399616
-6.414419608326551 2.267683828885281 92.31045520210527
6.641052586689003 0.07230731566389503 -74.92021334989472
-5.999372449814722 3.0743650317802844 -77.6519457644211
-1.8188354578498642 6.495310473411158 50.32024737738695
-5.381209831456835 3.815780690692352 31.17219186047218
6.005197876132112 -2.9964795219534754 52.75224097771238
5.9861093534218135 -0.7048339536987321 7.277521772410297
-6.840120041028294 -0.03859436342915459 -26.60134501743878
5.020152440240217 4.274659247147105 12.565494147763719
-5.58714771848372 -0.09099718489200703 23.222875553967725
5.348737959020848 -3.7853823336634047 87.04971640939719
-3.7482816860230956 -2.9843961937947863 47.001370477922684
3.707484622856798 2.2807865081694727 27.804698712326996
-2.4363099352678765 -6.3572282708678305 -66.00223465987732
-5.251080530082599 4.4711722382628105 48.46078161830015
1.354589087027987 6.361705573769846 -32.2470916089038
-0.8794103865219804 -6.4851747343659785 73.66823456526824
-6.1604633380909215 1.136263725574402 -51.52713481666779
6.0238014740664685 -2.6756686618164105 -35.246209065214195
-4.670500274883694 4.7122194145136485 57.0218371507813
-1.7716943758150503 6.6150528599664975 -79.83067188499263
-5.3071591992980665 -3.435324036542881 -77.56331394577258
4.742667547583842 4.25930954661876 -64.47511757898384
-5.016449987687693 -3.4836287889975326 50.52525640967874
4.381024192413259 4.837566233617966 18.603653555307964
-6.235928689310325 -1.3810094874984562 -61.99092782075145
-0.10609618055868505 2.991073524331043 -60.756834669473655
-3.4588414520357382 5.40836816148038 -94.3539097743807
3.5458788372513705 4.703519952271094 90.9582738816452
-5.005849726679882 1.577709606188964 13.460789590695848
2.7051738152211677 4.968564183268493 39.65770015595292
-3.8302233251319975 5.6101068629227475 -3.2134536811835015
1.6553761293834377 6.2947338783141 -99.0204342573882
5.931456720660417 3.406452435532296 -4.000488227661364
2.116439530950144 0.6835480241341856 -62.591309468685346
1.0662415206896392 -6.443284232760135 3.2263778244416517
4.270870754250511 0.9759136630972611 12.083063687595406
-4.408912497514435 3.1784658896914064 23.09756423079487
-5.305078185725595 -3.9670269147986374 -57.90546141680199
-6.628216364530164 -0.8092238650487502 82.46714572367885
-4.717509443903091 4.157267086364923 39.635989448005034
1.6531289251378047 6.265402403498811 42.511989153946914
6.4187144050709115 -0.07558433723270999 63.50243478601884
0.13393125806252731 6.523084352217858 1.436942342798419
-6.208034664496618 -1.082618539923128 34.740589801364386
-2.8859599590215006 -2.1945704059578865 26.881808841614923
-0.8480964320474731 0.6994106902418452 49.26415797402027
-2.7403910236465636 -5.445218346465591 80.14822247596888
2.729769945027079 -1.847789041590977 -25.72001790858109
1.6710770116995033 2.1745241594070386 -51.57795723602512
3.0577957555334034 -4.943329595900908 -11.210710088212736
-4.347931472331182 -4.80444780451285 -63.62291194558495
-1.9067790068621617 -5.541990136815276 -94.56280205976213
0.8516041069662694 -6.540934798019054 -96.26781665524999
-2.105311592493128 -2.7330640160283624 39.06520680902325
-1.1554288273737203 -0.4485436665004169 -18.08662223320139
-4.904430904746351 -4.7886890577327925 -7.902460049323617
-5.513518778177498 3.508632856048669 -27.93252715506655
6.059360624217701 -3.08436068916687 58.16288647824557
2.3258390528690724 3.806223235561941 -41.47606698871131
-6.583601492907224 -0.7118707977972397 59.6690093912133
4.990711388882361 -4.440063019730743 -80.37029515014382
-4.788180933735453 4.183841025942703 83.15984866145291
-0.6338245677499065 6.604882935236505 82.40791978962504
-3.3186011155020623 2.941609087976821 90.16157285704635
-5.806032157360929 -3.6868844784626824 70.14256653851658
-6.641979699153712 -1.3698869958000925 -33.207850160782854
3.790135946406461 4.6565195341614185 -60.7155233756057
2.385608908378174 6.351039902502105 60.63818583855586
2.8968827303333184 6.04151715493157 -26.23098804502117
-2.6222493374301052 -6.27585769659391 55.130437527597124
1.243858832723573 -6.582795952862069 -67.24220359609956
5.098992555202426 4.0753817146417814 42.80369492587493
-6.69943758583138 -0.8382482766330914 -70.9481980357979
1.485843943235316 6.540014740122161 34.82237118674695
-6.546434042959005 -0.9182250749530374 67.2063860987956
4.008457101257112 5.543392241280429 75.37963926497272
1.3836177135616101 6.160726598347926 46.07017627016143
-6.087710714753146 0.36961217448804906 -88.07336368252703
-0.49002744739508036 6.20861672461206 -75.20146678690259
0.2814597821439395 -4.536367002701371 -83.01552623957899
1.3403587712699516 -4.417825009616183 -91.11405405829954
-6.49103897930491 1.9666045266738217 18.63208514034159
1.8901987159607647 -2.41503430532561 57.93837440680459
2.0923821874155073 6.126902732542531 6.154289914240943
-6.341548416152212 -1.6300270900801996 -84.75122434908359
-4.515796287500959 4.376593591718869 -80.3949140766137
-0.39697464948565386 -0.9518110049932256 64.6140831792517
0.3352198608416036 2.1543942766412965 54.17664410779046
6.633328448177103 0.6770607918743647 16.2214582747674
-1.9277568501947446 -6.375729747831428 68.03025814573999
2.4667950231597984 1.8832015401411148 -59.893534318351
-1.819848703170378 -1.459824292949059 51.580009585740996
-4.3178240715598655 -2.023287480531801 -2.5236353160272844
-5.820964214278824 2.7628896172586765 46.03295161176582
-1.4866045281355784 3.1833811208123945 24.500484020907837
-0.4854836659973011 -0.40822997599331323 -93.1931903483493
-4.385597432750195 -4.444504222832492 -81.06928271590984
-2.5010197224596276 -6.372703177382544 86.55162172062143
6.252004779789126 2.3058508308366537 95.62596165690076
3.253815649289895 5.682963811630682 9.839219850731777
1.9359703069473106 6.115033810239499 80.37365016628179
6.401540586152461 2.157633784870921 57.15106135877861
6.32318189784844 -1.2759556723732077 88.3699667064833
3.6923501911623946 -5.370142092492036 5.033983527484639
-1.1271751804704233 -4.916562595408548 51.40947204999516
1.5467226682307194 -2.017420414182732 -29.370743677238277
2.252574675266876 5.382605703457403 -44.06146354576132
-5.49853548829845 -3.56266068301355 -18.6358496122272
3.3544192263730803 4.560286191884885 94.8486391734046
0.7564531975890584 -6.738158604557547 -39.48938217333234
-2.420048816306042 2.234274140717104 9.324118671507229
-1.976984938958217 6.453958166901737 -42.01279178111559
0.7674000439979713 6.729196924496658 66.76348377165972
-3.278716699951326 -4.614316612040192 61.07265402111081
-5.872503753990409 0.9731461333972663 -65.74294672980105
3.363573162684569 1.2039508330941053 93.71701596366216
-6.641778013894754 -0.7292217976422475 -30.13075882571828
-6.44758081420829 -1.5394687278901888 -81.43951593450728
-1.0137796922120903 -6.266060778104527 58.36212744354841
-1.2727090690044323 -6.356285948525682 -91.20963723513185
-5.354295894955382 3.9567376437169357 34.55800939443601
-2.718993925940203 -3.7337890124434576 53.37827437263982
4.876551366000906 -0.3111646364554776 68.75397578398348
2.7995312076678047 -0.30616294115055354 -73.83615220155978
-1.1213503575897785 -1.4983015521814123 86.03757488255506
5.442177988180536 3.86039076246153 -17.05240116067209
-0.03903748164277016 -6.81099789006059 -63.8229012112508
-2.202775565704966 1.7479072215494154 -29.7910629834937
-2.675037056300108 6.227287751719594 -9.873464886877263
-3.479762654555188 4.865494798507504 -22.489746083939156
5.766305130453592 3.741530087612752 89.44081134942645
2.2155820041742507 -6.229730132506377 12.704202647609254
-5.752250151042364 -3.3544381617642736 -43.69590859770986
2.7813427277619236 6.009217830865902 -78.70961055848124
4.90720136409326 -4.315605675236128 1.8249272774629888
3.016481756197516 -5.2108332439576195 85.77536256026075
-6.593955589730707 -0.3016237230203029 63.94497389237141
0.40491146278919476 -6.717007680936043 88.91712557159762
5.7104661219126065 -3.5344972330946263 -18.956250209589708
-2.0806577649841427 -5.2784969935291866 -49.05530922394116
-3.925786764727966 -5.481562934165582 -84.56869697497606
3.1640921390571135 0.5992295279037516 65.25133440656286
3.6257977509842085 0.8352084752773237 -99.86673406393056
-6.38603183269261 -2.170592743005828 -11.762152386280581
-0.05129023461682053 -0.6027659558300358 -88.8638661656176
-5.0613002727527805 -4.0837559538411385 -73.91749833633764
-5.3717737871082 -3.535285684933246 63.93616744547227
6.4247039172616285 0.3226431396560986 -23.450312306582397
-6.716107493887937 0.562136309454748 97.02035901974168
0.2880157124139411 -6.775851949456618 -70.67718593086178
-5.299523790935893 -3.0550228235278545 80.6972553887898
-2.5938994727460574 5.80836937589098 3.310277766029407
5.604901652435922 -3.222677852761257 -95.4804556919398
-2.4624810513988713 4.392600106485208 54.346602793186975
2.5629523146154836 -1.8815383708730051 8.221615093155341
-1.0980388787276396 2.4216390790081603 65.73400611003756
-2.4515191842212363 0.8648948338372957 87.39337147553498
2.7268522525104304 -3.7927508393033698 95.72788341473633
6.376152066149299 0.38129396366397517 -45.83304356735418
6.132715151898356 -2.7134515338185725 73.73299205925794
4.857321156653369 4.336931575264962 99.69773955182247
3.2215418677197993 -2.435503438561812 54.78538060535859
-6.910653036847627 0.46323800828768424 -13.636821785687362
-4.464227727385649 3.491736813580394 -34.69589637478313
2.3457938479813913 -2.2894463845330053 -37.48301830118523
-4.038599798928211 4.22565473108455 95.35432541200069
6.143210236074615 -1.5726487229754702 91.66417525367078
-3.273506987003274 -5.587015408227045 -4.683242694449959
5.221811730600079 -4.305189743019392 31.97512177156829
-1.525844449778327 2.940268590427055 6.187997365073795
1.852280697800521 -2.881369462173177 22.023885655375658
-3.0365004043990353 -0.2105706817698561 69.13326308031664
5.868124995671185 -0.22695701988305672 97.06145897678965
-4.335894360209311 -4.443117882368415 10.571857631481832
6.575325071946891 0.9600778425894783 75.52005946974968
5.671394419110855 3.123493624343265 -42.534589786039334
-1.2125079350850902 -1.3128469246263472 -26.94537226836348
-0.3698455613340133 6.943431510359808 15.711891084468316
-5.469945092828789 -3.379722363663405 -29.48767439728715
3.1845024046027306 -6.008287674714454 -83.16927928943119
-2.295020105973013 -1.720340923367772 -87.2337293318912
-1.0359029052917421 6.629777263680428 8.063480840743173
0.5268519654030109 1.9692790984865955 68.90904420377981
5.261980025456826 -2.197242375324324 35.4517018200443
-6.6637404678878225 0.8900856121978844 75.60586017623645
-3.5002449572957604 -5.655744393826305 65.62308266361322
3.0817853087977727 -5.798048722675105 -93.77467808915203
5.069111889694206 -3.7813648711695698 -41.960585956685215
-0.944218600992658 -2.0975382638919604 -13.894528793389012
3.2663170258800553 6.0511425004022135 -8.058600804045872
-1.9983788911816853 -5.849338225609877 -9.664393729642654
2.988596972040076 -1.9152496871357263 77.04880124636266
2.9784391420069616 -5.791242544022877 -16.863469029377008
1.6794453743523872 6.492469500260034 -57.91990231809981
3.192015360732273 -5.83146079046876 30.501973315491053
1.7403380783858478 2.1057582640294203 -82.29665644221302
-5.80694350493925 -2.855036079040734 75.30257688310391
-1.840294090624274 -6.543059264728392 96.74630975671025
4.344139282511979 0.6982567125075365 -57.6236888472275
-3.3162020970911925 5.311913802774249 -75.81876624443693
1.9227840263386495 2.8985912777328617 -26.813980577374775
4.671463191944986 3.343101590524831 73.51270057072232
3.9609292889440195 -5.525232619100516 -87.9118832997111
-1.9797058846789009 -3.6935520062526566 -57.732127184054555
4.797556542981482 -4.413364966608725 64.30619645037042
4.248167381925703 -5.090841847460934 -56.02392349255814
-1.3751953822805645 -2.273489995369035 71.12378535535653
-3.9305762866150697 -5.3692539150087315 -60.77144832684236
-4.9931599499776 -4.652828885129431 40.346579868239516
-2.2319789021629246 -6.435060543872787 -54.69188906414312
-4.411775776472602 4.756019179219288 -47.8580297779248
-0.7518678925072021 -6.337009385552589 34.138782126650455
4.483982875374953 -5.048225104020662 48.47469521491379
-1.088504559153663 1.5776170405924905 20.221297285027998
6.450718807339177 -2.501971095578309 -90.9351498647431
1.9738763813586147 5.571249745331812 -1.2492738261922256
2.682087206776937 -5.842818294654735 81.3409346240559
0.25779153530848475 -6.43549362025994 64.94301055533234
6.580877359668318 -0.44326973642498674 -69.18153703895887
2.9276452226571443 -3.0443385407880723 46.11551673877987
0.2731035153202465 -6.532791519293047 5.925018663755834
6.4565363511034715 -2.142184315363676 10.105206547297868
6.320416635100971 -0.24875213268895102 -0.35590540813309934
-0.07587275331053789 6.343048497339995 -62.26805136445865
-5.832619387888891 2.5533719902723977 10.189778722676397
-2.2911504079000746 6.396947717719201 76.33166348010931
-0.5417718301897361 6.5008972432023695 69.4207850768686
2.5736691717001463 -5.909479798486444 -99.52108681804478
5.540260225416675 3.105730302426014 -28.296500301339183
3.2683762743154277 -2.7937525070451406 -51.338068083628364
2.9432389373190806 1.0368672649149295 -23.90449078223319
-2.0037966383440478 -0.9278019528953981 -35.00438349867976
2.4548754619621276 -6.09552066159691 -19.61553241963939
-5.397429948227106 -3.1712894871820083 18.089674812907287
2.79483017860189 -5.695075069629225 0.5681438538731993
-0.15522961471620195 6.5364573915869695 72.61190468178694
2.7112784170391047 -1.8413139693303489 -96.47591034202749
-2.6483691761901547 -4.521779281802482 88.72530405474566
0.10753496938510396 -2.805744407243208 -51.22553976761212
-0.4309202486488969 1.2060278433341174 -55.77164536465658
5.247269090035834 2.5264223883890766 83.30670719806973
-4.684904740493094 3.957549266309827 51.403756871399366
-3.5792615493513957 0.5650940865216514 98.41699906257068
-3.4181804573051666 5.799032863160322 -66.92103489730289
4.079772667586845 -3.056413257552414 -1.6393194792635193
-1.5484411559811437 2.795136260711198 47.00797888024918
-0.32132961051455433 2.2922565736283094 -19.59125151759584
4.970457276260316 -4.574753988841144 8.285439420830645
2.5749386543626875 -0.8967380529682221 -93.18686930782727
-6.547333475735015 1.4765925439799672 -57.90985085221407
6.459299720967782 1.2303680134919346 90.27711023967882
5.555540650053876 3.4189478423705713 -24.34645130925162
-6.693107880568559 0.9298043781315304 50.47477652307064
6.264636332906441 -1.0539873062326597 50.02808214304595
-6.624212581505419 0.8999752613764382 30.370910493153474
3.834787467766795 -5.2942481760656745 -69.53112704700284
0.8632816488069801 6.668509486754458 -70.16179433915353
1.3455379167218804 -3.2489230502016415 -8.60589071575135
0.026860815317512055 6.719594056460657 -94.29515904213399
-0.8539583054089173 1.899559103413576 -67.43332275435132
-6.527043205755844 -0.5215422763751305 -36.512589817410046
4.676145946861307 -3.9630317959028987 61.22147195995189
-0.2626216038554556 3.4891284853101596 -35.54983233941603
-6.061687264209784 3.0557019520206845 62.58516417904176
-1.6008246974663396 -5.680983547066477 -16.822961579750608
-6.154363055262768 -1.6496143995898878 10.53563078823698
-4.14660191101315 -1.1624769186919561 -38.527163297778785
-3.3022806435754557 -4.109669840124596 14.747981680256224
-4.633493143195578 4.2541692585319035 18.33186549405429
2.4484308842570885 4.027434859972901 2.921309559203089
-5.802461682551064 -2.6669294818520926 -89.78138863453624
6.399664780126822 -1.4442714886770966 -80.23753893559969
6.201693114150169 1.221246158975059 22.60025827587719
-1.1258457453207609 -6.631594305816813 -99.73776479718944
-6.302091170900343 -1.7872698364081985 99.41016028215772
-2.217478159447469 -2.7042690096889874 -7.593567229074187
-1.7699374156483447 6.141496187463227 -12.794001750102492
-6.309852142711588 1.4770527127068116 -99.06557436953048
4.688084372467708 4.128499616403744 80.41923723702136
-6.39991303926175 1.1444054992512949 -39.29217645458808
0.002616798184907135 0.17350027817874375 -37.22333901357585
-6.020841623923634 2.1185041200527257 -85.28070268029066
-3.9959365396158746 5.320363518390135 8.520650659630121
6.561152619946745 0.052305929202866974 26.40048348496328
-5.501289482595719 2.4976683867108167 0.9298655366645265
-4.008300449113827 4.809300901344881 87.04003352836355
-0.8590039987045216 6.250734212256634 11.124564085899758
-2.9724421144916735 -6.116991306712076 27.35241248014573
1.3525966950372053 -6.6222668458410405 -4.110482234732915
-3.7609379286042883 -4.68089540851101 30.430686365342854
0.0011603965207827027 -4.840167831865855 -31.58787786388137
-4.199101781813022 -1.4404965470011033 -56.3989304543791
-5.874037766778646 -2.76659307553207 -46.577866786494845
2.8625476815477082 1.2536880150569745 -36.30626662266774
-1.675876849984759 -5.807257234433938 46.305711827778154
5.442887473473194 -3.2200818349808507 44.32979768062185
-2.8441694336626084 -2.3753743307828312 -51.12168912627537
-6.577935818279269 -0.3113834450048545 27.872688589543724
0.35761579228448026 -0.8356126840451379 54.43901656444122
-1.7412980029125837 -6.399696059894605 3.442115541865493
-1.912818961053618 -6.292391390629603 -21.071843417047216
3.6900726577575003 5.640393291374905 83.89774537063317
-0.8107260150935298 6.491152376313501 60.8596790220371
-6.046339232731831 2.900794471084244 78.36163051560644
-5.4624093175971975 1.84032111728615 85.84410181966096
-4.4562170115351645 5.13983296871408 80.133580251145
-0.8870403647222421 -6.24347536307711 -60.75366551970994
6.5954213164945745 -0.9105504081640701 -37.42533695268642
-0.941706524580473 6.370808392451805 -50.75527694142548
-6.597244412522533 -0.21583115812426368 90.17899792423069
0.1738659290731532 -4.970170921073911 77.51661852618635
-3.9016872355122922 -5.088438544822983 91.64266020341697
-5.03380246793563 4.714925941907008 -32.01885275676039
-2.0453995509466565 -6.1501791262011745 8.711288803457972
3.0526780304722467 -1.714455505935942 2.439248421471904
1.1546523711125334 5.985556511953736 88.52155270775742
1.7408388761506974 6.463576922085133 -89.27829260583361
-3.645383909327316 -3.8967095223775163 -69.1406240517262
0.4377681214396365 -0.8960912352478472 -85.30454652506822
-2.0324786067172766 -4.21921568195572 84.312447293466
-1.411871867578774 -6.398741929595922 92.83513474716808
-4.562382528215566 1.2084254687995368 -82.97606776591677
6.329879127409858 -2.040518295178304 -29.170541164558546
2.8122315673709495 2.058659598067984 -46.153850478645765
-6.179410370240665 -1.3574448164227402 -97.58889104280347
3.1347811343034877 -5.90228150709017 -64.66247576559938
-4.67754627405003 -3.3569275749117726 -36.14916804401835
4.444413566369885 2.749741328200011 -31.87264508513573
-4.762626004933423 1.4454328607233529 56.8351556599509
-6.324515388844334 1.8179646930411093 -2.1756794053203743
6.6684390971202525 1.101577087834465 -19.152726520208713
-0.3318558915553302 6.5452349195935655 -25.517354900935445
-3.654100459513625 -4.117336216678626 -98.66071668662225
-1.223048795336234 0.6158669138848943 -1.7964225143364154
1.873823707558821 0.016796546462394257 41.7096361875571
-0.9681037600160547 5.468435220387846 -47.758318211237565
-6.351141366633248 1.7654380506679168 69.95591351875248
-3.297184832444527 -5.873782874220341 49.09895508649649
-2.4782584921927038 6.026649680832995 57.94146474969644
4.427206709367933 4.824872467512564 -85.95260512040984
-3.7510892197704635 -0.6932285231840086 -92.2238491857125
-5.395550409264609 3.8351641763863715 -89.46032249069464
-1.5161024694989236 6.2818136319270454 -56.97865254416543
3.8987948025860537 5.3279511362360985 21.36604264826553
5.7470272109236875 3.2270084047828616 -95.18949220344913
-0.07855062159062315 0.4774107247822106 92.9630124124663
-5.116483194614162 0.05352122622266842 -74.0670886601714
5.97013452534309 -2.9206466113178275 4.32934401155648
3.0821640323952657 -5.987349127216428 45.50074403530619
4.206335246913015 4.721772853221789 -49.252688395939984
-3.96446069055952 -5.316667662751077 75.77972459922323
1.0602720249089757 -3.352756529178129 4.838603117764407
4.097458443129003 -4.375125695272601 -34.11840204387212
4.567191887822397 4.608978148081244 -37.828234322136915
3.9677180889872625 2.5766849553170403 -20.899330825210633
6.657358866174857 -0.41119904445420086 -56.10813405814233
-6.038971931742886 -2.0013844203066236 20.901510090519025
-1.877016807778447 5.190410714947343 33.3647382811094
3.462475285839533 -0.858079843707614 25.462242227871045
3.6396811458381597 -0.16009462854143197 5.3606478154273765
-3.621983944188838 5.800900142228745 -60.15131609288048
4.847334934723866 -4.487217566392917 69.15706159766707
-6.776545073853665 1.2998688915694105 -5.533103518069146
2.714596147733162 -5.5829834973678 -48.75810123586439
-6.857769508268188 0.4226131880688831 15.503450024432222
-2.862493657507122 -5.612556319129775 -44.41131179626704
-1.0365756689491252 3.386114708278614 41.93691657722246
0.3770150203827104 -6.782382611726115 52.77289173384245
-4.458048533106028 -3.9243577187554095 24.43550803316533
5.215027806801996 4.314697207180375 68.03014349326244
-0.5435211306074653 -4.280469158559314 -87.48770718397975
-1.302438984057424 -3.0909738406193465 7.779263282078656
0.7739149603370115 -3.698979055990728 40.552877226708766
0.1863420646004319 -6.776886663023647 49.67884952273141
-6.172898139188657 -1.9543441413569336 -51.36401313967016
5.579323016867195 3.5145856667789253 15.373363088419561
-6.720070218868755 -0.07619744245525384 43.27273760709942
