-3.225457175171705 1.4421029599374242 -34.27439044692461
4.234367322654938 2.3952567945744176 -87.988125942964
-4.857542321845923 -4.058325911121096 97.15803078317157
-0.009516938368125796 6.513179451989931 -7.3356742091029465
5.366593525757388 -4.305048808659437 26.880372429718992
5.940295128892931 -2.5067803901134704 49.915390157092
3.609544348307839 -5.240882576922662 51.65894392222209
-0.452493585506144 -4.183238919014493 -92.91308563435977
6.6766970402574355 0.3506616451225635 45.86020782287545
1.8713948760450962 3.3565862222742875 89.33012760418508
-6.454763062777315 0.35079775551316456 -8.963288780066584
-4.037879650389978 1.4617387629786454 -37.461799261138374
4.606659012764947 -4.598900608933747 -28.008907355124126
3.01349595769236 2.260937400790356 85.65089019683174
3.14198388957149 5.821969241775544 71.93258625616218
-3.2569220601450333 2.958444694080805 94.00580878331893
6.511666891652419 0.9014589520303462 40.77021910003
-4.972080232753165 4.0982560506526795 15.65680264595164
-3.5492004747254393 -5.559439688896586 71.12716681322298
5.3516807116294 -1.9840050136299345 -71.43117629590468
-3.8594206648818763 5.328861594260693 72.0478849845264
-0.8100889133183281 1.3405847367142 -96.43347715161934
6.283064246083391 -2.2500584459314066 78.82033691112876
6.470125491634978 1.315227395513504 99.8814609532296
0.781849850802299 -6.224891440402938 22.597640694972853
-1.3885065738111202 -6.417277646108604 -74.17462715964786
-0.636863123918598 6.65026966110286 79.47966733128638
-2.5154378400941897 2.516393619475589 0.8137700620046516
5.346142198038328 3.302623959592197 9.04218424795242
4.8568953864092705 4.780457660694702 2.231505999509965
2.218814186188751 5.2169771895651245 -55.25168832989117
-1.427135857882903 -1.7723533519557728 -99.207634531737
-3.170885437864748 5.684433120698948 -90.92633391038869
2.9868306812813543 -0.35181338859470757 -88.2061037956937
0.7842738372764442 6.431480070961087 27.35654749196034
-3.7000883167335057 5.026113886610648 43.307450541519955
5.411297308308684 3.583197251309315 -54.86445559971177
-1.4800166343739392 -0.4751739545746446 -31.310980751254462
-6.65489766923002 -1.3329127096954483 -22.184268912382766
5.1292851802718875 -4.060763333754352 -24.878337151567084
1.7140483672423246 6.367916124722328 -38.9690728597786
-3.052495543629299 5.74968534009217 -50.186310192932005
3.2026972702809116 -2.8463775118865287 37.17818905669754
-5.04787821889927 -4.373387665678726 -32.04808445578947
0.1450989777572171 -3.3789518844052835 73.52437382283763
-5.602490338844332 -3.33735543732253 28.14463419367159
5.860421631352093 3.043945153154059 -50.94457969625654
-6.549405844173868 1.5725647802902138 -55.19724300823557
6.736684722134671 0.7341683945065852 -61.29174723225452
-4.106270986518073 0.2989337069888082 32.10150278701062
6.569176919910073 0.0820428491247227 -73.75398566614064
-3.764021036470406 5.411046988757557 -45.99374050675596
-3.660604293994557 -4.455601480116222 -13.129119616073243
-4.991791672688253 4.533048360838217 -70.91276775028118
-2.143933420465694 5.947106006630814 85.46430181231851
-5.712308524772174 3.4611127767488155 66.35680751075452
1.5489994544895211 -0.2617877750790473 -39.18114120886686
-2.4577280588790282 -4.889534548953131 -86.86204809451104
1.914615380559118 -1.6548072033307293 60.299667731173564
1.4641344768377853 3.9658851998663947 77.83425199493179
3.5726920624118437 -0.8247297540667666 -95.07692111818123
-0.06970293411775702 -6.699991975514084 -43.1967343306219
1.553460776282856 -3.0560358583187877 -22.10916877156768
6.236939012109423 0.7196873875258363 -33.563761515886796
0.3278612294955679 5.037923887175193 -13.953085816888382
5.821029731887417 -3.1481245463570153 -59.09496603400637
1.4992332997017193 6.666858289735247 -66.3758161441706
3.4961472348266547 3.1064712282491493 -93.95285111771084
1.4710313525657728 5.935430942595359 -83.24155813459731
-3.9700278482248623 -5.501930263260906 6.448588999599301
-6.026654744012686 -1.5875035103944568 56.12362114010949
2.9178103637058066 -5.7280873178810765 -36.54367186504223
0.3584478319312916 -0.4522693423541261 18.53877915656237
-2.219273446561468 -6.030547763878508 -31.70309074302631
-6.035198820858742 2.246402540265056 41.469211864941904
0.10748711628890792 0.2542362279164755 -64.16722072518876
-5.97886058709146 2.7877155534963327 54.23348600861447
-3.0987670670157756 3.122558965686041 22.302935588645305
-0.6556768478464238 -6.2729619159018295 -1.6327188130170092
4.260010749237352 0.4504295722843245 43.44501469154918
0.8520220804515477 -4.030382855961808 10.120313928866404
4.734047673486022 -3.973204367845078 -11.660796531202088
-1.0594134383322418 3.826552574119986 87.64518184885118
-3.2625176254446084 5.743270551555004 66.7037035310522
-6.273556691448754 -1.3022048737425351 -77.34726153117269
5.383545926830129 3.8967840232259014 76.65139711678849
4.906933225978202 4.454082164414386 46.09657110824016
-0.505965631300644 -6.872625281507446 13.751108143700433
3.377654186578173 -5.541324912957734 -96.69378347981976
6.175805022438486 2.32161864144393 65.76733534377192
4.092110857044558 -5.010597217617249 57.275868278913094
0.01657522317495674 2.742806541316083 -81.12838868487037
-6.347129464563152 -2.191330346808112 13.721743325129145
5.775920173820642 -3.150059062026727 -66.37066663687239
-6.430461350728217 -0.7218638784239286 52.902551599587824
-2.7130806133154697 -5.678740851713811 -24.43755444710177
-3.898748414971356 -1.5670473302340913 -83.12785527875188
-2.5928937331006816 6.024413823776087 -15.41997433528551
-2.767583474358151 -5.924039409155514 37.50150764157628
6.6507185869938334 1.8275561928435828 0.961782333649521
-0.6032608793334546 2.112933195984634 81.06663873287079
5.937062564390962 1.7751553244562197 4.3075596546622865
0.3960058855420572 2.0032006541669602 -67.36456866334821
-2.40859840375694 -6.379409560166117 16.39486491503041
-6.397012942163673 -0.28726247185755643 37.81836248333551
6.541130366041879 -1.6156438837082279 39.339022306103544
-1.638609507751997 6.00837502124612 19.624715736984687
-5.224950648782643 -4.134502735318216 -94.42046187626109
2.372197533017629 -2.940172623494884 -68.65770880769685
2.8192964388971666 -5.709778775401858 54.376480142465226
2.8968308250584145 2.866589122622797 -2.0092194495881692
-1.2841250928451373 2.6688573448865767 9.906980901828613
2.8329236752825286 -2.4547396300547315 71.76910618901918
0.07896937615385141 6.661990331282796 94.47749999010622
3.1702836903555722 -5.975716446975097 -53.77908140314976
6.0057701672717565 2.6852632051859135 92.81417019130703
4.270686611651552 -4.8597877699023755 -62.09098286275831
-1.7803640614802083 -4.756494462515305 43.24989877648956
-4.635242170719817 4.60167053851673 -37.984828742473184
-3.531304320923782 5.499552888872615 -85.46284750946505
5.502323431299068 -3.4942330601183356 13.206639917606934
-4.418845867907333 -1.177069990525353 2.6633218499134697
-6.199576668968102 1.023635118917331 93.74361696067942
6.446225231045788 -0.19671960735799893 -77.1213243973717
-6.332856456801471 1.6724639876025675 -78.46061835953412
-1.8520813406779115 6.237195360259365 49.18800522806712
-5.381483657667052 4.0006906676009875 31.1550747036776
5.9355785176575 -3.4187005353876794 53.121840348561804
6.839253072309305 -0.7287953257770631 7.409184851491395
-6.5755888832743725 -1.4090637776363883 -26.892701975901062
4.099731556249847 4.237672994308916 12.337983500264047
-5.862330466838208 0.012862779420544257 23.39374143014329
5.257767913221577 -3.751851269501569 87.04811058793588
-1.0867536105894573 -1.8281160421401068 46.69766286124256
5.423222563046734 3.7827656203211766 27.447035955228536
-2.1844747370750057 -6.581095053614104 -66.23607863828053
-4.243610016231445 5.2701026915104725 46.980753917994306
1.942341910760829 6.091591305219253 -30.2294512908338
-1.3771519771070004 -6.2325084059952145 73.6595172615728
-5.93587540215713 0.6718479232948866 -51.248641311595584
5.98643798715208 -3.2433011693279012 -37.768196533132986
-4.212397756975173 5.290424413589583 55.05443659194629
-1.7008908810007237 6.4458837001771085 -79.96065895196973
-4.345350153362509 -5.130807241344697 -77.59211106678973
4.289988121238601 4.055703562698349 -64.26733622058282
-5.662296607087059 -3.4650236785500765 50.95103036679429
4.955365447255515 3.8481695938218277 19.0844712529809
-6.518601379985946 -1.8006707398140618 -65.08148736826273
0.07579640221155551 3.8220593349005316 -59.780156356625014
-4.295059079235087 4.686237517793286 -94.05681633249846
3.8378458492814613 5.346247001226991 91.71802673751526
-5.785221791470421 0.5847686257660568 11.311637629992653
4.204071082391828 5.44897047226294 37.36580608779136
-3.6582800496899224 5.538591158941446 -4.232411161283645
0.45276642054140914 4.3549430243281755 -96.67881069973672
5.727277248123701 2.7151303565974523 -3.7146662716784435
4.657765881990985 1.0608390262580927 -67.04403448320349
1.4311301644672993 -5.689034654173608 3.205431556531776
6.273736873992733 0.7084746287172095 11.60114432903252
-6.054399501319954 3.248875850246087 22.396968216091864
-5.430216605511595 -3.6880511964129807 -57.4580320680001
-4.4264596811332515 -4.371605276134521 84.60564111986572
-4.42041982511263 3.8296554956570743 39.28218883797757
1.5254619868036452 6.381950641525438 43.04999415412015
6.377145626360029 -2.245089981471908 63.612966938303906
-0.14353740259139092 6.610563622114542 0.642699751574926
-6.537439230050076 -0.6837165476250215 33.93730323194622
-2.3805363729556297 -2.1286803622327426 25.934783114902697
0.7243321084512423 0.08130896158309919 48.07949131155314
-2.3678556116891025 -6.418172972202301 79.680162804479
2.501094945624632 -1.6061105497576897 -25.373903629369718
0.5390924299049079 2.985891453643506 -53.50085478157441
3.78377013801966 -3.8009567501240804 -8.902619725454626
-4.968818884713546 -4.753280839742554 -63.560881999102506
-1.9689416655690368 -5.804460039305318 -97.82846672223255
0.6852241190712492 -6.729734937842826 -95.81229702435012
-2.080807686960374 -1.7918076218545498 40.40398799604277
-1.9742934260090834 0.1962879225731193 -16.370760052958406
-4.955277874507547 -4.308317172790163 -7.764601112913666
-5.577496534726813 3.484396063302761 -27.697378769172083
5.853447401223685 -2.975093668043218 58.64750329123099
1.1797021585766476 3.1646276150282904 -41.96973148017945
-6.435830818398799 -0.864571089763277 59.90691232387231
2.054363675883086 -6.244411818804402 -78.07859279218869
-4.452474520358529 4.814137508563687 83.87987719935946
-2.172326966835632 6.388049044326565 82.1189602784539
-5.5755535927334305 3.1307218648019366 90.8964746583952
-5.8015925717169745 -3.4393380800521838 70.53744794392838
-5.74637794399854 -1.8362769231662133 -33.42761046867073
4.249757783497275 5.24845552321373 -61.52508535148024
2.272492920504791 6.198440921152877 60.478103191420644
3.3816177213738254 5.652736904230086 -26.034630513392184
-2.4334188110890587 -6.27972740711983 55.207610182637175
1.0595158336594603 -6.57162970952774 -66.98647796473917
5.234027872443295 3.6045271151104523 43.42132134740001
-5.924670747294951 -0.6464345241237792 -71.29612746794147
2.0647470346828465 6.191780772706335 32.91311093669978
-6.1385387260093065 -2.033794777312706 67.27821125883632
2.307180664612777 6.003849401098787 74.83960250844333
0.10976885837731482 6.431355848581725 47.14286337751499
-6.605196513654888 1.28561314910087 -88.49494830060384
1.7104267052313984 4.829215787137323 -74.10540105342116
0.05024967180827333 -4.2505998970227274 -83.0024289965715
0.42069734213797183 -4.233415434216951 -88.59980344314026
-6.24626147295003 1.3950881740305063 18.9598788669185
2.177834238878625 0.38052504858465247 57.79294230024121
1.6381244673576987 6.107609210346254 6.030540944543816
-6.476676281302938 -1.8339346200895545 -85.21685284740553
-4.720884929428146 4.739135744312189 -78.76419115889577
0.6309276549265743 0.4261485097755988 64.0673730962017
-1.6335122385011625 1.215057230747288 54.131481278047936
6.533177717779977 -0.5713750337312964 18.66101078371858
-1.4616219881142745 -5.806127600842444 68.73982572792603
2.484782501975213 1.9833669980289388 -60.90082730164706
1.7517615908105357 0.27049733643691987 52.01438838537575
-5.889882486319682 -2.2295815465374598 -5.667069221315174
-6.149710230170174 2.390543673788289 45.798117592603546
0.8795162191668806 2.84880601478317 25.63879988442435
-0.01061554557946251 0.9842936931436314 -93.0318933375989
-2.604982084713303 -4.800899437136444 -80.45389757434732
-2.66573887001441 -6.060267905342557 83.18126300653087
6.253309167664795 1.5756791583110519 95.5454206936417
3.106773243161437 5.993787611684274 9.024296582484215
1.2791115585664554 5.805372432189504 81.49817111446336
5.836413717513371 -0.18124581405731213 57.070595553760036
6.194118579435266 -0.9328101158375489 88.43194306011348
4.316601146236178 -5.140501529894603 4.654581383699426
-0.6085875748343091 -3.9514995527515286 50.85167968200321
0.8843964586949887 -3.459932414763231 -29.9835625291704
3.0232276728975314 5.991393968924761 -44.02382495775763
-5.585664046701828 -3.248809986541586 -18.857227681694525
4.6717011381767986 4.646345881130293 94.8045782256988
0.9151861311696373 -6.660432842902882 -38.988191851505064
-3.501344022495212 1.193767744829564 8.178982144845492
0.3746444494530777 6.458473997687785 -42.08135907313644
0.06840170440082471 5.033692480575176 66.01261647066761
-1.6439822242470172 -6.48016658909985 62.24148850119334
-6.19024232610108 -1.7308081317151975 -68.3203223665914
4.310194191474854 0.35302296339709827 92.09416809575582
-5.804714188453403 -1.4832559309625115 -30.1692084725449
-6.174889580574035 -1.2304754656269972 -81.22792253348567
-2.5171879417506435 -6.127165456297941 58.60886536030554
-3.291637731480818 -5.775787925581927 -91.0388187966502
-5.1859148801522865 4.43637961451657 34.12881562583743
-2.6391492025582988 -4.04649555322811 52.79114573170775
6.741683253773084 -0.6038419979833394 67.99626476469506
3.5129660238355007 -0.777533438029633 -77.60770251948799
-0.27835470021368003 -3.610870242916625 87.71000275624134
5.067697509943991 3.657589862575629 -16.820862433565893
-0.2736508701733472 -6.449207965078982 -62.97958827669324
-1.2081223707910094 5.733403856727476 -30.47931464963324
-2.2308680727775703 6.20352940424542 -9.973607741429232
-4.423383739208044 5.227232616951795 -23.607746673457946
5.802309123281074 3.685543786681648 88.83349965516666
2.5470820469512376 -5.8635987953845286 11.750441780357853
-5.907967006080268 -3.0703566426761806 -42.65533623527521
0.8482667354585288 6.301320534024351 -78.61291319963148
4.390315565988713 -4.560257750999124 1.07438779296998
3.994184588681813 -5.413982635377621 84.91998674354062
-6.240706366549136 0.8421278509465819 64.7681616552892
-0.123334501384052 -6.492462395209164 88.9859154242085
5.943007457942934 -2.1370425625038125 -17.64066556439905
-3.703672268263211 -5.328585998541372 -50.82540684353817
-5.059069558684604 -4.730732849731366 -85.04431259561119
4.164787839798467 -0.2527897232764531 65.91807474557339
2.6698007400424033 1.0654013811237912 96.88101579563305
-6.409197796057718 -1.4636585340748776 -11.657171603340203
-1.9556273148143901 -2.1812198256696416 -89.48831044065933
-4.784581206313081 -4.444345143601555 -74.82068948979982
-5.685221877361058 -3.8143414053820535 61.76585709463888
6.677078572471388 0.3219795099422511 -24.145136017782278
-6.214288302008 2.047309748432735 96.52459733485736
-0.35462303691109076 -6.945075639653795 -71.04120438077697
-5.484298963849196 -4.160750833077132 80.17943968849477
-2.1154072496314416 6.146828999809588 2.8275820214381677
6.278473201108472 -2.4731451380311795 -97.46933947193818
-0.20980769108508748 6.667608588318126 51.698306699214996
2.1948442854735193 -0.9455216179737217 9.153101021927771
2.6446848486068064 6.236613495100366 69.0566761563746
-1.9176785163102172 0.8008901471103453 87.73438140993879
3.164751876251531 -3.92133843424832 94.01140991250003
5.715934415425392 0.9609896260918215 -43.82790964239557
3.587116184434055 -4.152345987053815 74.01389956562171
5.298928862030874 4.289883011042138 -99.48035304929935
3.5348081768602397 -2.6407694453040103 54.767634013564205
-6.694767462489446 1.399094292616998 -13.079840681154577
-5.401472324759432 4.087718491291505 -34.894356752184166
0.6059795825582577 -2.9076025412091204 -40.06731284440727
-4.635715283690087 4.551088743824591 97.195337154803
5.9546913205589425 -2.3989125592315736 91.47791167139262
-3.3422069718905076 -5.545785520731338 -4.716206927024756
4.338761582243097 -4.836612975424567 31.77206521338878
-0.7558631471221458 2.9013311193228324 6.17573663511805
0.2247284103057201 -3.9839116660000817 24.368146108279294
-2.707311173702678 -2.9527411210625942 68.36705656605888
5.479408674621435 -1.2547066029482246 98.36898456456147
-4.24968785906797 -5.389854383776046 11.022447302143005
6.565052168607392 1.7248085484160427 75.16667013403965
5.36583293154729 3.4330708891398243 -42.81180449779215
-3.706809905605225 -0.37365818027240105 -28.693412300255634
-1.397634437142578 2.0513713031963015 14.215380535556639
-5.288034440791554 -4.047127161629022 -28.692996280693425
2.7346070284347346 -6.0573620528642 -82.4900480377794
-4.021054820415571 0.039676098542981014 -87.4217784344374
-1.3788726799278583 6.243517899282985 8.845483684413162
1.3998633850298405 -0.5788181244376489 67.76431689902313
5.898039836029991 -1.7912045481868868 36.090952257889974
-4.611478347214786 1.786317379666934 75.58528256872471
-3.322802510299858 -5.467312128789297 65.50846808170071
3.06714878917051 -5.823564070059511 -93.85595080185246
4.603165225455385 -5.084321872087835 -45.54729528514503
1.6426799775443728 -1.8998657310973095 -14.294298413647848
2.8298488000012356 5.71853881766948 -9.510416081097617
-1.1616636802951863 -5.885990092316142 -8.055779188893323
4.164101205435486 0.7719183686970067 77.45587748670752
0.9723776124735637 -6.034475487609528 -17.396729993638388
1.8859785046758208 6.52502724445412 -58.006840019709166
2.1969829478863088 -6.017883245419392 29.157558068966868
6.308601731631484 0.362174607163011 -84.34778959211349
-6.28131691152564 -2.374266272295101 74.76620334450057
-1.4148911769430719 -6.6061444928060515 95.99545511433679
2.89836604950185 2.5563471860490408 -56.856142350227046
-1.7539892197766656 5.2414694441185015 -76.68827851877425
4.159978579312844 2.451784352411648 -26.057796778321084
6.260298994416976 1.1504014287131257 70.6044575124311
3.4751508584149393 -5.344301176812922 -89.66446049212841
-2.835869034043967 -5.635983872112968 -57.70464661756936
3.998912213924599 -5.203913834221258 65.02718117135477
4.80103882630306 -4.390302018591138 -56.3098009583894
1.8732148862056714 0.031264682140351566 74.05868195311398
-3.512838313868831 -5.477976237076647 -60.70356407218582
-3.857869718546878 -4.585375759451603 40.277026931509546
-1.8889892639988233 -6.579805880453169 -55.143121182365306
-6.492963942401765 1.334511424060667 -46.91230846256518
-1.2970301813833367 -6.560036872347128 33.37660174434734
4.534315811287427 -4.744049730365075 48.163491030715015
-3.436970776593589 -1.40422846348451 21.52766324131819
5.218268113676441 -3.786382010991112 -91.3235281245983
2.3799807403417703 5.768531864391112 -1.3797147167842854
3.2370341409110965 -5.716598823183493 81.60567514410455
-0.0167293937124649 -6.544896945709142 65.07013235974188
6.590842044290092 -0.05755392914091165 -69.34512837250477
1.9906811699535853 -3.0153021485494382 44.88860091478028
0.8700061037558513 -6.643816370745421 6.837886531161172
5.40003240260669 -2.592689987775616 9.83853594613975
6.45953862939456 -0.6398826870971246 -0.18377629405815385
0.4794127172604585 4.5183613630953365 -63.09419387802109
-4.516818111481982 4.987718110285035 11.538908155139014
-1.2775693010144091 5.070844870063017 75.94702177632443
-1.8400594517599616 6.329675898006763 69.36550433179423
3.0414110934931533 -5.815331189315478 98.80943981344139
5.155768452365372 4.4113005383430215 -28.608726848812264
6.213592351803737 -1.6034455751395162 -51.54808945938348
2.506481794971425 1.408279654550594 -23.132364447331003
-1.3980114927325704 -2.957209324239112 -35.610546035384104
3.6335827478428535 -5.79684826983817 -20.746062525777507
-4.853709822019828 -2.845915251922865 16.498517292202838
3.831618163284864 -5.4203482768651865 -3.333032218737049
-0.36380511033272966 6.402920537765259 71.84686418749074
0.5538880545958929 -4.1306779152599535 -97.48217860085562
-3.385269774722425 -3.9338902209625153 88.32050952674376
1.1625366343841188 -3.5529446880711313 -52.519696582993355
0.7963817023455084 -2.276035858707795 -57.50008550496622
6.653554312141298 0.7017991216250205 85.67084383896878
-4.093406049909894 5.216832768548318 50.88616885738096
-4.820783791221224 1.30684296032008 99.25360627378377
-2.4407377678410875 5.472140491124075 -66.46045100740969
4.84034427165037 -2.3232052328288173 -2.9936174786611986
-2.6455655036812984 2.6480920537391053 45.547651554097996
1.4106804144755825 2.564698349142207 -18.42483729421869
3.4658726840737843 -5.778310653697596 8.3814618086459
6.4934251582930145 2.611427071629461 -91.9933225793734
-4.195259260174459 0.7621792153807979 -58.387609973105135
6.727293896400821 1.1110905237152426 90.33855732071233
3.677269030840197 5.6654757257858055 -22.768151137127557
-5.9170339457035785 1.9613742319210334 51.203436586369854
6.7506413710087605 0.7273622640853431 49.18964539921098
-6.368783010973941 0.5017236714957624 29.664390573196744
4.401155054529166 -4.745746021256049 -70.52447064311896
-1.4382014451416985 5.778096367642059 -69.54619038645147
2.0103956865136854 -6.138242758296149 -11.530514747634665
-0.24587096635361666 6.664852211316703 -91.49609116198852
-0.07690966785900044 1.1808256542128066 -69.96442963942484
-6.608976528131201 0.06845456055790648 -35.95838129581606
4.444810874405984 -4.871031020815972 61.41478037297728
-2.262805931505038 5.036684176752127 -35.25213604363434
-4.30284296283277 5.168387725699407 59.451750117625416
-2.435594856150488 -6.157393075789772 -16.938015225040104
-6.079851939625477 -2.631866570046326 9.531954241809046
-5.443536885037352 -3.696742428603479 -39.46320069780563
-3.7480738442017447 -4.180889691557062 13.613394109258122
-4.379818207806852 3.9541817143300984 19.12318323404254
1.1832258814678396 5.843460710450724 3.0281308906727316
-6.783063164414051 -1.4797979968898956 -90.37466609272879
6.554765503495259 -1.6005183307935544 -79.98551337032613
6.407682915872579 1.4257987319241199 22.83721819368784
0.20538964581860075 -6.433348229243958 -99.8831433615814
-6.287888023446126 -2.152702704303729 99.09238619529866
-4.002481157907049 -1.2269967694787245 -8.572976331033233
0.24833812404162794 6.7685046568923894 -11.690081626470509
-6.386759314165954 1.9042167137835277 -98.3727176561524
5.13404526076348 4.312418345268436 79.55994951263956
-6.249545393104961 1.3260892833828601 -39.62798548720064
-1.1641682587082467 0.2794240558288199 -37.18814259196162
-6.648675922201877 1.651789557258662 -85.02319487692434
-4.050663713721991 5.031946492763957 8.816186608351389
6.782837787954446 0.6329590518579146 27.287470241226607
-6.081775570692072 2.9933037064772288 1.065439497520848
-5.574359989506409 3.676663836281363 86.87582570775506
0.7888588372626713 6.614312704793608 13.471399768403003
-2.5096846051496855 -6.032399393413335 27.844004479720446
-0.46350654457468143 -6.705162646273587 -4.8142685461205605
-3.9627155693691263 -5.271295916342625 31.878139128422838
-2.3220482957712316 -6.2160023813046354 -28.996364697564292
-3.497764789614199 -1.6357009917207939 -56.10839545767938
-6.165850994766987 -2.1979413100042935 -46.24759390575009
1.5212921381952085 3.215711218695021 -35.13027990406057
-1.2675168087977524 -5.564078867262373 46.369897225132334
5.610835865151201 -2.7282897308616416 44.01506438743685
-3.056873533055076 -0.4457153552062143 -50.604767394398365
-6.179981060189879 2.5445851083197053 27.5023687899623
-0.18400138090779705 -2.22196943934813 53.98642559391399
-1.6149156659939286 -6.2560101941260235 4.347091380886532
-0.23539277126055724 -6.53008594559807 -22.143269617766368
4.278710792322756 5.2073309134462535 84.70430948505377
-0.565847563009947 6.082019342346686 61.16108435936662
-6.748926952805309 0.6684637657823478 78.70185779812027
-5.176001727432656 2.3358151171390626 81.47361167463532
-4.360860345372933 4.964284885739349 78.39408477296517
2.063802270305979 -5.830767027159372 -56.82481600488183
6.624060126844088 0.13958207616848817 -36.87967832033373
0.03893157677387654 6.482401295769972 -52.345117727740956
-6.693819918547803 0.15944312747475453 90.51437736134994
0.7994250861410537 -5.164921189491953 80.26518550208576
-4.139954989420687 -4.469436519883017 91.39601020434044
-4.2270968138395695 5.267943540237593 -31.459432384032255
-2.083746935190294 -5.636204970437812 9.10053167148449
1.8829196332476854 -1.5174409397192177 2.5002697076763924
2.4838698286004726 6.343261701266012 88.60441650813748
3.2677307081119813 5.363670857074269 -91.48521142619138
-3.8826976189001363 -3.4599897713757026 -69.37556892410512
-0.9476292319663041 -2.5655489944155185 -85.61223297690262
-1.6090706321542705 -1.8060909078942402 82.9547094799712
0.23695386515875416 -6.87918831127083 93.40722030355943
-4.813418391753787 2.694513980763103 -82.09986525414692
6.331002003623223 -1.9597718042565022 -28.753491375233743
3.49257086221153 2.3448471490940515 -45.355385787969254
-6.506455520729185 -1.1655534169838706 -97.68474934845626
3.0254082628238423 -5.644074889312092 -65.11122775315378
-4.493726160494383 -4.078928928450967 -35.8683898004855
5.566885335621136 1.8418770894462375 -30.91593976383451
-6.017220263176637 1.078300545230151 57.59482590104334
-3.862473249697671 0.9181409308656011 -1.2989561827282654
6.386042042126209 1.3100368066161179 -20.501495953818957
-0.3299774410311191 6.800250030431933 -26.35962382207581
-4.916729207487078 -4.547087538031746 -98.79140844962205
-1.9227031491953492 -0.8706667139513004 -2.399854663748965
1.371323673868826 0.8756551236356998 43.19867554755502
1.5822059704950249 5.97465285181893 -47.698853685273164
-6.452231101630195 1.8459486109751921 69.13311049513631
-3.126971652366016 -5.715926353480857 49.187718693436025
-1.9598558202503664 5.910277638434589 57.63025466852069
2.7321252463753916 5.805919387377449 -86.6395643460012
-4.515256979263018 -1.1416978903222064 -93.37942783091886
-4.694342469804427 4.638908152166744 -88.38656077718609
-2.2773971448127353 5.465696879069701 -57.964608998891975
4.318148057559917 4.908718397067562 24.327850422905644
6.1529050956449804 1.9521610094618718 -96.36346667341525
1.65920002973321 -2.3035796157131943 91.73199657872674
-6.655809575919951 -1.701472669351628 -74.241164530914
6.249223897780278 -2.407653934313199 3.3572219658524696
3.1356458482072864 -5.812085013359045 45.605548775106946
3.9192271304732866 4.809480315118579 -48.734949998475365
-3.1055886178146874 -3.5945796024568044 76.02726720063437
0.5983428863539746 -3.693433538401396 5.117507067718505
4.747686165766993 -4.443903870704815 -31.97257299697801
5.197057091994527 4.344445446161274 -39.83752281583961
3.596555000459071 3.986348011429489 -19.68664164467086
6.456176955559764 -0.0850327200086066 -55.72988129096307
-5.978191842964451 -2.2852547880268217 21.204838484737625
-0.8164568445943884 4.803044315760334 32.20608484027933
3.3956691286346525 3.9849130669872577 29.306409114009387
1.2302456624947613 0.804475679185508 5.10690407322275
-3.1553750032104375 5.775609205770758 -61.853576913041664
5.243760951704511 -3.66415319580616 69.40124167274332
-6.437620480198089 0.8110833958239871 -3.908336962282642
1.577274055325299 -4.761706719735857 -49.37677812172317
-6.535791630733291 0.9305931834479146 15.334028106889459
-3.9907403725032546 -5.245578834428253 -45.984549926451066
-0.9839192294715914 4.426138058287683 41.243310875631664
0.05950268602946979 -6.781904064850938 53.39278740240482
-5.258486560014533 -3.6088897856302316 24.122501895060203
4.452511905146996 4.627547586087655 67.0583183069929
3.5293202638150545 -5.091099775827801 -86.40983560513256
-1.2749879240052175 -2.844714808691404 7.707067802624484
1.1162069286148082 -5.3767584001334265 40.06307930737266
-0.0660408554499525 -6.702470592066209 50.245109276366826
-5.629115492363252 -2.857172492443507 -52.07470469152261
5.20923176925387 3.3793142129685707 15.879033556728611
-5.962896526084574 -2.1248946173913867 43.397264550322205
