-4.327998910235225 0.686798345449994 -33.89954226407506
2.5323616670756954 2.1090314900532356 -85.45165999875377
-4.900727402334877 -4.077775905513845 97.72347082348678
-0.20590104974768073 6.820567842442539 -4.878103423383141
5.859672699473537 -3.154778975038941 26.479526008224905
4.529007532287996 -0.3061889528861147 52.40470148199689
4.344031069309297 -4.547324743322034 51.20830273784889
0.613029891454222 -4.090227166138296 -93.20432183718765
6.796493824242642 -1.0856283497816015 45.86399017672117
3.283328813749072 2.785337981520712 88.6370197258043
-6.1625769852628745 0.9733658977207791 -8.43552613305945
-3.3146836900961487 1.7277176615251089 -37.600648594424996
4.116608076849683 -4.579136846958809 -28.335490003276416
0.17054182435891208 0.1255466376739014 83.0764805792323
3.411917082417608 5.8744779443072 71.86086889361644
-2.887530003769108 4.873992439429697 92.9028933435141
6.463283239147459 1.7343317873722388 41.00811922598563
-5.265192929423597 4.504804451133511 14.435842513740278
-2.982232111605483 -6.044512888804786 71.28246838891549
5.604867999952541 -2.2196348145394547 -71.47194657249332
-4.3041544308772925 2.3053209265400154 73.58944474667337
-3.931605995756747 2.263767330775871 -94.34483685307181
6.550127475161671 -1.655882787943217 79.62794748327418
6.5364741718372095 0.11513198749799414 -99.70374584449084
1.2912761100643904 -6.332650527849456 22.690259367838827
-0.5975174487387166 -4.550858612024623 -72.6136676808736
-0.6446159591459085 6.7488377282256815 79.13138938834065
-2.4255888498459246 2.115017648096639 2.668291249753281
5.8212723066050716 3.2211149038173947 7.758685628349213
4.417764870060217 4.962807000273027 0.9216772720106132
-1.0608062024241935 3.981591032772074 -55.37998218680452
-1.97243988385423 -1.1779863772351478 -97.93891647178233
-2.841041383937782 5.739276742789501 -91.10935539431607
2.251585676694759 1.075364548326739 -90.21745787255843
1.2344719772892636 6.369209435288129 28.385419570460744
-4.200274439332109 4.968926852844226 43.129318827862654
4.221825368981218 5.358657500354914 -55.26538107759492
-1.040259142846646 -0.7619851779302015 -30.757607531254983
-5.95007205406244 -2.049194757880065 -23.485783807228184
5.0038995455119855 -4.471867453679549 -24.769739618745625
2.3584491367471347 6.228514093734853 -38.66531132317711
-4.181453922459254 4.988549928874735 -52.026005766952295
2.2721125858828173 -1.0847779362489127 38.18930776461166
-5.143494152100371 -4.326139526465645 -32.13754576538396
0.18024660945011917 -3.7528444220607042 74.38352393818512
-5.918514522991005 -3.2867348834451784 28.588233677134646
5.72032157562836 3.659314085127793 -51.71156733981163
-6.368195530831435 1.2690277968286123 -54.72857771665683
6.556346087292758 -0.03943985843658572 -61.72747811146939
-2.7862337358237315 2.1992817278778527 32.86971801353842
5.57905725606439 -2.724522421016205 -74.45802049809012
-2.5936978814625657 5.566358041810365 -45.236573786485856
-5.8290003210434085 -3.4137248714197246 -14.345816052566914
-4.920268907050837 4.490566694789694 -69.75311034423409
-1.3854489321239079 6.300885231492708 85.11457645347427
-6.047929939164854 2.6224141351064074 65.51968193484693
2.0084926723428986 1.1006353009047034 -39.55127604721299
-4.086066254162156 -4.734726318908516 -87.3268487347328
2.006922922525246 -2.27737383082585 61.538047918670465
1.1162385169857512 5.930583301726676 76.68068682134722
5.956235364775574 -0.22985987664440244 -95.38624417160834
-0.185778232782491 -5.668451803508929 -42.20239896815185
-0.4212677312519384 -4.3329775894066485 -19.17581725523619
6.204580485839874 1.553882254763213 -33.758811812593095
-3.2951298823087916 3.0402015728458753 -13.156385551314148
5.834095508200562 -2.824610506395238 -58.87110829762778
0.6511493938806605 6.456530944912693 -65.78860289926868
1.494406851081292 3.502857100313274 -93.62599388745288
1.2218150886112278 6.596153150193119 -84.19350203849044
-4.849379770981702 -3.996922840222849 7.7315255992313885
-5.599687600526332 -1.9076414101739607 55.809808829825435
2.3904482457417253 -5.965284385058949 -36.404244467562684
0.8951425064545406 2.356357449998681 17.047979763406474
-2.6414043060011725 -5.5246547438598625 -33.56607739234822
-6.182504477269062 2.1966630988176545 41.39664976946642
0.18606830839893962 -3.2288336124965085 -62.83028412698233
-5.781376499276956 3.3873515152606744 54.29950241958936
-1.7935633269537898 6.2997831344851205 23.31415103317502
-1.586212566918624 -5.325583935424179 -1.4055746235880378
4.634721052391848 0.10515870478816931 43.463667985955794
-1.3228586162389018 -4.249664591316983 11.873419311969132
5.28634115167912 -3.6068636389213595 -12.97422746425806
-1.0271444652793724 3.591631364437422 87.84039819566674
-4.013459505996881 4.857732737385564 64.11698919673309
-5.7614175169370725 -0.8976098856649266 -77.47595900629688
5.739131425562631 3.2977153636474648 77.93432565642972
4.878986015749804 3.97554971538619 46.00846045311958
-0.0035064979560419374 -5.263574666695463 14.547817812066366
3.380851978319608 -5.545131831802513 -96.72337706993756
6.348711833600372 1.5876222566769709 66.4944719316894
4.000210467948821 -5.3819165578085855 57.79605614016552
0.012929004344453592 2.9926870406113264 -79.46975124307245
-6.42448301104366 -2.212981610342576 13.984395738422725
5.822120969320764 -3.252759786172876 -66.91192967863053
-5.163875942998541 -0.2361030871500589 53.438118248018796
-4.747823438451652 -4.627749750072765 -22.13947592717633
-3.076179822484163 -1.3199165584618018 -83.02466173117531
-2.3270620968621305 5.8648531668302235 -15.564752694563387
-1.4899018156722335 -5.805146885549578 39.24341192257877
6.040501855947261 1.742827308677939 0.5819939376649275
-1.6081284207634057 3.8303200624789984 80.39426298408486
5.9240499158047735 2.908895243621701 4.570099943027165
-3.2263506448031136 -0.7230080296633181 -61.56764954544639
-2.2832637481946176 -6.030056111512264 16.94781329887467
-6.631366286761156 -0.5603898764036339 37.81144217771237
6.3444401618817885 -1.8643246062739485 39.867985148136036
-1.8008553228104507 4.3228741652508536 18.88851820003093
-4.769734782010991 -5.066251884889681 -93.56315171080759
-0.3533181658309164 -1.8135627712839384 -70.54038941515009
2.7285486937216947 -5.564988737095919 54.62042069442345
3.435793121919481 2.086758891989498 -2.1386634665329605
0.6387843293965055 4.160971832395114 9.029483056053733
1.3176908358467314 0.31675701304454096 72.2461929033255
-0.05729926568209698 6.827972007913608 93.82607267040203
1.7292069455919992 -6.536190103839345 -51.327417590292676
5.911629114739795 3.258867095361849 92.9188017749383
4.24617167171579 -4.8344850626584615 -62.17078378840409
-4.679246722090766 -5.099121431997274 44.270699045214165
-4.191132153809975 5.092615422627827 -37.64043321148612
-4.56994792872605 4.906649594208545 -84.485673091976
4.22487018100607 -2.011643720437812 14.166030850677195
-3.978035807525175 -0.629515604551095 0.5616581299929264
-6.196159452598217 2.3208258051534436 92.4547665674988
6.641052586689003 0.07230731566389503 -74.92021334989472
-6.121273521476668 1.8500821495295692 -77.79962818735973
-1.8300413497478203 6.128719398681753 50.11303990189243
-5.262957932008179 3.6277769435172416 31.528994592711562
5.956675007523517 -3.198262179230527 52.804457438869136
6.023728217448039 -0.766023162323886 7.228859840878503
-6.443405443763821 -0.05796318628797775 -26.72783465157912
4.9873340281949305 4.567097565821205 12.238746849831118
-5.904413969806514 -0.5491567471430385 23.756498776191375
5.277349017730789 -3.7794985195234005 86.99696328565001
-1.7475090544290317 -2.7238050510078096 47.347571210887025
4.373357104275652 3.6453209360034915 27.74764891023258
-2.425542499604113 -6.135659747559889 -66.35428383614796
-4.275546656957786 5.466458479763989 47.865664445591364
1.1625722262376006 6.684995537200098 -32.04039114992457
-1.301693169175218 -6.661749117896655 73.6467444953874
-6.199241068433466 1.138929324036723 -51.64136796214323
6.033014449251407 -2.2671269902540754 -34.99586776945352
-4.683718296589919 4.8732207356084505 56.99606221672694
-1.59502091722369 6.621564262733866 -80.0440489242584
-4.371444958058327 -4.527629320711393 -78.03310823655768
4.72905854244494 3.860263799856234 -64.21829003779283
-4.9697954873287955 -3.630025030947521 51.4106504509463
4.46025834812685 4.6279551689066 18.85542048621105
-6.04025437270952 -2.228326228162101 -62.91385926937172
-0.01725728556765757 3.2662065874237305 -58.67215448877994
-3.4588414520357382 5.40836816148038 -94.3539097743807
3.632945923058917 4.746952422343178 90.79396138243666
-5.008509016875262 1.6257304604572478 13.454689378839467
2.681301876178073 4.769352753604048 39.876854898471805
-3.601409261804953 5.744386865890725 -3.678168494869824
1.9191100436806845 6.341540722859472 -98.59762140840525
5.67710687607422 2.0826578683668764 -3.9270510822702134
1.9242388701289257 0.6933640798671127 -62.61088724449322
1.0662415206896392 -6.443284232760135 3.2263778244416517
5.061480571680781 0.5518753387024513 12.034822029780436
-4.487573522580339 3.6570451484623674 22.542168100928397
-5.762861643092783 -3.803579307491094 -57.58086868645384
-6.6802247437100455 -1.114651694609936 82.66197654936327
-4.748902039129623 4.668476977418142 39.076957296640735
1.7462032280402624 6.195992314772658 42.421235895735414
6.612446130932471 -0.33866543642254004 63.581284075507966
0.0186288883240609 6.327921478448066 1.21097626624928
-6.048413125721761 -1.1996833426487843 34.38098628384178
-2.8085336643957968 -2.090100823616854 26.835381323895078
-0.8752462063160895 0.589765519138699 49.5270406129133
-3.5269928629835836 -5.323545947326705 79.85677419899935
4.473631514310718 -1.172020940186095 -25.43004280278829
2.2661078608310516 0.8056631827864037 -51.425409417545374
4.552750935925296 -3.238787553502627 -8.950876440007717
-4.483978184434481 -4.618156167772236 -63.55217423708884
-2.0873331921798446 -5.383448246888422 -95.28663132019594
0.7918273010473509 -6.774511986586823 -96.20937775263042
-1.6252149514315855 -2.720063386516932 38.7425408758253
-1.5948054786036772 -1.0263670454645597 -18.275266665366722
-4.479391284698702 -4.826812554219509 -7.3670188797777865
-5.654239498994687 3.4116836506509984 -27.8301584283762
6.006476060807506 -2.827540130227647 58.19288851522294
2.1134501690731833 4.094633058474513 -41.58749236759621
-5.2194046807087435 -0.41157541894701566 60.24273137951014
3.9145993312667127 -5.6982871785966 -79.87640587349918
-4.529605570300005 4.476151668041782 83.3384349340968
-2.036971813738042 6.40635205909328 82.18124910723313
-3.850718245313138 2.9226082727382865 90.44960787914259
-5.789348357692814 -3.6492202357143997 69.9808570995579
-6.104336794037942 -1.459285113731525 -33.33226847389451
4.431345968913193 4.652945732238872 -59.461302616683646
2.385608908378174 6.351039902502105 60.63818583855586
3.1749976885554947 5.910399975914942 -26.11339380845721
-2.3396183427469572 -6.392944679200056 55.21430954026616
1.2725917537567317 -6.682590935334779 -67.21245351473652
4.989261295110734 4.187219697211644 42.88214232003768
-6.615461414854181 -1.2512840612893523 -70.86237491160243
2.011043332865964 6.404091042206334 34.311368349216735
-6.29272940376861 -1.848784277720661 67.12574438409457
4.0598841340104626 5.397307221031555 75.64638369742318
0.8826293716138831 6.194068690329023 46.30445146347976
-6.7073620573467005 1.1292990876296474 -88.3894399103276
-0.3112199087455533 6.702769248043192 -75.02955210633456
0.1907797206366783 -4.842186394261507 -82.89855608811695
0.8373137749231536 -3.7603365977531076 -89.47520422118173
-6.49103897930491 1.9666045266738217 18.63208514034159
2.6385933026896673 -2.3972917483931586 57.558426405186644
2.149783083459388 6.246042655950064 6.29991870441204
-6.341548416152212 -1.6300270900801996 -84.75122434908359
-4.679546053426399 4.817673677564824 -79.90612993452832
0.31578738409449514 0.3477243681230164 63.15783260881844
-1.5291073707868057 2.6226116636954733 55.42006187132109
6.616975804892615 0.5356631119174936 16.03002203654727
-1.740407451158449 -6.6097067021821925 68.16813032160717
2.5285915407736756 2.1202234113316303 -59.92467078218534
-1.8946600667480915 -1.1811468750166845 51.53178293307867
-5.539851267362231 -1.3739602378742466 -4.325616375012373
-5.820964214278824 2.7628896172586765 46.03295161176582
-2.3785179312682567 2.1518444641959067 25.607709722571407
0.49906831895747455 -0.4656843431539147 -92.57176089628251
-4.5795117369333775 -3.963556722662329 -81.24189604047473
-3.153214812137246 -5.760313631236093 85.91266417543812
6.238567347867945 2.2852897547812936 95.63771315656419
3.2652180018819053 5.70209508040339 9.805376255130819
1.9538270146701482 6.056225930332039 80.60999331816544
6.477460243370261 0.630659840507372 58.49583976203495
6.32318189784844 -1.2759556723732077 88.3699667064833
3.6923501911623946 -5.370142092492036 5.033983527484639
-1.1097583672234852 -4.580664120849372 51.48367506612595
1.9925599753655368 -0.5204694933679458 -29.05854647136606
3.197026479287732 5.777014240725091 -44.46869488974677
-5.49853548829845 -3.56266068301355 -18.6358496122272
3.065171956897118 4.324556577858746 93.83163938211251
0.7564531975890584 -6.738158604557547 -39.48938217333234
-2.2668504554983033 2.405182541719751 9.16176451671431
-1.3747410989740676 6.228654966554644 -41.6158618550207
0.7770821464202219 6.735090441059091 66.7923214776462
-1.4230715806701102 -6.700518557408353 62.368910979595036
-6.147473136797198 -1.831790568623858 -66.36257034048485
3.5137319646025587 1.3257084750525523 93.53605373486076
-6.681870886806368 -0.8142307628133011 -29.973185347130126
-6.554741322604298 -1.7152662227478324 -81.67851700387304
-2.0685865710167493 -6.140889707639665 58.25485634579861
-1.203176487928263 -6.509500039196895 -91.22925141855298
-5.368232611585735 3.9331762399068597 34.57521511838546
-2.776200747271724 -3.459016234205845 53.73830019224638
6.060602116237846 -0.5180793096370537 68.73512022615252
2.737354640550283 -2.3551045032715745 -74.29384146607447
-0.8921491816727855 -1.5558053466504633 87.1333812993325
5.105212722756686 3.634485307119282 -17.709399655868694
-0.5887791165867985 -6.438499607458066 -63.93654504416239
-2.2779276571311704 3.302347471628388 -30.053841627082647
-1.9473735531157197 6.269005483729624 -8.736183280354698
-3.659329557187263 4.632113533139865 -22.098907069953814
5.820021301092971 3.808876243077548 88.82095183080406
2.2473764288696594 -6.227200487371171 12.68978536988154
-5.503128929365295 -3.4986827605021564 -43.48208949929728
2.9335069675260708 5.124434915315192 -77.53131520174391
4.70832672737608 -4.722595305335608 1.6775071373107742
3.0964143829226596 -5.5230643057872815 85.36922899645141
-6.428308950305154 -0.377173099009688 63.87479897126306
0.5787041947678014 -6.443981267608722 88.06762851956859
5.469972950719642 -3.6525906507655352 -18.04047591457694
-3.5435219628364605 -5.718688129939189 -50.01701203732909
-3.925786764727966 -5.481562934165582 -84.56869697497606
3.2297233210686014 0.563127050956396 65.34776419564028
3.593916017284658 0.6886385765112559 99.57197933620364
-6.321789827472535 -1.9732967925870746 -11.630944167381976
-0.10733026931468914 -0.7047465227850966 -89.03911979961889
-4.829582445756204 -5.05887542859887 -73.40607266656313
-5.802330327846199 -3.4254841234191162 63.6615209695096
6.457711990852053 0.6717660110508726 -23.648060758939945
-6.726567481777066 0.7462786116205906 97.11792385178994
0.3898664496245292 -6.451801917331369 -70.19748405159103
-5.299523790935893 -3.0550228235278545 80.6972553887898
-2.2340521855580735 5.893451138781069 3.1778809105344976
5.524851438403179 -3.8155329959445434 -95.15532507467617
-2.6156483046820926 4.6144716326288115 54.04411331693338
2.0998086084247505 -1.9285265527739957 8.658448850743978
-0.6089423119077222 1.8365874620050793 65.97468568357115
-1.9221811673758749 1.0629902713330144 87.06175214922531
1.6671554565161422 -3.818609263179955 92.6587174752112
6.719418960073953 0.07694971333275946 -44.64911682352771
6.132715151898356 -2.7134515338185725 73.73299205925794
5.289197102752749 3.829280581760351 99.66522033913252
3.048771245098558 -2.4522592817128217 54.7539513352114
-6.520869062962601 1.54476874120909 -13.49515228249316
-6.079545944764437 3.2367444485432935 -34.003863873250324
2.706780041144726 -1.9058813233721388 -38.21611600643893
-4.212242022077024 4.56372969989073 97.66678739828066
6.332349439516098 -1.0484075400839015 92.37172518940126
-3.3240158343924255 -5.532514621078782 -4.6677927541219395
5.150465284460579 -4.333383812937864 32.436829920684296
-1.218607461525583 3.0586108995266246 5.469355221075239
1.285315050220298 -3.150768143731384 22.04880619925387
-3.335212215794838 0.47882833006248327 68.39540398014016
5.447865983795151 -1.3677114803942698 96.96538179450508
-4.090554275557699 -5.243241326888624 10.760530143084553
6.718859795998666 1.053251209452993 75.43433906488951
5.620164700618898 3.1446993952584212 -42.57682837762038
-1.116543540809186 -1.523195176791432 -27.572519928347152
-2.1283702903387276 3.480007977295945 13.44510276129878
-5.200916577585688 -4.158583375578152 -28.71035261041014
3.1845024046027306 -6.008287674714454 -83.16927928943119
-2.405501010220007 -1.3008370138323664 -86.31983540258393
-1.1247857459730286 6.580478183514884 8.460076597301883
2.7050875113426796 2.9633392644069585 69.00038764761119
5.495577599912626 -1.9392534318620582 35.49137536567129
-6.514105716249559 0.9486118154814309 75.30856856307257
-3.9313276168092495 -5.573229972548641 66.25248407602068
3.0817853087977727 -5.798048722675105 -93.77467808915203
5.152617777429527 -2.451489175820648 -46.10668379315134
0.5524077310018265 -1.9208504268552116 -15.568165547819815
2.9687662183286143 5.894219665197561 -9.247894893236316
-1.15777688261188 -6.444483834284293 -9.695998559492057
3.6836966196932464 -0.3070929388530319 75.30161202060185
2.96535409126806 -5.809173330100233 -16.895077459891116
2.000542021701341 6.16203859133676 -57.92874427539086
3.179138884570233 -5.778415561291533 30.727777434446164
1.9480566807615505 1.8722228752494492 -82.66473252281752
-5.827883810458378 -3.119428107576436 75.56394843710403
-2.258844917542549 -5.673633962685978 96.4243345335564
4.1270810682553485 0.19847988260825744 -58.179209990144976
-3.1839316779049303 4.910661827544035 -76.14083497071594
1.4723560206600215 2.6084700570707637 -28.21186920992795
4.39140395914002 3.204000659431399 73.55354497414638
4.2240116631296925 -5.381840582116893 -88.78998913043976
-3.1667919904425466 -5.910668608053515 -57.711756332709015
4.332590221222435 -4.243754995374977 65.31690310593861
4.311185496970934 -5.074360220566977 -55.83539614492464
-0.7683551707995586 -2.0808314428850525 71.99218909571493
-3.9305762866150697 -5.3692539150087315 -60.77144832684236
-4.543433641191099 -4.637530850606227 38.31727688255634
-1.8152960025412235 -6.414020499365795 -54.998651304329684
-6.196135948930744 2.0660510338134634 -46.58533551836741
-0.8854992266027828 -6.694145827515422 34.54494742152537
4.469759795668924 -4.9513001145662745 48.24896074132415
-1.8163257626586178 0.7746253073212774 21.625697604833654
5.383935607001689 -3.8423397324531274 -91.51658613077993
2.0006107965134516 5.633812861725749 -1.176910750714383
3.971643963996738 -5.592742683585143 81.88509463933153
0.21399988590941108 -6.415990948379556 64.92914138902847
6.580877359668318 -0.44326973642498674 -69.18153703895887
2.9657567127075684 -3.0605350437365275 46.08328964514009
0.06042447681752314 -5.927406160028565 6.039410963260668
6.4565363511034715 -2.142184315363676 10.105206547297868
5.747877886418887 -0.9575909177246649 0.7008668130511957
-0.19070631528608684 6.191838502796437 -62.66094836067274
-5.757751757745179 2.3461593695879754 10.368918235582566
-2.2256430350005516 5.617152907755411 76.17253248755667
-1.8228827205409441 6.323671792390398 69.7587671478673
2.7723741964296797 -5.893701635585986 -99.86339075758973
5.397771065690727 4.1231737407477835 -28.627395873269293
4.530541058960816 -1.7708738275233271 -52.00440583830166
2.3911859858951168 1.5925042107271623 -23.175038632487077
-1.6120526682908851 -1.1182907209334525 -34.18991375298093
2.6842585400368564 -6.248588883681704 -19.64360411444366
-5.166052798088626 -4.130448373374881 17.903509788970137
1.209057162802815 -5.937372345166815 0.2752694255646678
-0.5808253260792695 6.0058117849389285 72.66130523622932
2.550543380438827 -2.8635918908173186 -96.78787620420371
-2.2965483931240245 -4.587520043532774 89.11520806238804
0.5154183084436428 -1.731397318153455 -50.5710834357848
-0.46323513607324807 1.3180306080529456 -56.146139805846886
6.190375180741018 0.5544551047492942 84.17734718261308
-4.612513844618947 3.9740317922349315 51.52545165753064
-3.264641291029908 0.2489879611730556 99.34621390681772
-3.328614390193909 5.764551426532607 -66.95165483525558
4.395258541958794 -1.9943900226320017 -1.6772219150979373
-1.2831979430371814 2.974382792669604 47.06462486650532
0.07100891631180656 0.40477775668879923 -21.32367232624371
3.9985155951981706 -4.535219153778963 8.211608789441351
3.6889333309222163 -0.27647784490295035 -92.82155867838642
-6.579927378326264 1.4898106179234452 -58.31350743514328
6.587150463012612 1.2248570952031796 90.26124468955727
4.704836394161212 3.483577687394132 -24.756964877442922
-6.56146721947272 1.1819610856370406 50.52885770812822
6.611270621154755 -0.008525440203623724 50.07696262913412
-6.624212581505419 0.8999752613764382 30.370910493153474
4.3130754548450865 -4.868146388474884 -70.62818989231104
0.9002331685903613 5.799374368156301 -69.81805825891686
1.0008077559585011 -4.058077770309027 -13.073711527195329
-0.12158267376027093 6.595342442617643 -94.03203585961919
-0.6720748166729855 2.6914253428271566 -66.58085910154355
-6.663145267284414 -0.7044518937928547 -36.39726527409998
5.088422232061891 -3.7027530514643066 61.742742452889814
-1.4324565112698504 3.5622585636850133 -34.91923017244509
-5.949067931005609 2.6487535742202475 60.14554153510921
-0.8682976965326108 -6.303267097654304 -17.051864431120983
-6.2365825806104676 -2.5923724988780545 9.894488121601189
-3.783426814821447 -1.8291259109233584 -38.27737892277905
-3.2342875887087548 -4.107608607799375 14.758838713031002
-5.277224798413191 4.324350012913896 19.592975611759236
1.8222299038458971 4.669251492512891 3.573101727861678
-6.24753709458433 -1.9286082685164048 -89.94525301335231
6.395291337973492 -0.39088843939417817 -80.55281655686164
6.236797894695025 1.3180066273003976 22.918677997022456
-0.977911572035146 -6.4073529806048315 99.811614834569
-6.409044919914174 -1.6913211337480196 99.32756868882218
-3.362725350624073 -1.9540943913794973 -9.503304471679485
-1.3339271906920724 6.748461871470925 -12.099098154574305
-6.331685088812793 1.8194224689150846 -98.15620598257713
4.941068465914147 4.283376222634217 80.39622832862094
-6.3858373699642685 1.3560001386897798 -39.544025201674486
0.010648495352881732 -0.01070104439468468 -37.29735758973425
-6.025784832141373 2.1251474117883613 -85.27409216790383
-3.927657053045891 5.405845861940385 8.609201200073345
6.389855016440401 -0.09110655615052309 27.423999609391373
-5.272815798637901 2.5482738886070524 0.7090008761411302
-3.6397546083565278 5.617877695325791 87.76518418686581
-0.3998237140399253 6.763436478137339 11.592240754160107
-2.9874980712754176 -5.916409198393576 27.070570541859592
-0.2083560028266792 -6.599056360333705 -3.913641061610716
-3.8543433873299575 -4.765275926832263 30.818320938648046
-0.9628662590750579 -5.049913982868361 -31.37274131909608
-3.9498626117707936 -1.026047124012123 -55.8024429457839
-5.936575839852803 -2.798227176733381 -46.54662731145403
3.237774918693869 0.5331304591181624 -36.06868368372888
-1.6765368027465788 -5.809374629164027 46.30277678426273
5.071004264870167 -4.455147524609572 43.888541117554766
-2.759576945195775 -2.39101093029172 -50.806094562388175
-6.259922764129363 2.6615574961211053 27.377110771125647
-0.02359030455538351 -2.307625262273623 56.00620828223313
-1.7734594185422015 -6.46096632623937 3.4942694464346085
-2.055696891643939 -6.305835232833407 -21.208377220658566
3.710618700808668 5.572534334628796 84.07134089453858
-0.8702760325956375 6.388933015176455 60.77541992880523
-5.968350600484802 2.8102647624695587 78.25776158882519
-4.711596462904047 1.719302866971559 85.44982887059832
-4.429692596585971 4.945586255802978 80.40740092204068
0.4035449164787765 -6.183807824356313 -58.2673660348783
6.858656107998459 0.807227271758843 -37.47455016655849
0.3616044094732805 6.53372144503243 -53.14620442496549
-6.597244412522533 -0.21583115812426368 90.17899792423069
1.2856504717590367 -3.9497065475448982 78.09862009980245
-3.7993501018971187 -4.319364448723763 91.87101420732856
-4.288070162039191 4.792491448779348 -31.785463131186138
-1.9317780676329726 -6.133589155126716 8.612281523474106
3.040002275832442 -2.366327819095205 2.712428412637535
1.6694972054968475 6.2046732013722075 86.66807274050348
2.8043983742250145 6.1310460749619065 -89.44073296504243
-3.7126482297866454 -2.5299457212291157 -70.94927926673034
0.4105384814715461 -0.8274229265080186 -85.82445135943426
-0.893589839956916 -3.004545962737563 83.61042689818258
0.05169888840414854 -6.136024634783579 92.60320045602658
-4.91090406582603 0.8434173037190673 -82.4535452210609
6.331002003623223 -1.9597718042565022 -28.753491375233743
3.1798087679904032 1.3946419745857497 -46.80890189961312
-6.191645622861077 -1.4799126841485337 -97.60397664135502
3.1347811343034877 -5.90228150709017 -64.66247576559938
-5.0701194415326984 -4.414021418579608 -35.89280424865572
5.3112822816385075 0.34584451184909715 -30.82244012739725
-4.929332357751225 1.3745330338418258 56.987898399491
-5.727188467667832 2.2134225282553075 -1.9998333089783953
6.643242729366589 1.3764940771017855 -19.405253414988206
0.06532458516717674 6.281696457132344 -26.095133078676973
-4.1918314505440435 -4.952133710479362 -98.48541020176613
-1.868925641623803 0.5856732354319473 -1.1994510972459858
1.5622673317388902 0.572770307315867 41.94012866866676
-0.1415726169250407 6.098462701956113 -48.66487052485282
-6.243074787853325 1.8117737872411397 69.74629818281286
-3.3669303040216203 -5.835233885663545 49.29404605040556
-1.964148469575337 6.1564604825252145 57.8061414409391
2.7302013684945123 5.635173250729381 -86.48753634800416
-3.123783608171647 -2.3173428723789464 -93.33702058054641
-5.487850198722255 3.9161318188333505 -89.5541616072726
-2.00152422937292 6.191135112153628 -57.1229686004195
4.111888556373877 4.697730245069485 21.98865528711207
5.4326615614920035 2.6341300906380694 -95.89270338388702
0.4626482518053111 0.49227145353619334 90.3515024038586
-6.618654313645594 -1.6834993138382301 -74.4459641823675
5.93682169632966 -2.943511326407058 4.895575291033738
3.108992901404132 -6.063477024486994 45.49206301762991
4.343953189365349 5.078894317018972 -48.79563759062799
-3.96446069055952 -5.316667662751077 75.77972459922323
1.0630293181134853 -3.3685516379142735 4.837963639013336
4.099635162905869 -4.330219701638628 -34.29298581195369
5.265130649170273 4.47157695655464 -39.682577423271994
3.92132964975957 3.3675414194157103 -20.476581523800746
6.584086059345931 -0.25176981321403746 -56.19091055585293
-6.278828120737739 -2.2067975744579984 20.814352321771917
-1.5730100610732798 4.695115351657693 31.598610924282102
0.38536625701079874 0.8027331843449967 28.071959305413426
3.1364842449755503 -1.1986918614647668 5.4952189562173315
-2.6159133787961375 6.07786547816924 -60.932150590719395
4.931732654527082 -4.492825650292704 68.70503852769009
-6.585851336322319 1.3604464305660584 -5.468567706520372
2.4939607270469146 -5.455341631202855 -48.63971740736755
-6.522160456258549 0.40282024570428154 15.880285405475849
-2.869011901805202 -5.507126166923568 -44.5517712552133
-1.4997675826982642 3.6827998982297236 41.7222553675581
0.3675572885532959 -6.787488602365668 52.85019433709086
-5.3508496046429785 -3.562027956478474 24.62227625714831
5.132589865854 4.402899990501152 67.9882859478002
0.16503191960081307 -4.196501429975882 -86.45207570997673
-1.5890468023858793 -3.505773905506706 7.069196038476217
0.5365242551324632 -3.9353270144020502 40.63415493429965
0.21568946176871923 -6.765716192541281 49.6412393134208
-6.1209504155816 -1.7511332310475214 -51.54387884066297
5.395160390443146 4.212368487701152 15.965843850548497
-6.681431124022939 0.07114356851316656 43.68989854404858
