-2.992496535468513 1.4137311220279858 -34.50597355006573
3.32707206422623 0.6348348448976291 -87.49140674533609
-5.324359266432068 -3.6348281884020377 94.56662018284764
1.0493095598940996 6.740960092379161 -4.664242165208075
5.100632987776795 -3.832662859502695 24.719515049941396
3.41453912118578 -4.357525990068643 48.03928274579908
3.710888716305929 -5.264536103905383 51.415531878475655
0.31606803772197345 -2.255120933767073 -92.55483358597574
6.201033371429961 1.540263930046752 46.747492293897714
0.08139804232179237 3.3475249917874765 88.51745606918269
-6.135754668259092 2.340027773039757 -7.099621861396113
-5.56097965382918 3.4922189922374347 -40.01697097076446
5.562487530050233 -3.6866420098674264 -29.74016726775504
3.8558168306980147 0.6705670632905463 86.91021481995507
2.033849161778918 6.312314765901961 72.40202590604082
-1.9419918530350297 3.0668551142551035 95.14175093443914
5.620942455462637 1.872901530578568 40.141015402819704
-5.399105587374615 4.024678706969728 16.25229631711162
-3.6962196216008603 -4.1731195479844265 72.13448874420395
5.684739654761379 -2.2685749167687956 -73.34512674033638
-4.670815261544182 4.908274759961041 72.80459473974244
-0.8205829460714898 1.1207453842900121 -93.25676391853494
6.440316141802749 -1.5735538439691732 79.57455698220704
5.684150311796974 1.083835388437967 99.3571863080313
-2.151616046580677 -5.547068064971084 24.144763667659028
-0.8791043356964101 -6.447929037661 -73.80018434234874
-0.6853359689169907 6.120894508758617 79.6452416873338
-2.474063415142318 3.990937081426256 0.2682996777378109
4.864057270210984 3.2658183993543517 8.15674822958914
5.264268818546615 3.8065517916362768 -0.9708881460270455
3.223696446229482 5.833532492725056 -55.485942605675895
-2.892225507337738 -1.72242035612495 95.8541236205799
-3.0180263068203366 5.940129140830394 -91.04198263617295
0.7665905612484374 2.504004042318207 -88.90629298996838
-0.6968732159732977 5.701544015201844 26.628242495759533
-2.0230600724026306 5.826743830172604 41.2002662094388
4.626443260349033 1.9559113918425575 -54.14384523178457
-0.014468965452605731 0.447100251408838 -32.75198326892086
-6.765479756707992 -0.015654594424906937 -23.078855544561847
5.062552009043387 -4.418318185043261 -24.348675826740163
2.104385403713307 5.99131724560859 -37.98063632536395
-2.701075690364369 5.817121002138749 -50.08242574505777
4.603077970602831 -2.3695076609112147 35.54059869159286
-4.923644998928266 -4.444473839133422 -31.849024278893
-1.4601725982190752 0.11178649603853633 71.83936333497951
-5.5422122425677145 -3.511432704220927 28.173954467023336
6.687503006306633 1.4523277131376682 -51.151072492976546
-6.564727240616132 1.223512910712115 -54.61928640799102
6.489329070034923 1.4634589486081153 -62.04902229484124
-1.9167778821638068 -0.293553188889952 32.96572993607006
6.522156330810404 0.585015990677648 -71.73624884445482
-2.9702804166786065 4.6537442106218725 -43.56231193593354
-2.635302411191589 -5.7490993353148525 -11.911971517831509
-5.643245232298742 2.0614699789160555 -68.41981016673152
-1.7499994436902666 6.255125235602835 86.19285247026346
-4.74804703751366 4.316354209604345 64.30980171500389
3.513863532904695 -2.730439037660615 -39.00642289330472
-1.1207193127586697 -6.531748800274222 -85.97498089227301
-2.8176041985982874 -0.30622010617419987 64.43027944839598
0.1501745495610227 -1.0372548590002297 76.8100567849461
4.726425386054042 -0.6300091350236583 -94.35882841816964
0.9886827200917149 -6.794919470593934 -43.14935371597888
4.165975493622193 -2.259105777080386 -21.437243191644068
6.482950684426973 0.7177285153685072 -32.24665183369537
-0.6681093056832722 3.7575114146271646 -14.555921931457085
5.965674700414761 -2.4340977923683735 -58.0648434939844
3.8410236657843257 5.377793739224662 -68.44551977658315
1.6807057966245018 3.197945122271224 -92.35933437779157
3.232195041817589 5.889821000265086 -80.94094987879728
-4.145762932669276 -4.458469051585342 6.708516151309985
-6.099866790008986 -2.1716937556365226 55.58449952734659
3.2685606106901877 -4.898117368833458 -35.852405391923845
0.3662633076472135 -0.10435940656433551 19.771661926687948
-2.081515211497366 -5.926696988264191 -33.13875828253616
-6.5686215170602535 1.1549330907497153 41.24902297576486
-0.02763038687641481 -3.5329445394422647 -65.66883870540282
-6.065934540936235 3.122654666183611 54.36065333289543
-1.9322935044016616 3.4651184142117866 22.788394115154794
-0.8773316919285472 -5.646904739089715 -1.7227429882534024
5.599323917157658 -0.2637418369506206 42.93392397992358
-3.1879658711983776 -0.7301001352892877 11.631542973585967
3.9218375758510233 -5.164121860170266 -13.827121247073967
-2.2336273989899214 3.113884935266962 85.7565684905785
-3.698412750739838 5.654692649142239 67.34198842815702
-5.809715983418854 -2.2057755273930946 -78.13312562995513
4.697502186633934 4.453720782434317 77.36019842920047
4.804377465076231 4.096541151417544 45.819251641136056
-0.8905801056889869 -6.758059941154566 13.321102537897671
3.389934945591244 -5.380423602335357 -97.32977575006554
5.6307329783024445 2.8983459481327705 66.00373849765175
3.889698863110704 -5.084896188735186 57.87082155559572
6.168336741409742 2.549536853536142 -82.86813193775161
-6.023451034290442 -1.6644563250849238 11.24894128375395
5.252331819052404 -4.020838465598227 -66.20498337328655
-5.706617444560121 -0.2703560477229055 53.12088058361192
-5.031328650871986 -3.8662256871406466 -23.837374359598215
-4.105753973050708 -0.14185128239895467 -82.760942111331
-4.017459322978723 4.908659913418125 -14.183548603168813
-1.9995487433573547 -5.170007932351521 37.34601788966252
6.441341269081657 1.2343473599547448 1.3691237700461858
0.7751528328678502 3.3965738769626266 85.83970075426903
6.446145537720052 2.2089238707442562 4.122627081988669
0.8437805890380039 1.3444572434599968 -67.95067157513004
-2.2228507413723633 -5.096202951923788 15.790553331697652
-6.526506336666345 -2.076994600208117 37.51773676338886
3.777753966857571 -4.73826169949672 40.72590105352122
-2.4218619139420663 6.374583635571325 21.177525879008144
-5.719281059549062 -3.470864079621074 -95.31836665410293
1.2184828784351696 -2.409325880500387 -67.99205466365503
2.2566934168691053 -5.886397702352687 55.32756514537857
2.2952759836009946 2.694987755705383 -1.6127027317646605
-1.0070131266479223 2.8627487093389923 9.370376327077274
2.770867882966576 -1.9067107340568636 70.42613686784011
0.9681948760412583 6.491122860758261 96.399565620472
2.649943833066953 -4.932710807534045 -53.75912913394642
5.610156360656193 2.466623258440092 92.92961687450713
4.157850143050529 -4.757484703681008 -62.17331997132329
-3.097389308173879 -5.425731723057907 43.494784225960665
-4.734351435650022 4.670153548383631 -37.08058602721867
-2.056902718909591 3.915878833274201 -85.27013800225288
6.013868427655746 -2.366245739955723 13.996006871932272
-4.371995052229425 -5.242816961131941 -0.4673052063217809
-6.321698326224028 0.27855780592336865 93.80013403418984
6.423836012394867 -1.3314970327402784 -77.40768647989312
-6.299217344611415 1.582356768226814 -78.57187578061095
-1.7312582453717136 5.899402533379589 50.331683021131006
-5.293091718755541 3.6831191982514655 29.612061524658266
5.840224803722807 -1.461402748818161 54.171498653193915
6.595742049660752 0.40437636700496093 8.68370695050604
-5.569044055762013 1.0384895945471293 -25.938487950453496
4.957968784012663 3.783487007915918 11.49020064919242
-6.760050488229737 0.809119272987405 23.869296831658765
5.702755205002459 -3.5033619883597935 86.4750447990624
-2.0461703556742066 -2.560466396513507 46.71380157966705
5.265975708742648 3.1539142984535893 27.380388204300843
-3.146032114691615 -5.9831108176993055 -67.2143656144194
-3.8051487979430445 4.824931528379716 48.18274352371537
2.103102001221382 6.41471897951826 -30.12619503864806
-1.4941529109142382 -6.346616055587697 72.29565878574441
-6.586072503239318 1.930553018910996 -51.40982771321947
6.406155987593427 -1.439918716187287 -37.24381538676583
-3.489932899796062 4.8672717188429 53.75813276324815
-2.3901344763989276 6.386647718382045 -79.87709618502956
-3.846997713040815 -5.295645083635211 -79.09269857130604
4.814687876148041 3.9320489894639428 -65.35990870799635
-6.235885186421251 -2.7689010063499078 51.76513668269252
4.795162311762573 0.729805230518787 12.873196500183237
-6.133967481462466 1.4444475128020713 -64.71548233553122
-0.39440192730659734 3.8929290087440593 -56.29605404613287
-3.817382214652985 5.123426507495977 -93.67710517839383
3.8426085281516045 5.14328797978035 91.34978174035085
-5.837630567781916 2.20101164712426 12.753260731412544
-0.18938965681629488 6.583758704383308 35.30270022780861
-4.236858079814451 5.072747474077239 -1.9204593238613819
-1.7898778253425207 4.80451302418963 -99.77006327066196
6.371378204461881 1.2701275188447592 -3.5493365091369524
3.7332911304285403 -1.007323353472608 -67.90067431737317
2.2774255899378133 -6.234269282488949 2.3311879463347367
3.408308745331456 -0.2036010346150677 9.615164971648447
-5.482274782388068 4.08284658415854 24.19945344396014
-5.731876877717959 -3.094942847200459 -58.249141138414245
-6.3155195367087416 -2.0385053415893513 85.91272719756797
-3.432591734369149 5.690665909646082 36.41468077212463
0.6037406671370185 2.2680655249517105 42.60437512825828
6.3017860399574746 -2.067126584900366 62.0033887256692
-0.16037771440671306 6.852675521898649 1.737882539851733
-6.593830884213312 -0.4899188454491479 33.61905665242872
-0.7916976735832956 -2.66173800953552 25.11071466363259
2.92525564601539 -1.5642959401118843 49.938744665650276
-2.552794055586771 -6.045828815546552 79.59052277035224
2.2271688788391533 2.920498760492281 -27.64327312667067
1.246749442187216 2.8736913259487444 -53.53731163702947
5.751816149357873 -3.4871248263682113 -7.108666437073714
-4.386428182295958 -4.004275913574612 -64.62636414610809
-2.641650677129467 -6.036722473120579 -98.45271352455266
-1.2645344442280098 -6.49612711696874 -94.46973992967948
-2.838496828030176 -1.4532701366610261 43.766384458187765
-1.9682958282585357 -2.2710742949604676 -14.032564027716043
-5.037304596420902 -3.8099305154092655 -9.497275239731536
-4.494417492701207 3.847186348489797 -28.641640934897367
6.131579069664518 -2.6612150329750017 59.00516631550336
3.9218529673167075 5.3355586847719865 -42.47549480108703
-6.645803118480604 -0.19642695026806176 59.38011283011063
2.920179993666293 -5.650296764819028 -77.50997964554072
-4.93734849010971 4.2587801267117005 84.20946735595808
-1.9143343956083325 6.014805807003407 82.9310601123239
-6.142423701608627 2.3959535353108885 90.67064816915233
-6.550955152931105 -1.15634768821279 71.03789441328634
-5.569149016700895 -1.4862477945438337 -33.596455549115255
4.638785069165511 3.954630423309641 -61.18502956602832
0.6191071784304545 6.54210800671928 59.96716492060255
3.1043753635091536 6.096945776327686 -26.467716779297938
-2.9805682641234963 -5.902643894008263 54.55833553340316
0.2336666704737523 -6.191113396966069 -67.54634434980832
5.933672850092617 2.545548243243531 43.308605136223434
-0.13385210989404994 -0.37542715179664843 -70.81909691563347
0.6089553295188023 6.153782479998201 32.25533508401342
-6.888914342900171 -0.44117715109943734 66.95956382140484
2.003866554586612 6.636637672814849 75.23972832282907
1.7305928257700347 6.214619670444517 46.4652048365196
-6.584417043202487 2.006731863598957 -88.0835265024201
5.506764046383373 2.9505224908207066 -79.07066807514063
2.083001795934759 0.6870646911746405 -83.59169271639816
1.6333741315130725 -5.067836150108642 -88.16797124611395
-6.432026073215507 1.1879395286911216 19.65084276664908
-1.8192868197793195 -0.7816148052192636 56.32993042823935
2.8893054265859215 5.505893275825806 6.693941190219133
-6.553575232689296 -2.170155261532414 -85.85600334811042
-4.807770379012513 4.179760909081289 -79.43743444660483
-5.090726336196717 -2.373168443564934 64.47270041494743
-3.886300075400855 4.130627830103946 57.02441718464166
3.464719186860037 -0.4328468558130668 21.857684329681977
-1.12866136359129 -6.248746057527546 69.1246522237156
2.3197304742150155 1.434812729982151 -61.4983180646664
0.8860238047332253 0.14236911545346648 55.751443074775146
-5.881221555607808 -3.220632462485644 -4.322376879036502
-5.7731904891659225 3.2800674355236112 44.484995764548884
1.575664446563233 1.0779830667308707 25.804714411756436
-1.9773760936413634 3.3701825569044916 -92.13375557263903
-4.856105724299551 -4.126114754809907 -82.52650824650706
-2.8980169875633326 -5.665784670243236 83.49540177217872
6.195232439026957 2.2698769574876567 95.85116388139042
2.2746656279676007 6.32442883759838 9.379732525151882
2.0228556134492024 2.9039728126843354 82.82843631099608
6.645999212104382 -0.04919861641368008 57.16205743596405
6.617174030099832 -1.4106153752399155 88.70138029239861
4.411397214441531 -4.791917832098673 4.954615674137694
0.8908408518957576 -3.1288172476537652 51.40786342761029
2.7060970550841565 -1.23485462160641 -26.159903708655886
1.40241286437339 6.64787301996315 -45.282809478073034
-3.5803380945102177 -5.291656891181199 -20.66146767857365
4.731161100367673 4.968379314229997 94.25651604159168
3.031414941815526 -5.659213745186143 -39.27626718222548
-6.669590450096045 -0.12463339307038407 2.947608132818008
-0.020990729526048968 6.420707568203412 -41.877312994046825
0.9795664636080247 5.322531501384741 65.33595454708336
0.5576472229855975 -6.890293513009709 61.82865179288858
-6.568085517941249 -0.7716710449496652 -67.4664117398668
3.6601976754691004 0.49559390061056274 90.93547146570684
-6.028494242019626 -0.9271781303574115 -30.601216527585912
-6.43363507058737 -1.0033448303366117 -81.13175592786554
-3.14206355719798 -3.2663792216702325 57.63333239967987
-0.33666617062734283 -6.4036156918395335 -91.36442699201734
-4.980632051328385 4.214648446213202 32.54973779951295
-2.282640510366371 -3.7966429024779655 52.15016125700561
6.657368676745502 -0.5494539434219856 66.220717258125
1.9796878454017741 3.1598935865741673 -76.4159143260193
-2.5813450661900545 -3.641361123137138 85.58490836909449
3.620304002594105 3.7695997699519803 -16.468797845997692
-0.34239647991553 -6.586740717096436 -60.15601774119336
-1.2575957063602363 6.616394065437804 -29.962327456092314
-1.4654823531223422 6.023523064034428 -8.026521929083648
-2.215807797269215 6.552612175865621 -21.927816114696586
5.313865879588933 4.1299817425705285 89.10100940806579
1.9496462305940534 -6.366916390492719 12.94346572483742
-6.510372592531527 -0.8423438056476513 -43.51443433719759
0.9234873616358044 6.689738364437422 -78.92565640748701
5.300621171326252 -4.342822088586324 0.05447025970361275
3.777888335834393 -4.729935332987516 83.9408541478123
-6.5424985010099945 1.3289067366610638 64.19542404144892
0.18185287279078022 -6.46000380797892 88.08838932564099
6.650094783482385 0.7108957983678521 -19.7359754575469
-3.206491582031036 -5.8804229662340814 -50.4622017692081
-5.054626668581047 -4.445567807883767 -86.65963187919954
1.9766643731539075 2.769203881356701 66.16016079379924
2.3926064546736336 2.0183602071925435 95.49329092407272
-6.677501494162296 -0.14692285170599165 -12.051721557858965
-1.7969692548090905 -4.313941234963276 -89.49021827233966
-4.494393301854359 -4.4173644732274235 -74.83300141349959
-4.918827978355338 -3.9924468559256585 59.85795971563555
6.638732351146789 0.008111371641433496 -23.709655937021882
-6.138897499672277 2.712598588353022 96.25686853465552
-1.4216123392186588 -4.7364507780740635 -70.60989193888699
-5.244578761434527 -4.23928183144823 80.11545221092034
-2.5061466023561056 5.602813592413568 4.0050196814332715
5.48867104583113 -3.5035630781223563 -95.31269240032233
0.7516516050790985 6.610437846320171 52.33962395453075
1.2711218549454515 -2.575224515884438 9.73370413220699
3.193319470999135 5.437764300360759 68.47721275396594
-0.8953375163647499 -0.8654604715096214 89.20292730218887
6.458049787822742 -0.9490622775797257 93.39519721354309
5.438738067665818 -2.098422480456319 -42.17875075089341
2.9081029042928943 -5.566903775786857 71.60842980089765
4.229504995626122 5.181196308950648 -99.34358464321286
2.045656940119448 -2.8937645580570366 54.51962364319311
-5.652143642997936 3.129766774934988 -12.240969451745109
-5.981428861638669 2.227671000411996 -32.371941341118635
1.950558142105235 -0.03234285854897434 -43.45071059181556
-3.3753435520613335 5.182645844448493 97.65669983366001
5.784786037143207 -3.1206775322358866 91.29578269810195
-3.0994759846127735 -5.7573548171308655 -3.7729143814303323
3.5315290824367978 -4.54642502314781 33.684546098202546
-1.0392811966973055 3.829152974376503 6.292635942583329
2.12529987104302 -6.029303748204861 24.38091507440809
-2.9111652031292166 -2.3383216651036105 68.7624445077991
6.4218234771045415 -1.7804814445906547 98.35261236473075
-3.6257412648033416 -5.32006825515704 10.491803848737774
6.666953763519741 1.0980642097381632 74.64861038161278
5.768525285754524 2.9344982067952277 -43.393563296411116
-3.2432717673533307 -1.0014926908839632 -28.264141171935936
-2.586425955239079 1.7514885400885885 15.743765182509621
-5.430891635902579 -3.7705938863854316 -28.977593559086802
4.070357360104655 -4.515567298256144 -80.71340673439116
0.7178731977876949 -0.5145310978758133 -85.89177815343017
-0.8406645543610594 6.4158905567751825 8.673079062585607
1.5009860335200529 -0.7540499566105606 66.08806412437194
5.742808332657894 -2.542648627047659 32.85228300046512
-4.871878956746977 0.9632358204847952 74.74569363876832
-2.8324504345373795 -5.4135009546555555 65.78882228732941
2.899751628222528 -6.028498626043275 -93.6024166581594
4.570063711030126 -3.4792041804167533 -45.213603727800404
6.324573386776963 -2.4228548242308756 -11.011582565929778
4.305662070565878 5.237356961723643 -12.078162632268397
-2.152913959931459 -6.275725133151644 -7.928216456194783
3.2668668373582666 0.6914923393149969 75.08431929791759
1.1560603199178203 -6.466177800830466 -18.15363451325111
1.3591338845490362 6.557655210720016 -58.671617721907666
2.501972725235038 -6.303792422554981 28.882580417334086
5.69198015923787 -1.6777059599272712 -84.68039299626292
-6.04302223785816 -2.3050529184615445 74.86134233874975
-1.24559132266025 -6.666018605200183 95.89530394187251
2.091382002041154 1.9500255350168931 -56.72946533285021
-3.2545392100246957 5.6991906769983816 -76.9147770453034
1.568054251758118 -0.9918340306480466 -29.73386065244106
6.038909259749276 2.095999457626734 71.9648558778319
4.326388378080509 -4.73796511005843 -89.217704875469
-1.2990187211029345 -3.024823980150961 -56.8131668886235
4.996256864146273 -3.6404329798642783 64.77046885987521
5.726851595233884 -3.4974238503832664 -54.7139087606302
4.2142729267804135 -4.195392932129579 76.24268139278999
-2.689657659537198 0.32248904848232 -62.64702367668407
-5.346915338154781 -3.8045500768368967 40.64818641949822
-1.8395667317802251 -6.380998342978278 -55.297935107693384
-5.711117529810946 1.7067400200740668 -48.335590222710955
-1.1807958542712993 -6.637541917737018 32.683801469885466
0.7133923269567276 -4.505707535368631 41.599746042636895
-2.3381127455567445 -0.8274279279455536 19.012278156072355
6.126145634419417 -2.78226070197786 -91.95513679816032
3.125126523311437 5.827240224198756 -1.4758393330000954
2.9194886039095844 -5.438219908843898 80.59824189799217
1.1155759494248267 -6.352707593242169 66.41943835168112
6.8094760921736945 -0.3588518140609949 -68.29668625740696
3.469207417683369 -1.1343977479210618 45.91064675234342
1.004932027642678 -6.496985983478449 6.533197010312755
6.133306014915984 -1.9964520492897402 10.27468360288378
5.806663040039593 -1.3838151326900778 -0.24525471746394478
0.7621621472127966 5.978468329121391 -64.49538699979894
-2.86171992886718 5.908686548689467 14.78070150748079
-2.0497237117231975 6.490402826505503 74.94158796518279
-0.2840246345479917 6.483190581435283 67.54514058935062
4.255609141805059 -4.376276095105254 99.64801058485803
5.456938130405073 3.704555486128733 -29.589729862045928
2.8437960761551553 -1.82956960919052 -50.99848835278261
3.395508124513726 1.8530254243007676 -21.938759156853003
-0.22369054826382362 -4.581059067195897 -36.03455123366198
3.6098478653825716 -5.668460450801861 -20.63987565249837
-5.020542878554301 -3.264772709119972 17.404567646637904
3.59692920194338 -5.873866254563206 -2.275599256072197
-0.7194334421019327 6.634149392312002 72.1887350278574
1.2182873454948029 -2.7273299390541816 99.44641368983484
-1.654599585507247 -4.266804907220529 89.26952293551237
1.4595789950254214 -1.6121503590306874 -54.65446673329484
-4.067823490929749 4.270164611183748 -52.16669576692355
6.569286642286755 0.5138633247701154 85.69745943935153
-2.874403601851961 2.61302854251187 51.31138900630189
-3.793443583021117 1.2590477629774128 98.25960341486812
-4.24342493084582 4.993863933732145 -66.18260565911392
5.601206036081471 -3.0164192606699642 -4.070018034232314
0.11484003810275573 -0.9210843562335314 48.12156919570663
-0.2588317445379279 1.5744238656895406 -17.50054110505974
2.8735969922144626 -5.777666977110329 9.54631577519632
6.5427093411125465 -0.15005226373260858 -90.1818486662504
-6.15137797231689 1.5298099254778448 -58.27720132956524
6.767449405365376 1.1206145202655324 90.3061397079202
3.893132759181945 5.045342920948298 -22.822237732455047
-5.826221345027962 1.931237835746355 50.29192719245154
6.66792131552015 -1.2482854669312653 51.22712676633359
-6.529510844031764 0.5233403941455077 30.18506065404585
5.397791104283359 -3.8447700526146753 -69.03006381360093
0.6908928202373292 5.764250419096951 -71.0413627526637
-0.556571896807703 -5.172690605059545 -14.743122184884662
0.09775477604420055 6.748567129796055 -91.27126596235004
0.8967497209669444 2.2133702490715463 -71.56766163286824
-6.8834953061999755 -0.37772499815695676 -36.20324309070748
3.5652147747630196 -5.402044366698396 62.89921419408232
-2.8058013945310605 4.645759912884217 -34.44045292616761
-4.0267348756172145 5.23082077989724 61.253612092175004
-4.071292776810566 -5.165428596470678 -17.56212220501894
-5.82522264626644 -3.695701798527853 9.253457317065255
-6.242862249718956 -2.30950751080042 -38.73351285919821
-5.077499141576218 -4.0022299254270965 13.935012158199699
-4.146102348895163 4.2756585312163224 19.605865881254392
3.7517045414856933 4.597303625195291 2.9145575393239813
-6.158684835721664 -2.4572483127114677 -89.29038807763018
6.407474530385324 -1.289216674706838 -81.87468156492766
5.508312268398685 -3.6344503982062872 21.248112762913298
-0.015580809926832587 -6.829183862688511 -99.91166190208193
-6.616418693790561 -1.5979581088240906 99.28108052889357
-3.892711111241184 -0.6973480047553685 -8.775285900431967
0.17945137044309206 6.453313374655866 -11.104203034030842
-6.267355171035545 2.0395517711765607 -98.95055337939094
6.160841193212605 2.6082897355824217 81.27032288259161
-6.730864977763313 0.232923280734455 -40.805895807620296
-0.23477285304228857 -0.5197512400585709 -36.27287386096124
-6.493071931790829 0.9989481364992769 -85.49873992436194
-3.5550857170577785 5.407739083226556 7.543482321223288
6.491529652256147 -0.08797588399131456 28.636025816763308
-5.340047094586228 2.954961140748401 1.6083239977523804
-4.420757996977249 4.90269130198347 87.73012165746577
3.1269326656603087 5.7707245825167295 14.335172822462635
-2.9321440488049455 -5.9532893925483865 28.981178806501124
-0.12768181570172107 -6.261859729472322 -5.223478861464946
-5.5558974880704675 -3.5995704495179006 34.82777345952242
-3.5490388667884547 -5.72801870983959 -27.053366299561937
-5.193095681964818 4.689514234839135 -56.038148108157756
-6.420035422530609 -1.5506779490785072 -46.95672281683966
3.5372353215383217 1.4537523767560856 -32.95887091407378
-2.904509234257918 -5.735491614510791 46.39280847830755
5.642576849578521 -3.107366432702274 44.558118381244476
-0.996139662926165 1.1758124641209824 -49.64279961627915
-6.089832613498493 0.10250056938419916 27.152679338587543
-0.8046231067736995 -2.0679564363028193 53.86042457593479
-2.1852701552536535 -6.240183655075545 5.162499750166969
0.09347539253807766 -6.345765884964743 -20.66265606682564
3.9909270537435972 5.131663661584321 83.9564462902145
-0.6556186722397019 6.820251240170366 62.57529018586584
-6.279391951805678 0.831078836018763 78.17878959130918
-5.49296925414407 1.5928663236492575 81.22715106739476
-4.32128594814227 5.11109088879775 78.71521290358464
3.287862690162519 -5.725667751702377 -58.75182227638017
6.374833010608767 0.9724377055536771 -35.23477944928793
0.10450107112920848 6.494450910863727 -50.446987467719445
-6.662384657605462 -0.8582786469809431 89.91879780477753
1.2261428929950347 -4.29393252846001 77.79804084462022
-4.561328569125756 -4.968926957851832 90.02977191282045
-4.13833696767545 5.340288354165933 -31.338729144004848
-0.9046702707325219 -6.388567722052758 9.5152171072845
3.221392955469661 -2.812866518780996 2.510264131592039
2.0608467848614986 5.875221983873533 87.19571721385564
3.837716902192302 5.0107755209845655 -91.47994613283555
-5.084260603358355 -4.014195303786632 -69.4341399726967
-0.17206244024753814 -3.586010155305472 -85.15093567497458
-1.068565301089895 -3.6068984603518945 81.6938346075872
-0.5385998761112079 -5.825209963525855 91.67096198490698
-5.575256785189213 2.508012571579402 -82.12002338487906
6.749346181938907 -0.5656068305076148 -29.7444272578475
3.7375519663565617 3.4745827216727805 -45.595147457799065
-6.362592277822155 -1.8385935701115188 -97.9367849875899
2.221589678438571 -6.141740287787873 -65.06120161623528
-4.290454774389252 -4.017242974004983 -35.3688085367902
4.6978017080924275 4.8403237312346565 -32.440302769091915
-6.498877492094531 1.6368225532870548 56.76388165739303
-6.018443160492841 0.48756060026676773 0.0838322965013934
5.968082334391974 1.410226927959529 -25.9579019017939
-1.9266604902825721 6.417144855849226 -25.489624988876393
-5.0987694910100725 -4.203516436199882 -99.06826975001276
-0.3775500372612469 -3.4175110849504664 -8.307107767712433
0.7272694017688629 -1.8807961548939771 38.099732046484334
-0.6888569531249845 5.50806318908732 -47.57438626945478
-5.920339139774218 2.9141687452420455 69.436095670651
-3.231913860108695 -5.72543728972715 49.4430678166569
-0.8005616369601807 6.604319190612307 57.34001558914629
1.7715436394103363 5.936872258860919 -87.81619065945469
-3.6600812584589546 0.43616251079161017 -93.94880460606203
-4.732798118355823 4.64638480734737 -88.44505944250729
-2.4858090965280173 5.086957199989642 -60.310302887384374
4.260239105108168 4.4660071175064475 22.957437777512897
6.00091008497583 2.0692432321506185 -96.68048740877484
-0.18262410790415798 0.6700059491289001 93.01888993820697
-6.6579591757990855 -1.6915663376631491 -74.14999680647121
5.808740837038869 -1.149096450419581 3.2428829559883696
3.305961063681712 -5.795002769343221 43.89405162406087
4.66671158496302 4.531857382203477 -49.2350427345679
-4.464195843426948 -5.229746997885 76.55592183200683
-1.6387464777754548 -3.0833624281701675 4.614064886853352
4.349324552968334 -4.975899086537757 -32.5223198399433
5.8573304081423325 2.9418198110505847 -39.62917962644422
2.3714037364758127 5.814996249520786 -19.142961506221393
6.7422233721126075 0.030506583373641007 -56.43785106265843
-6.127049942956846 -1.3874116046095237 21.625908633799394
-2.3768360789316145 5.806051190562808 31.356846476944213
3.004827660766222 5.961979207381106 27.667784213151872
3.372383005283352 0.5193515598477547 3.7052354842723467
-2.3558730565374106 6.2815622161508005 -63.610277624112854
6.14611547119333 -2.801419596168986 68.8732982156721
-6.684002188231388 0.1783733539482964 -4.697163306655654
0.12803085484032475 -6.515122847752139 -50.61589381801881
-6.5074690141909874 0.7664179589276692 15.258951667785361
-4.114131445816349 -5.151990434064219 -44.85557533204883
-0.6814134481470259 3.7399602231525186 39.2439611127461
-0.06464113912327084 -6.657061258602465 53.420753653535726
-5.758791742111614 -3.461876597510247 24.68370175578788
4.091838706279507 5.1108911389145515 65.54597475307527
2.7173039101499317 -5.553178380937623 -83.76431638514605
-1.338539068125693 -2.9460752253307168 7.887242100969018
2.960013137697404 -5.996917940746568 37.12247906051693
0.4141011525207705 -6.602349377116532 49.72354346520603
-6.09131715193684 -2.7094358571050936 -49.840243747268836
6.405451801745035 2.231099086670317 15.43699422064048
-6.533242787814257 -0.9623066541397469 47.81265298648835
