-3.5523394576114633 1.1930897339210007 -33.82601557768709
2.5474985286222926 2.1066130240487926 -87.28222358831522
-4.4282496636271995 -4.380219790938731 95.7299957937312
-0.046602980885684375 6.402488318319654 -7.3667963842383255
5.39214239140789 -3.2542468812600918 26.833606991277232
4.389512372108418 -2.146668521580069 49.51797899269423
3.630084282808955 -5.235053783691345 51.67632386213223
-0.8828487120055071 -3.8116811622282585 -92.30348283158104
6.531328561848631 -0.2769822128754338 45.9227203977384
2.487815389277293 2.5185320745711204 89.54586138019484
-6.503917944800616 0.3600465068080374 -8.391677722249124
-4.0500811454607035 1.4868031212747963 -37.44121798312576
4.380182290191635 -5.068595396399897 -28.717106128708167
3.0210832204709686 2.3523332699019774 85.23234886093395
3.3778225100676504 5.893541915372237 71.99380367404962
-4.043763935811743 3.1684323780407158 93.83481028475245
5.946908999698573 1.3495461318855657 40.891927720855804
-4.925961204040636 3.707007291718932 15.090332424166212
-3.7072079629396075 -5.520328745775633 71.55677235279678
5.416965145917883 -2.0439020572357363 -71.47426975471386
-4.892825156267076 4.20163902355785 71.30914860366724
-0.40948761523615884 0.2233940720877587 -96.23900043067704
6.343950761934503 -2.2903224263910626 78.86643986121905
6.504602440713155 0.14146860234285838 -99.21768504940657
1.5055182707819108 -6.399005255572181 22.35385039402503
-1.8696757344841846 -6.179447139969859 -73.99780827832407
-0.6402334940941696 6.647367907991027 79.4780392786619
-2.4302579897721635 2.601886033694357 0.6024174426767256
5.5126284814644855 2.7725613095765076 9.010495696724718
3.8087466786295536 5.4373083005501535 1.2060136725190576
2.2094330253080767 4.825650824327491 -55.46143588880261
-3.235212472105664 -1.5188739278318066 -98.6916753415811
-2.888214371852914 5.861393035885231 -90.32605286780031
1.491656403980775 0.961416324113378 -90.04413598646912
0.07092523106952381 6.7830279649322405 27.585032125695463
-4.022342727016619 4.984328555586334 43.09354958529669
5.411297308308684 3.583197251309315 -54.86445559971177
-1.7478885066548888 0.12422619700585809 -31.24917037840605
-6.446656887568751 -1.5053937261458996 -22.029759625246506
5.234475228538793 -4.066751994163198 -24.850039287717696
1.2685864235306972 6.33096488166155 -38.581399360965946
-3.002836134818726 4.9093678917879355 -49.90889304205874
3.2091813831859493 -3.7826314466857514 37.69324704200758
-5.04787821889927 -4.373387665678726 -32.04808445578947
0.18440824594765443 -3.5657628348073453 73.69425622095044
-5.855193357142396 -3.6728384399819407 28.607046795031632
5.40291246830443 3.1045057553748006 -51.91896179814418
-6.288697618007589 1.6958168513706386 -55.448286987063355
6.707636960118732 0.610479124454827 -61.215868904702496
-4.0762765634518185 0.33201796815031304 32.300413206698
6.3461079032577405 -1.1626097621412077 -74.31363869195422
-3.8827666786465436 5.125494726018498 -46.04317813457631
-5.35265881222916 -3.5290891603888257 -14.972919390396962
-4.991791672688253 4.533048360838217 -70.91276775028118
-1.6233411099002202 6.182765574003263 85.15088463582775
-5.762293722076312 3.5690349518521343 66.4528107158394
1.6665043064987062 0.4018418193817562 -40.09984497587006
-2.796008465578102 -4.428610190369274 -87.83440829836874
1.6551866627279828 -2.623605438517082 60.931188748465644
1.8016300349283632 4.2107380669570125 77.67845775968742
5.598547434393555 -0.24525532651931853 -94.5966225892242
0.2717213256724023 -6.275419569734634 -42.76181110622943
1.7589906358740115 -3.2303734047421626 -20.886898892434928
6.386857660560113 1.3995516070810496 -33.82966272393761
0.27984564486649405 3.2338907964831547 -13.857313837229045
5.893177402935449 -2.7773784047736436 -59.052532389448295
1.464016964056008 6.309054143511545 -66.68809375688211
2.041085006283187 2.568916229589956 -93.52041005760219
1.7068151885154197 6.738633139046508 -82.86680725869029
-3.9776880821075085 -5.536971880685195 6.463222772989994
-6.030515638378825 -1.4850580931691528 56.18054654854367
2.7711054546756433 -6.076107552223294 -36.27188544419045
1.5941859845813948 -0.7182745585865127 17.257148225898728
-2.1327205505554225 -5.632603571411687 -32.76098633825256
-6.035198820858742 2.246402540265056 41.469211864941904
0.01342584998795504 -1.0116584741252104 -64.70795336730473
-5.791332816602487 3.2140007516463247 54.23014082646976
-1.7875213541167916 5.4479912861088025 22.858497719561193
-1.2144833774505015 -5.970681435357102 -1.8839249008812404
4.379648995535978 0.3595635030974954 43.29486770359926
-1.0288458415002373 -3.165928374996776 11.766449086479703
4.458197956926036 -4.032895293756935 -12.020900227915769
-0.8581805273428019 4.06951447735643 87.7082124002919
-3.194317985775766 5.7720008244766 66.75779103048603
-6.265774671530058 -1.2159797352627995 -77.31565711522616
5.4864771264624554 3.4522079919727227 76.91708220059164
4.84843085602785 4.191066918386622 46.000243160255394
-0.8345586717922905 -5.649885402858368 13.780051447386109
3.377654186578173 -5.541324912957734 -96.69378347981976
6.175805022438486 2.32161864144393 65.76733534377192
3.9819882088939136 -5.359486456666078 57.8083047347082
-0.9767705443767984 2.9662458275686348 -80.13934465629076
-6.248137192457256 -2.184626706872998 13.982995328092102
5.868829443858005 -3.260931071136277 -66.85953628124608
-4.093601184356374 -0.69040702547938 53.828813008696656
-2.7130806133154697 -5.678740851713811 -24.43755444710177
-2.89171823832589 -1.4502029118365618 -82.87479267603936
-2.6100194333194695 5.509460474159374 -15.911022632678431
-2.224678340267667 -6.108273211314597 37.7556733276533
6.608576068329931 1.9692522976032834 1.430105300905496
-3.8544341106429205 -0.07111126363651599 80.6972478716743
5.790979025709927 1.3638078523243535 4.9205995631324235
-3.0020321292409156 -0.7309701888402124 -66.70845740319784
-2.3204549445278886 -5.927353331955454 16.34761057058154
-6.461044886730941 -0.4939088086167438 37.65150966843166
6.163841569841627 -1.7412646315409426 39.90288933594463
-0.8942022057153989 5.767258855867071 19.85600311922933
-4.967951434193206 -4.642603105165278 -94.7617968341224
1.7590120500375552 -2.726934321926384 -69.9790137275416
2.62505213924495 -5.611702040217657 54.4732908906493
2.957060181493962 2.8612308728578695 -2.0907645050568355
0.704879556470252 3.9822472259889854 8.354883337388241
1.8113708264617336 -1.7994664902364121 70.52749668545336
-0.020350924057536406 6.706840273846159 94.41063386901354
1.6202310521105223 -6.16685033493181 -52.44665123761406
5.8778746615478 3.2748999689730707 92.86829744334322
4.270686611651552 -4.8597877699023755 -62.09098286275831
-2.4407278204279255 -5.740636282248101 43.270284655099125
-4.723835132368065 4.784115497437675 -37.98191178342575
-3.8084630193426023 5.510340076902213 -85.15799683378731
5.487451050463911 -3.6298961305446538 12.604950282387836
-4.566639858443663 -1.4362357446850578 1.2570404763536216
-6.247522329221074 0.9141255519453866 93.57283072092085
6.738464640080302 0.01776832986900187 -77.53150383533966
-6.190119323761686 1.6227290420182925 -78.6404372784105
-1.9732971353570274 6.123635060699418 49.26707769636262
-5.381483657667052 4.0006906676009875 31.1550747036776
5.9355785176575 -3.4187005353876794 53.121840348561804
6.845917086791276 -0.7261386945525281 7.40810621763149
-6.654963553940278 -1.15581415220148 -26.42365773303359
4.841921597218142 4.492162936401431 12.167406678483575
-6.477552598295423 -0.7935897405480652 24.110545350557125
5.257767913221577 -3.751851269501569 87.04811058793588
-1.734755942977126 -2.3778130643626634 44.88033928031277
5.254868192532357 3.8705962633403304 27.06368770916303
-2.5544622755234205 -6.423883216986848 -66.31878778910651
-4.127647452339538 5.141416213405933 46.4876709631783
1.533038267701258 6.813964675109621 -31.342377371859552
-1.3933701122424489 -6.317663189205692 73.62079405430754
-6.050851667332763 1.28044929557158 -51.10016983762865
5.939555408270484 -3.231162286406195 -37.93867070612374
-3.846732388982409 4.870511454650031 55.855605689219495
-1.7025655907497723 6.436500235460061 -79.95873621192852
-4.417300905108945 -5.109715110171296 -77.59040322757406
3.70020933334749 4.711605894616859 -63.817398778090386
-5.459832069314763 -3.75702462967087 51.35088229333774
4.276143499856513 4.822937553458836 19.154838321259906
-6.70690253004945 -1.7915131014427446 -63.34627819612281
-0.405840603101864 3.349444466179064 -59.31242220254118
-3.595253704753968 5.210661311597945 -94.38679291147297
3.695991894340127 4.851439162288253 90.74099972054577
-4.941484862218789 1.274406304079227 12.18852017382175
1.1850344901435077 4.659300914935931 39.17454764781146
-3.8813804406201577 4.998827120382398 -4.328750507495663
1.024322841548855 6.35567693665887 -98.56198467901149
5.71070600722125 3.0689258612044505 -3.3661509009740556
3.7713633738818126 0.6530811754687379 -66.59174963331284
1.1872257949155651 -6.21647551080874 3.2302379024208774
5.865204948101224 0.39235257890227 12.093053257719275
-4.740928118132796 3.3541415142898297 22.358506751859824
-5.4191592523064855 -3.7154938465001477 -57.377686566986306
-5.804182644975786 -3.252779714331994 84.2070462502535
-4.035256320519222 4.489573945439273 38.90487210965795
1.4436257848981255 6.452986941502571 43.074151586478514
6.202568544012665 -2.4596573049871866 63.7216487959737
-0.1200123659529222 6.573683331072535 0.6369641829083554
-6.635756560401117 -0.6850702989712334 34.34989622416525
-2.6697998839880404 -2.362940646034867 25.980905059219097
-0.4973480036849556 0.6122850547090694 49.181944475694564
-2.9067978124472758 -5.5655991475284186 79.74054919979457
2.204677013783277 -3.6499819532318787 -24.71228558828884
1.866226846994083 2.684683233730492 -52.65064276634504
4.413950946130094 -3.7559508382847024 -8.569689676893995
-4.595796296169635 -4.514496077149305 -63.452538288527954
-2.531234050149212 -5.233305833704317 -96.69547615567315
0.6470874111448182 -6.829676542137759 -96.14252460344683
-1.9277100254132442 -3.238768778543062 39.88330661854392
-2.623103570502281 -3.2082842333566126 -17.920253841828668
-4.388338501783574 -4.719882764286403 -7.377367044296863
-5.826987159297087 3.58505435481584 -27.678574466019516
5.953859332501724 -2.69186873456947 58.51264680277084
2.51929683489562 2.8530086009606523 -41.85563307068011
-5.33486788981462 -0.5766969501252381 60.11744327367794
1.049889686349844 -6.588216292235443 -79.37952080634906
-4.750911932193065 4.549375839647184 83.85972748838292
-2.0133878883195173 6.481097193421312 82.14993228155612
-5.59430289449079 2.9684998454362668 91.11097977218739
-5.834874100437164 -3.4547958051925565 70.599902256778
-5.9358153677084085 -1.6728058389618063 -33.22527562948462
3.961158642996719 4.849888661545535 -60.33927542394264
2.4186823257461287 6.19647972373137 60.28397938255379
3.1336539691271015 5.949057921463557 -26.104982535587407
-2.4334188110890587 -6.27972740711983 55.207610182637175
1.2725917537567317 -6.682590935334779 -67.21245351473652
5.208122154071755 3.831168645590183 42.52785475633156
-6.368228013454088 -2.444964815340417 -71.5367835331997
1.3840601138566038 5.88779925807785 34.41206279252836
-6.598471770039986 -0.6189099768262862 68.21222787858179
2.7187644107406905 5.528827285814156 74.88624078770991
0.10976885837731482 6.431355848581725 47.14286337751499
-6.605196513654888 1.28561314910087 -88.49494830060384
0.5184042146186334 5.699512729394793 -73.90925627351588
0.24562126746885837 -4.5734452031659165 -82.34230482089124
0.3575130968390348 -5.170802271204821 -89.04458258172717
-6.522964720858778 1.1812142547902968 19.065886983008344
2.436850607887687 -0.8337832386016443 57.541018209900805
1.447864805190856 5.7262305877937285 6.415833389089942
-6.304222168837514 -1.7561323036696626 -84.96339386240916
-4.98454542711308 4.607102927298281 -79.08211759381149
1.1110359928291282 0.6283300908999764 63.588210130019185
-1.7857183152269744 0.7590340026815598 54.23847765008677
6.59170406160404 -0.2106583530745116 18.211718968235324
-2.088443069837581 -6.2881964252476985 68.38459638455869
2.112677050225877 1.0364267106744751 -60.378678588642636
1.1813501725175155 0.7287347348702395 52.29645667556167
-5.295453415043342 -1.9689801066367216 -4.723781377575632
-6.170381016693351 2.474584532183707 45.82780776317344
0.29641280085069466 4.035896620284552 26.120233883949773
0.929511708957989 -0.20639862944921333 -92.79682181037882
-2.7840751112301483 -4.862588875763963 -80.07012733680601
-1.506938415238019 -6.23286307668895 82.93287783408142
6.040251042380142 1.5225905191210791 95.56031048490196
3.8658240444674665 5.454259459199079 9.3721053260087
1.3918883554854713 5.830938258056365 81.55837090904666
6.0302449463390415 -0.7994978934003627 56.228113900388486
6.391930617255691 -1.2377723569565406 88.39527439187138
3.692090832132971 -5.485639530017028 4.827886345022683
0.25557638885601097 -4.06602201654433 51.60654332153755
1.7068592029224705 -0.23237597730943876 -28.92915274071873
2.9361136701972756 6.016707098413163 -44.02896177049295
-5.585664046701828 -3.248809986541586 -18.857227681694525
3.784773447780398 5.084272028901522 93.74238110028209
0.48743411276904736 -6.7257509096414845 -39.024140854791476
-2.9444522084491136 0.8610640007863044 7.902829002893858
0.4789277318404773 6.570234964033068 -42.304261847145625
1.0179206007061616 6.476387213110014 66.35166907586822
-2.2531278726709236 -6.095136111154079 62.21134861232137
-6.294864522057562 -1.8822712589719535 -68.3776009141472
4.579507959340894 0.5492720166940095 91.87439419381977
-6.399734628058881 -1.0396130213392347 -30.42719805118936
-6.1024036874178815 -1.6385730985678106 -81.72875910376523
-1.9978189109162212 -6.295093959507917 58.304862325413374
-2.1354321917326793 -5.9454454451470395 -90.35432461639279
-4.795677149012028 4.24727873992876 34.5274760227385
-2.4123318931238398 -4.26874651839101 53.08623156874308
6.318346630267454 -0.15928510261424395 67.87366953622822
-0.41867533057432454 -0.9210306536724514 -78.27294506540538
-0.1463230142548743 -3.6523512908068883 86.90729924547824
4.96307736076254 4.166487816938214 -17.241669497629186
-0.04742533482568978 -6.783174660051707 -63.17585693464517
-2.1730239086175342 4.130668595524189 -30.094125689260736
-2.271579308323391 6.224405760132438 -9.927732409454197
-3.920523533217658 4.709721072725066 -23.85784635508373
5.820021301092971 3.808876243077548 88.82095183080406
2.636122213774611 -5.86188432604784 11.71928187660758
-5.285254938440895 -3.091605712513407 -42.719905177588586
2.126485476009593 6.346379994195756 -78.26781688739044
4.390315565988713 -4.560257750999124 1.07438779296998
3.9186856235691008 -5.487140135273905 84.88111515808991
-6.749925303666428 0.33377279406537236 64.56348140838229
1.8161963054301515 -6.249859353896527 87.51394545996722
5.330158853119888 -3.4726377304358476 -17.730218654921178
-3.139149141635156 -5.446242097530913 -49.86532087246124
-4.848908180147587 -4.327742207658089 -85.22344745134924
3.9117166985526097 -0.49379033832489283 65.16674005713926
3.272005789250807 -0.009887497554327815 99.55927207665866
-6.1384281057112275 -1.4629592225920918 -11.900686684998503
-0.3370010996095796 -1.2850136388681133 -89.20586476802605
-4.699596410066699 -4.407220032400994 -74.77153102390318
-5.685221877361058 -3.8143414053820535 61.76585709463888
6.15514121068146 0.49565684757629064 -24.74846744285815
-6.214288302008 2.047309748432735 96.52459733485736
-0.4172947162004455 -6.826141641207365 -71.03442667540267
-5.703115449275048 -3.697739036558587 79.95273482683382
-2.232167494172809 5.884562632293874 3.1842423829594266
5.411452862189491 -3.1324627211199516 -96.93669862498018
0.17550987303372817 6.221260636488574 51.949449499443055
2.113080429226409 -1.8251729183185867 8.418441441173474
2.1093330189508315 4.984641898205776 68.92259779343306
-2.0486942820212017 0.8197364054427866 87.83635860911768
2.1012194199286154 -3.198625638256293 93.33820462167112
5.91758061607948 -0.014818140829900572 -43.47957514325416
5.11297946470997 -2.598701214416967 74.36991501697456
5.020408814609604 4.10973147651927 99.98844155746255
3.6844940426653516 -2.3048996724363344 54.72825435522811
-6.601340784708498 1.561226739138935 -13.44541552478466
-5.422075067875364 4.150775325887431 -34.658780722878156
4.204337916760077 -2.63585322598532 -40.61377033274509
-4.954673074355336 4.74087747609083 97.4940282430878
5.935349079720005 -2.831517632618589 92.97005218914012
-3.3682991702336307 -5.517493517984096 -4.701922536038386
4.506952569264759 -3.982353800482217 32.82887807832617
-0.9149789472160239 2.8401435285036136 6.296596829575249
-0.34149090199932514 -2.4209730927067996 22.613980127638055
-2.1921433108872286 -2.225247971763027 68.0112814775138
5.5849325496885704 -1.0673652991335598 97.83670463268813
-4.174017640958296 -5.451792671109495 10.971712770609356
6.638237616608642 1.4018538373762 75.36241672469927
5.4362187295932785 2.907848581231077 -42.70920444285105
-3.94647695699447 1.1693761334869737 -27.26052293719384
-0.8628973604986402 3.714685017070388 14.340824664125352
-5.2848083155886325 -4.043973628732051 -28.70631516113499
3.101401317447482 -5.972340204560332 -82.19355470145356
-2.5026749301634403 -1.1504766493144878 -86.72749474778603
-1.3904768512980774 6.620444261667339 8.679140866038694
0.9184871877432785 -0.8158061896680623 67.66739002084633
5.681705946071314 -1.3527138490649318 36.55466282520576
-6.338449513463328 1.1927816886980498 75.20355550377326
-3.893532151138772 -5.54062746475379 66.24916504114458
3.06714878917051 -5.823564070059511 -93.85595080185246
4.364118966290162 -4.722409585875004 -45.56374805640141
1.762023447631 -1.3227876709569517 -16.281715461958324
2.9526908199623727 5.921581516414234 -9.88057505885087
-1.2631634191140655 -5.783070787418296 -7.692632975146736
3.081138956439874 -0.2571335899108704 75.80040671690769
1.6517801427198557 -6.382543533544387 -16.48311007945957
2.0537713876769046 6.289935596029709 -57.91199813672146
2.4487367571287266 -5.780383100269883 30.74887362304147
3.152767734786437 3.564682548855404 -82.50421600331175
-5.590588065050393 -3.1529803707540167 75.25983593855803
-1.9569853888308166 -6.25020473523937 95.94195242217275
3.8399158456281595 0.12238839993295612 -57.7181449358437
-1.265620280018362 5.108258760268585 -76.64323494412331
2.1451830705811603 4.459158163567617 -28.601752511359273
5.075033815447678 3.3907113900318047 73.10088540935028
3.4482187272745755 -5.428972217239264 -89.00516410041097
-2.885419042220253 -5.606572849593055 -57.64775487787584
3.9975329247167046 -5.204216721100336 65.03722230034256
4.303374383089912 -4.622967392133104 -56.109839463911136
-1.7742744805282684 1.1243310752869744 71.12177601463031
-3.512838313868831 -5.477976237076647 -60.70356407218582
-4.897646597358668 -4.399459328339029 39.15472211081987
-1.8889892639988233 -6.579805880453169 -55.143121182365306
-6.551919698965126 1.3691603184139054 -46.86729594515256
-1.3262828425604467 -6.552369877262853 33.278461795860586
4.515833094791934 -4.748790706899288 48.19389469429477
-3.8514007491151077 -0.482607733593548 21.362077251561715
5.32130484336253 -3.8701157355189153 -91.46391409044924
2.3856332036483208 5.7543281974689515 -1.3569650213245446
3.429844601347349 -5.795152263877113 81.36990943228601
0.03474260215604322 -6.40192950360267 65.46495735249884
6.5835397217110465 -0.1285483061424132 -69.34314296912996
2.922691703825314 -2.9060596534062646 46.02664791680043
0.7914443295157231 -6.787491920437732 6.609532227889763
6.4643768006443 -2.167968058166114 10.110069290824685
6.639756981619524 -0.7229809971632446 0.034842068504258195
0.6743541521508183 4.196554217064924 -63.1968479015703
-3.840628138940569 5.524946941041259 11.822090804420853
-0.7596944565072139 5.816180266921861 76.78129171613196
-1.8401123248581113 6.358632581329535 69.32823885872915
2.9111652294052295 -5.740425606397356 99.61239823976757
5.03343088514284 4.351773544593373 -28.626178757246613
6.123408466169648 -2.0697026008597326 -52.23063912954339
3.0858493059833076 2.1699916625382607 -22.54277619490581
-2.291755558062909 -1.8572802097705823 -34.61056252885723
3.4078368779102486 -5.7881047799382594 -20.814930581223678
-4.451623253174831 -2.9688766377054456 17.16011923190238
3.430367826813351 -5.139378850237309 -3.3274326744420457
0.0644795850716835 6.276763797326511 71.78090043319361
0.8227116614798926 -4.099357346512584 -98.0369316922241
-2.623820415206115 -3.992143991966944 89.50336124990969
0.0824800900386822 -2.023427822846876 -51.11266468741013
0.426929900848113 -2.3058196429406532 -57.968051938969154
6.737637400173544 0.6860102722118138 85.77454387196514
-4.14336682233359 5.188382949913919 51.089808270802465
-5.071455528723887 1.1883305269088484 98.98964586541489
-3.176883252993039 4.565219095118286 -66.04493129233667
5.704742708038563 -1.8596154106127312 -2.704398521390226
-2.152077918284077 2.491662886680634 45.43722130340361
0.3831567749756454 2.4026554719402693 -18.17547257165103
3.8720665966812455 -4.787646233636663 8.310489898205322
6.122594120381122 2.670926603283138 -92.94318635279078
-5.917406488391182 0.91571960410623 -58.767833478082096
6.631218662773119 1.353829089127648 90.22929539846535
4.799438473503088 3.7337733552878514 -24.343838340599028
-5.6391443164564246 2.1034160979183154 49.65281516573603
6.436217495411684 -0.030495930674608263 49.77051459116133
-6.649653189812957 0.7640757149276635 29.682383554427638
4.265032481822699 -4.8135903640711275 -70.69338971297708
-2.1989455793048727 5.706055174599749 -70.51026007067296
0.9817576158479602 -5.900305209498575 -10.27459587691196
-0.24587096635361666 6.664852211316703 -91.49609116198852
-0.13572000916221372 0.7019068615840062 -69.83348571006847
-6.833215974456061 0.026256071083499706 -36.0214613875429
4.451870687660918 -4.872549808521454 61.41680474943336
-2.010586756623701 4.085682023636979 -34.667460967954604
-5.152356395413618 4.411408386989519 59.92082303844381
-1.8088342817357883 -5.775570776631182 -16.7447453304419
-6.108227002099943 -2.6047385936385132 9.52635875794384
-4.079354961378303 -1.6550394834298567 -39.21209112363899
-3.7375874481990308 -4.322979353455642 13.487941462441665
-5.031940342466217 4.205694140906497 19.516599700796995
0.8085738706981692 4.5697686075789665 3.4363731777479094
-6.63708777016788 -1.4472619960464042 -90.19078782512608
6.530885528738979 -0.13202680076591652 -80.56462487599207
6.407682915872579 1.4257987319241199 22.83721819368784
-0.3587576334871754 -6.343278014949655 -99.17112881373176
-6.428716948949078 -1.6699133305767548 99.26318657509991
-2.7893559338069798 -1.5025398762423536 -8.219968031285203
0.24809104910932755 6.768504041149914 -11.689438800322568
-6.446135298323117 1.8162044802502715 -98.47581201563548
4.921679140305346 4.199625469689871 80.35293330697638
-6.762988042507379 1.3297644257509762 -39.53866862479741
-1.3672647959016506 0.40398293007700004 -36.712722225152795
-6.648675922201877 1.651789557258662 -85.02319487692434
-4.050663713721991 5.031946492763957 8.816186608351389
6.597592715873587 0.7721993853890139 27.345542886804882
-5.880549061379361 2.252888444135204 1.5354724098583097
-5.714709680631826 2.9948493758039305 87.83480348408699
0.9522080577438483 6.270288960659114 13.157851504263673
-2.9747827736868557 -5.521014725764684 27.211693400985787
-0.2115193677286461 -6.741608614444015 -4.834152219231618
-3.8270546821852616 -4.492985727040465 31.939394325409165
-2.448171933993364 -6.2278159797597485 -29.03613742508581
-3.9408837594837425 -1.0426309859868492 -55.81142226692261
-6.13553687039972 -2.3186139072914 -46.29058638498114
3.331838742684743 0.3701609772611545 -35.44418890869705
-1.2490413041977517 -5.599705792648007 46.41502053605894
5.901981791025692 -2.6591050393635483 44.54539387414978
-2.734503648040003 -2.333936425822044 -50.86739120026522
-6.192689865104302 2.633701955335141 27.261080444761728
-0.15830954149725943 -1.7036833501478637 55.216388686843366
-1.9008215344755974 -6.170278435808558 3.6378892082772767
-1.853576791206411 -6.501566988662116 -21.17177906521118
3.0006896716328004 5.687561391584205 83.9584609802874
-0.8807792739963756 6.62104179539243 60.35850017643968
-6.5890804665615335 0.759441451318184 78.5338646689353
-4.431962592869363 2.435476291042586 82.13088134567083
-4.429692596585971 4.945586255802978 80.40740092204068
0.10291639788014202 -5.784595798748634 -57.91301659844892
6.486057708215902 0.917596211002656 -36.67021655442491
-0.03054093896257526 6.416699357634079 -52.55227074072492
-6.778789209826596 -0.3271715740247172 90.64640478155229
0.430302373338226 -4.745313541737842 79.40255816493762
-4.844732349362768 -4.747719155596216 91.4572737835324
-4.223761860431523 5.208902108707277 -32.4210257347667
-2.083746935190294 -5.636204970437812 9.10053167148449
3.0771859631977407 -2.515071870334904 2.763245134866404
2.0834670552912815 6.162204719671118 87.58431446638345
3.671586855605514 5.553374243318265 -90.0616816715747
-2.7086216654450483 -2.2992149068156085 -71.10746299353734
0.6100748859724974 -0.46404929589790594 -85.5286299459047
-1.0681991674111564 -3.059384856199169 84.01341376232915
0.23695386515875416 -6.87918831127083 93.40722030355943
-5.239545351007757 2.620758439165121 -81.96875695903755
6.331002003623223 -1.9597718042565022 -28.753491375233743
3.627675522646562 2.33513659271473 -45.267760969936774
-6.124229633246372 -1.2497624538600722 -97.56423911708474
3.273835453232808 -5.729996753910716 -65.06554914070502
-4.9481891997759035 -4.1116358204756045 -36.05712300245383
5.909089731525352 0.6300001235521812 -30.79800218543938
-4.855593188264406 1.3583307942883074 56.8862660691963
-5.132379631878713 1.644204490428021 -1.4080499510298232
6.068323164407025 1.8510974546291852 -19.71905827206037
-0.32767517848013517 6.825591615086473 -26.314030565903824
-4.748925717688864 -4.600237042132363 -98.70653175016402
-0.9245559925320356 -0.4868356853007279 -1.4411744627446423
1.5615826367576848 1.6554135419558407 42.7236942484144
1.6689564200439928 5.738627415868876 -47.73796833469454
-6.290764115603872 2.115598544094813 69.44524035520729
-3.4139353471393816 -5.876583886475932 49.20279083082068
-2.127126681599303 6.006015693757774 57.78023268539443
3.5502308482601057 5.393757174132215 -86.32354488506338
-3.1510120531969656 -1.776127132271239 -93.74804038555685
-5.475928867012033 3.8187336164610644 -89.56114902057462
-2.3900930397521543 5.807891042768554 -58.03857976795558
3.566842196218505 4.380928869975608 22.632459843635665
4.373235951929848 2.528730225860677 -97.21564550129533
0.8669483375252314 -0.7057888522261966 91.36394127892136
-6.463914241744533 -1.7034860487610433 -74.44861470006664
6.057705877022345 -2.7669184815678474 4.052699588317169
3.241820364079889 -5.819976116574824 45.748179905489124
4.288813680042364 4.9913425266812235 -48.764562338502756
-2.812883731541202 -3.313343358459598 76.02364215177029
0.6895350159142629 -3.1809784423717935 5.281119416055689
4.386834481952883 -4.58760248628448 -33.16343017913847
5.468956033952957 4.367469281681757 -39.938533180807646
4.288746540642294 4.286787517522703 -20.070856903433675
6.648745364251558 -0.11852141749080253 -55.88369657075442
-5.713561799577052 -2.6346311031634713 20.831241416972446
-1.1253508630998559 4.875111869265298 32.06600323834333
2.4201737989467036 2.2405180803123206 30.313049437352994
3.645795797047578 -0.6981089366909489 5.82030277627237
-3.135656477525406 5.240140769225725 -61.7386258195165
4.954493623377854 -4.3107074822915346 69.13198853639607
-6.304432246386489 1.5894116240099845 -5.306223554276886
1.474642867916009 -4.453836378605 -48.45690130497632
-6.535791630733291 0.9305931834479146 15.334028106889459
-3.224318578080905 -5.751345605736609 -44.773889770476
-1.525215527066568 3.134729507531125 41.544872122020266
0.2454596933409755 -6.7968267362632035 52.90906377894397
-5.35693683798635 -3.5223259389159294 24.63420795298457
4.808565575388664 4.31189104483628 67.81840817015299
3.051980018049196 -4.225741948863642 -86.10848912155768
-1.1473128295204482 -2.5546654575120518 7.781838909478756
1.256054083936278 -4.859105733012312 40.086829648965676
-0.053159208467231905 -6.774529654579947 50.153233925175805
-6.439172193265058 -1.4738890892929861 -51.45448829625351
5.2610610732859575 4.17266129274546 16.089228647832552
-5.017772066104261 -1.5176700425324157 42.91928671086839
