-4.293379949575644 1.1065607817983523 -32.99542679841883
2.5822703304367423 2.3104046196449275 -85.4892298257085
-4.737265984300436 -4.45386350513752 98.34495509988197
0.43577774266425884 6.589528863575622 -3.6869105311732717
5.336080953187385 -2.8461864270939676 26.269657222567005
4.364168871340502 0.17040315211016893 52.85475897568629
3.538463241404776 -5.936233098269619 51.762723050826
0.55862478693933 -3.5727350691217046 -94.24775068281072
6.7023925830783195 -1.0257473681911544 45.92856193566307
3.140819954627489 2.8574426940453193 87.48337605526253
-4.698941296683307 4.085389727940537 -10.149942851460791
-2.408086001713691 2.0841475084005547 -38.127230728607216
3.5593710199323576 -4.045120259482696 -28.8828675054166
3.012508854100431 -1.6317112190862055 80.856044916453
3.2655293431840935 5.492140176441708 71.7228527918352
-2.884862726635093 5.157528438656195 92.41379404876882
6.519293658419321 1.6087806679113796 41.296750611944404
-4.847593905598153 4.411936305373735 14.10070141281273
-2.933017265640246 -6.229053144158827 71.0845734365357
5.656191662597242 -2.1059045935666934 -71.48357740938307
-4.906282458258384 3.749911221542794 74.6718829135616
-5.2686416049407505 2.327913651492639 -93.7152926222394
6.279291607567197 -1.0263715260523494 78.82487774361081
6.994487175502605 -0.23187592888529832 -99.09149746156852
0.7101602832175675 -6.570063328006214 23.42346680428679
-1.5922376474943876 -1.4075744397923353 -73.33167606070086
-0.7932482721364515 6.722213172375175 79.3247618378029
-3.647794033514652 1.041646235167153 3.287055394911073
4.657265816548919 3.516958348199834 7.725672594426818
4.593438989633347 4.824769708040441 1.0763076939366538
0.693715254330717 4.6804170510082175 -54.4211556843564
-3.0324087693173705 -1.0761516003070148 -96.70445469383439
-2.323288918248386 5.847471167168248 -90.63953350603215
2.0180769921129156 1.681721280346557 -89.21848772237126
1.213298309513711 5.6500758582993615 30.38395906569098
-3.3989392815998394 5.015436925960003 46.02102608167763
4.26755227068061 5.189190986432893 -55.20794798682573
-1.2665615930225727 -0.85259973153558 -31.41781847320851
-6.037818472583363 -1.8425814237452651 -23.88350025432247
4.577401635982263 -4.7259067263909085 -25.778762479257185
1.9984921266062625 5.106973582159204 -35.6750358046533
-4.0918236114649 4.8441908934365205 -52.44071710623535
-0.19978812565608006 -0.6015425443718152 36.519557505809615
-5.156672802897606 -4.365748126429988 -32.166561530184744
0.2819324276812382 -3.116651086717679 73.74990090298971
-6.136165074782463 -2.943683362532223 29.61554513345125
6.082377745815459 2.3952825728272074 -52.77312906441501
-6.517363652702045 0.8261178927462788 -55.17543299622117
6.443124433706888 2.2061137424171067 -61.985991639598666
-2.8950708838923864 3.493135277274245 29.609417963748673
5.683635551306037 -3.6483506073155016 -74.73684963661137
-3.265231162209809 5.664524131256143 -44.595738200656584
-5.650013216461011 -3.1041959719815346 -15.14924481893144
-2.557091952125034 5.6154564920299785 -70.07625728977959
-2.257112488738841 6.2411259530524115 84.8319534130913
-6.092733791672364 2.655375687978533 65.46360973295914
2.4903517478289285 1.0336150833462305 -39.90501935927086
-3.388424210581133 -5.024431841253131 -87.67421587457325
2.1460581986366893 -2.6409347173487827 61.23655311660947
2.1498049170503872 6.4092768667942694 77.67241314095445
5.84392941350092 -0.42198827202834216 -96.24602740469301
-0.32376313637876586 -6.037575325913218 -42.15726707371127
-0.6512465884636304 -4.18658599760497 -19.04102355946548
6.768902677548791 1.0483814135261187 -32.73907807323293
-2.785951275344213 2.153607810519504 -12.696880146947858
5.555251713104845 -3.4218578055598705 -58.70010548486579
2.477351413851886 6.051690271442131 -66.05042019290424
1.4988445747168946 2.4528844437849124 -94.28482174579372
1.037989822460596 6.708905843067782 -83.95030944350783
-4.925099413695839 -3.826649941610981 7.543056882904656
-5.977101508626178 -1.7483798853740742 56.53554719803081
2.173383634867622 -5.3545074279880565 -36.14044876037823
0.2874545518364445 3.6605160981776548 17.55721729812037
-2.569011978283121 -5.65217980044691 -33.31083289656087
-6.206042827730582 2.407647402447454 42.00758601563749
-1.095118597572477 -2.7750018723100696 -62.57701421973525
-5.852892962924935 2.722455539079108 54.018349782353006
-1.7783452668185242 6.35179546540027 23.30408147395357
-0.03663396271242125 -3.570505459078896 -2.0087515851670585
4.598573178447663 -0.08642572658125412 42.73190968791098
1.2108720599785523 -4.88816502470338 10.464065573808663
4.226581507011693 -4.629913094360506 -14.3428053771679
-0.7253979143321693 4.702672980258823 90.23093834308916
-3.566688826184106 4.353161970271786 63.92740050156035
-6.628976757218088 -0.7080797238411498 -77.57267195489618
6.04552907510428 2.930364125256951 78.06846356171121
5.238794450220957 4.057248215434188 46.081495873936035
-0.0035064979560419374 -5.263574666695463 14.547817812066366
4.150127540612257 -5.325178101855934 -97.28275936932943
6.6125395329509535 1.7099948476005107 66.09673950098252
3.968154260722273 -5.388808762997538 57.79847847170476
-0.9811772270187743 3.2574965695816718 -78.62539080784215
-6.344074411986615 -2.12836793127066 14.556123545329777
5.267523524582175 -3.7168032883858686 -67.62946500797386
-4.041814374764629 1.1422097395193636 52.10742473404745
-4.649313484431319 -4.848711108728919 -22.010480090393507
-2.7683448815399188 -1.8796692514154902 -83.27230030057773
-1.6009582990051667 5.754362067477554 -17.0729888844629
-1.8906560976911555 -5.84574218577128 40.013407666035015
4.7680727591012895 0.5197862259633332 2.9701205107432007
-1.2242154747420497 3.2175216780525373 80.65142025296987
5.871099027355509 3.2879753676755046 4.232740840322914
-2.7932089166277763 0.6279065025282331 -62.52126703298323
-1.887181316710544 -6.286275612030883 16.914121461432906
-6.028217064413042 -1.8731730348987632 38.405776855512464
6.257717306529619 -1.6521717096498314 40.11411805511679
-2.662489089362315 4.873718779054174 20.63599471810089
-4.769734782010991 -5.066251884889681 -93.56315171080759
2.7223133639492327 -1.5805133771435556 -66.4752061708165
2.7469337761484924 -5.551653832365824 54.629849748362425
2.878683639096432 2.144525237304821 -3.370867386296136
0.8513018027216374 4.149110724022525 9.128120568458089
2.0426865438634323 1.3346105315527526 73.10225943944363
0.059497014008853655 6.445992479032003 93.49070504998265
1.2771467402433039 -6.190414835040229 -51.825024117952495
5.910473972750159 3.24642930582521 92.92847602764725
4.258877035034319 -4.836614197601086 -62.03512827866496
-5.0736930060345635 -4.431060127858023 43.24488663671898
-4.2004199516128535 5.137308725452628 -37.29017623785691
-4.039728248040031 4.450657045366229 -84.6035881283492
3.3186734379589025 -1.629859648494213 13.070641862701624
-3.9536919297917863 -1.4295959486849876 1.1257633472956428
-6.414419608326551 2.267683828885281 92.31045520210527
6.641052586689003 0.07230731566389503 -74.92021334989472
-5.865603270727621 3.0551617831193467 -76.92901626528179
-1.8637194747767576 6.511988503197301 50.21172497633135
-5.381209831456835 3.815780690692352 31.17219186047218
6.005197876132112 -2.9964795219534754 52.75224097771238
5.927577468642266 -0.8305359484378894 7.3851705134853995
-6.822119025684783 -0.036882421281378946 -26.614182053128957
4.816541816833771 4.219143220478275 12.377530722021413
-6.097454247762868 -0.5901721577665943 23.476866715126544
4.97450087628942 -3.6299400504894166 86.9688328260063
-4.151144139804673 -3.3946603785476643 46.94146907938726
3.167734606293009 2.0704650722893416 27.063985383234588
-2.231045505547874 -6.025772068377162 -66.07230302872755
-5.3948935323398866 4.950756763728451 48.427266757169214
0.9398972636067546 6.775084744434777 -32.33425921609296
-0.8794103865219804 -6.4851747343659785 73.66823456526824
-6.107092934464128 1.152939959067418 -51.77276773387142
6.0238014740664685 -2.6756686618164105 -35.246209065214195
-4.670500274883694 4.7122194145136485 57.0218371507813
-0.36763647529314003 6.620562687409753 -79.43365142156355
-5.3071591992980665 -3.435324036542881 -77.56331394577258
4.8494428504990355 4.100784002667979 -64.8214173346735
-5.016449987687693 -3.4836287889975326 50.52525640967874
4.459731640820188 4.932120259056141 18.659850284014155
-6.477808144135853 -1.3939694558533524 -61.609359952790854
-0.10609618055868505 2.991073524331043 -60.756834669473655
-3.6417370800135567 5.449475517148457 -94.41672279192929
3.501971085125942 4.730445920410917 90.9517205482084
-4.704034558414322 1.4314905246841643 13.936387380930707
2.4784269212348895 5.954340029193189 39.14916199643414
-3.8608239035871774 5.584614802948536 -3.214855388765009
1.5363471094343086 6.547845733305949 -98.93524378911448
6.068076765031049 3.2226048527408873 -3.7321815644869605
2.03061572877104 0.865085767366847 -62.57270802314374
1.0662415206896392 -6.443284232760135 3.2263778244416517
4.259503227554941 0.6954186526394384 11.869344300638653
-4.408912497514435 3.1784658896914064 23.09756423079487
-5.344739150947292 -3.8830178074056794 -57.852851341259054
-6.628216364530164 -0.8092238650487502 82.46714572367885
-4.729523598391442 4.176405177639957 39.636389141829376
1.2775930310336927 6.511041280606241 42.67481314003378
6.4187144050709115 -0.07558433723270999 63.50243478601884
0.3320299259873046 6.497989550297612 1.5460871249740171
-6.297368466842551 -0.8485127141407646 34.75853788221062
-2.9006569097834123 -2.1406376167327372 26.934162533450706
-0.7557281576222911 0.24012355875244154 48.814216598992694
-3.007724221489846 -4.7892335861690425 79.59394135106703
2.729769945027079 -1.847789041590977 -25.72001790858109
0.4121698235973722 2.4668678597144154 -51.7337167560603
2.919385933061527 -4.947186876666582 -11.395797155921164
-4.347931472331182 -4.80444780451285 -63.62291194558495
-1.65279643590247 -5.8101540795994895 -94.7272526788937
0.613386902730894 -6.872568089659354 -96.33354197008134
-2.105311592493128 -2.7330640160283624 39.06520680902325
-1.1554288273737203 -0.4485436665004169 -18.08662223320139
-4.846498024261097 -4.625322873409846 -7.643084046806317
-5.614132066722342 3.356161426859476 -27.54266448697597
6.0589578029810705 -3.064170652026693 58.153342962024475
1.5703349538004603 4.247919990565574 -39.83420232587251
-6.583601492907224 -0.7118707977972397 59.6690093912133
4.990711388882361 -4.440063019730743 -80.37029515014382
-4.737212457439772 4.133869099990606 82.41913366281001
-0.6311760779282773 6.584374360159474 82.35994135846845
-3.171311708773976 2.854270074623081 89.97099452230479
-5.863054618583743 -3.6484691718645945 70.11455560561383
-6.641979699153712 -1.3698869958000925 -33.207850160782854
3.808332753565215 4.662122974129063 -60.752199936670074
2.808848677379323 6.062308684304817 60.77510803350882
2.8968827303333184 6.04151715493157 -26.23098804502117
-2.6649706664980846 -6.317588636755784 55.092909750567614
1.243858832723573 -6.582795952862069 -67.24220359609956
4.59881714094168 4.213554504082527 42.87334773087996
-6.408164991306858 -0.9437421039842606 -70.43359622114738
1.8027319608185548 5.792045852356393 35.44851588650389
-6.4031218142333115 -1.3548608856523907 67.63794692064116
3.992318375712634 5.573782180989046 75.47555394658264
1.3836177135616101 6.160726598347926 46.07017627016143
-6.063582859724024 0.3955650371564744 -88.04964348121527
-0.31083839495091525 6.334880200065089 -75.17002096126035
0.20960681421116323 -3.9664796753954854 -82.66348729938375
1.412286527402216 -4.323260118576619 -91.08708481113896
-6.49103897930491 1.9666045266738217 18.63208514034159
2.661891263074632 -2.167456099302928 58.35358546895315
2.0923821874155073 6.126902732542531 6.154289914240943
-6.5445902573872345 -1.5240860783535226 -85.09479521178508
-4.354382135449603 4.731832055065517 -79.92183173675456
-2.233955610517165 -2.0800436612434434 66.15250634085501
0.43328459133149 2.3439756206585303 53.822006215810575
6.633328448177103 0.6770607918743647 16.2214582747674
-1.9277568501947446 -6.375729747831428 68.03025814573999
2.4667950231597984 1.8832015401411148 -59.893534318351
-1.9575285625566246 -1.7943488112743735 51.509240363985654
-5.518816722582202 -2.155589012043702 -2.61727888914238
-6.41070650181477 2.4421533191700275 45.6863962742869
-1.5545334762214655 3.4477321552185654 24.605041296901536
-0.3855463601905243 -0.26124992142831543 -93.90222763786635
-5.306831477326107 -3.9033087344836437 -80.66329300206333
-2.306783757924981 -6.390795196799789 86.83795974066766
6.369504841014098 2.2779306967094985 95.59043488476323
3.754650221884574 5.528249193814348 9.694163722669673
2.1679920007088147 6.2175837944984185 81.0498936683728
5.768244068363706 1.6838340143182924 56.161651287981954
6.559736636523621 -1.3800977297774486 88.56842137797892
3.6923501911623946 -5.370142092492036 5.033983527484639
-0.3479143615423765 -5.200724247398239 49.951256555469406
0.7047268843116176 -3.189924319762466 -28.561644575564227
1.8525221207249625 5.727339121915234 -44.23352920719029
-5.49853548829845 -3.56266068301355 -18.6358496122272
3.8763865045303736 4.27477565082074 94.80684580650937
0.7564531975890584 -6.738158604557547 -39.48938217333234
-2.420048816306042 2.234274140717104 9.324118671507229
-1.9992139899493668 6.443657991067403 -42.047442713157935
0.7674000439979713 6.729196924496658 66.76348377165972
-2.8392924087662186 -5.045242308195945 62.40696400349111
-5.683355655999131 0.8152160008525506 -64.60267585813547
3.363573162684569 1.2039508330941053 93.71701596366216
-6.8619742180051775 -0.7368147435360259 -29.90435996177991
-6.44758081420829 -1.5394687278901888 -81.43951593450728
-0.7803042260576021 -6.4410502532824925 58.43352308633295
-2.285052514288675 -6.349375763893081 -91.34140493012481
-5.354295894955382 3.9567376437169357 34.55800939443601
-2.718993925940203 -3.7337890124434576 53.37827437263982
4.753333011984955 -0.9712397362378178 68.40424926662577
2.7662472861041407 -3.2544001713801514 -72.42621656024146
-1.1213503575897785 -1.4983015521814123 86.03757488255506
5.442177988180536 3.86039076246153 -17.05240116067209
-0.07311827704201884 -6.582920812162503 -63.551885321585544
-1.8275451818803523 1.9786685472450993 -30.221061952369197
-2.675037056300108 6.227287751719594 -9.873464886877263
-3.842579694054539 4.5112290833575255 -22.193354144131256
5.766305130453592 3.741530087612752 89.44081134942645
2.2155820041742507 -6.229730132506377 12.704202647609254
-5.947566116915089 -3.201839341416592 -43.43706399588322
2.6519354812677403 5.988305107985541 -78.79311326719353
4.90720136409326 -4.315605675236128 1.8249272774629888
3.016481756197516 -5.2108332439576195 85.77536256026075
-6.5405924129688655 -0.29667929127268633 63.6453737042482
0.40491146278919476 -6.717007680936043 88.91712557159762
5.933556515300622 -3.0022465120741875 -19.21516891902656
-2.7959617654482294 -5.213441519920125 -48.958971503435706
-4.256771486364177 -5.288433699843179 -84.53436050472851
2.8347066383226833 0.8759751297638347 65.36446477487777
3.6882693295051756 0.7155467127761672 -99.6407060345469
-6.010006906347622 -2.169852736408351 -7.092456698592811
0.5524850206453353 -1.1057997106252841 -88.58486316708066
-4.5234198890257264 -3.3335955625607876 -73.99571593273431
-5.5205741524468435 -3.1942316765210514 63.39802820892745
6.457842740285092 0.32700447438345226 -23.456942097307188
-6.530664984023059 0.3327734115688763 96.79343172211317
0.8487260283539401 -6.6198359869140315 -70.71719462774655
-5.754492984188843 -3.1517108502554727 80.98504862520126
-2.5938994727460574 5.80836937589098 3.310277766029407
5.622679059447492 -3.1733540006677803 -95.35998815513481
-3.006311517280722 4.406338189987065 54.50427972350702
2.5836858404988776 -2.162443482327136 6.874798022550284
-1.048185526212252 2.201517183037661 66.13116922296544
-2.4124305695031074 0.9535109005852233 87.83519427214394
2.9044829649438304 -3.8003604905027637 95.68080725973603
5.907544971872957 -2.7834840386529622 -44.554149469131495
6.082845213173584 -2.930285407616463 73.97513424895551
4.857321156653369 4.336931575264962 99.69773955182247
3.2215418677197993 -2.435503438561812 54.78538060535859
-6.910653036847627 0.46323800828768424 -13.636821785687362
-4.528244827646007 3.391219344766075 -34.71530402881464
2.3457938479813913 -2.2894463845330053 -37.48301830118523
-4.719649960440566 4.556977244073686 94.75861698943065
6.420826510614519 -1.9316338235579107 91.93145552499789
-3.3954077492905452 -5.002062107633446 -4.528424577044845
5.221811730600079 -4.305189743019392 31.97512177156829
-1.5159913440764707 2.8152908814772757 6.222136640953459
2.504254701020337 -1.3306347820369129 20.249748906037773
-4.410249691512075 -0.580847011265497 71.08337186316867
5.3050396927611 -0.4917527926957631 97.0653047856328
-4.335894360209311 -4.443117882368415 10.571857631481832
6.4263930326207745 0.7694262597287398 75.54149392435555
6.142169066402494 2.6512665354655365 -42.77166420362836
-1.0371676699658203 -1.3326504683730331 -26.932944784866176
-0.3698455613340133 6.943431510359808 15.711891084468316
-5.469945092828789 -3.379722363663405 -29.48767439728715
2.932374568867626 -5.885062548151373 -84.057400111071
-1.8882357432536059 -2.0371146799361677 -87.09222454530834
-0.7192938135580143 6.600143206048469 7.313962217411531
1.2522200216105162 1.145568275015521 69.15294528601385
5.32390219420358 -2.453034126674639 35.96899088985962
-6.525641540739914 0.46332080888841987 76.57604302917609
-3.572260189631532 -5.835446950947789 65.37638481509211
3.0817853087977727 -5.798048722675105 -93.77467808915203
5.07142952948622 -3.8065813483842246 -41.69800357099918
-1.6042728479040043 -1.8093001553452275 -13.756723534679303
3.2663170258800553 6.0511425004022135 -8.058600804045872
-1.0568324373110587 -6.53873472177961 -10.243854871415978
0.8235019814177895 -0.7904845479758629 78.90116083282865
2.712150006837044 -6.114762450815287 -16.929614455296242
1.6794453743523872 6.492469500260034 -57.91990231809981
3.192015360732273 -5.83146079046876 30.501973315491053
0.49832053823331907 0.46235683890429735 -82.90396940223603
-5.758637599113548 -2.7155300293301408 75.55890535722963
-1.6791686107248602 -6.283182910086202 96.82294943900223
4.069049345097967 0.40940234904151174 -57.74967217523158
-3.3435222935291673 5.123512978654201 -75.5887388721924
1.7142520892756008 3.168789755981412 -26.98384545213405
4.671463191944986 3.343101590524831 73.51270057072232
3.920366992936634 -5.16690707166076 -88.14843061044391
-1.758949716429028 -3.6741213188136723 -57.72796306864434
5.036512599054466 -3.9427969460324244 64.22814092880657
4.248167381925703 -5.090841847460934 -56.02392349255814
-1.6181818204872913 -2.4774942269809004 71.15770655047473
-3.9305762866150697 -5.3692539150087315 -60.77144832684236
-4.9931599499776 -4.652828885129431 40.346579868239516
-1.91733442261523 -6.008315128096558 -54.81928261742477
-4.5106566411747755 4.731518495238445 -47.89491265143889
-1.2758614813965443 -6.293669456604822 34.07623077560331
4.483982875374953 -5.048225104020662 48.47469521491379
-1.088504559153663 1.5776170405924905 20.221297285027998
6.861702311360407 -0.6827966281824132 -89.84860171243463
2.488049125911256 4.713708490674281 -0.8966217263173009
2.682087206776937 -5.842818294654735 81.3409346240559
2.2719514602631046 -5.952120744764478 65.8920913019396
6.562956804601321 -0.45082082056074146 -69.34199259998198
2.9602553607393784 -3.3418111964416717 46.19827432598743
0.2731035153202465 -6.532791519293047 5.925018663755834
6.4565363511034715 -2.142184315363676 10.105206547297868
6.320416635100971 -0.24875213268895102 -0.35590540813309934
-0.07587275331053789 6.343048497339995 -62.26805136445865
-5.857904365126219 2.512491228061372 10.217280605183147
-2.6718016890270624 6.008368139300236 75.46614962611012
-0.9501388194184996 6.55950112553845 69.52928566847659
2.5948587999751767 -5.429614404727617 -99.89108834618914
5.467915634971936 2.98791652624484 -28.197406744022228
3.298611477655515 -2.7960753650146932 -51.2824008977029
2.94776749087178 1.0370830496175514 -23.90772347432736
-2.183667987558357 -0.32814850850729693 -34.45093775204618
2.4548754619621276 -6.09552066159691 -19.61553241963939
-5.3094098184888034 -3.795476045824022 17.95516606812874
2.79483017860189 -5.695075069629225 0.5681438538731993
0.5472643691508451 6.768318460475044 72.98063586204958
2.811468139545257 -1.8727381214852232 -96.32254450721283
-2.6483691761901547 -4.521779281802482 88.72530405474566
0.10753496938510396 -2.805744407243208 -51.22553976761212
-0.7129388254619148 -0.7936707910778115 -57.05201231975043
5.247269090035834 2.5264223883890766 83.30670719806973
-4.684904740493094 3.957549266309827 51.403756871399366
-3.6310802560361335 -0.05385080691062846 99.45194302373686
-3.4181804573051666 5.799032863160322 -66.92103489730289
4.73223681002207 -3.122185257082095 -1.4581685958738553
-0.6321311611269081 3.752486578389513 48.2803804834427
0.9014940461560904 1.308051207649483 -19.832934371310536
4.970457276260316 -4.574753988841144 8.285439420830645
2.8709944666510947 -1.2100963087342087 -93.1954778230662
-6.16264199567187 1.007051367670315 -58.626224983155964
5.918236465058783 0.9882152800598863 90.39672257310811
5.380704543567916 3.508549653300841 -24.365511866226818
-6.560327805419169 0.9165008843053776 50.4147346854362
6.264636332906441 -1.0539873062326597 50.02808214304595
-6.624212581505419 0.8999752613764382 30.370910493153474
3.9158445988648793 -5.253192765149073 -69.49296056646924
0.7225779843853697 6.460556055945588 -69.73495934106457
1.2711801034315051 -3.2451995170883516 -8.826872226303335
-0.7231202496308703 6.344913669620196 -94.99248659658375
3.376036091839554 1.072341907042143 -69.8432017017521
-6.751779945019618 0.8585361440908876 -35.26886198771346
4.8433661451854295 -4.174408491661181 61.13868553869683
-0.2537215318709884 3.2607229744952337 -35.54015886136888
-5.5075512147675125 2.127256523422015 62.30200994591799
-1.248029108540028 -5.76241657500783 -16.721704832271918
-5.759283971209813 -1.132903281508388 10.271031495049595
-2.529799831456732 -1.3207159869643608 -38.75845567666044
-3.307002833380566 -4.104463820640021 14.495631720736128
-4.593864834649983 4.310750853493509 18.152863428201826
2.6517426064928995 3.7053655876871083 3.540463748379785
-5.885121027892362 -2.9468783805255945 -90.16634958621208
6.497856409306331 -1.3643840189287906 -79.88117804946944
6.474116215697884 1.06722321035042 22.34985308393884
-0.5227181398220504 -6.00091360781492 99.49666307004269
-6.276642558956006 -1.829663321740233 99.44195427427735
-1.8018841503802205 -2.537410813958002 -7.703959972616164
-0.9768700470780965 6.610323078984342 -12.814886231929217
-6.3144914965153385 1.564130178157166 -99.1144984130568
4.675549108293698 4.140793474875822 80.39139761437164
-5.971394790960709 0.9551577002246285 -39.76707759890726
0.002616798184907135 0.17350027817874375 -37.22333901357585
-6.020841623923634 2.1185041200527257 -85.28070268029066
-4.3449627376105875 4.704311271451653 8.839574550394087
6.561152619946745 0.052305929202866974 26.40048348496328
-5.117616871527687 3.2747159561595107 0.8636793571123038
-4.006048178422881 4.802900164531252 87.0290676510587
-0.8697102809178066 6.398920290812476 11.292684413601206
-2.5880157912984942 -5.776351782405601 27.248307318751205
2.045830344592831 -5.661216095651347 -3.6675566948879874
-3.7403432771531935 -4.662278610011326 30.53385938161136
-0.3810222192437921 -5.161689659153338 -31.42630026715541
-4.172830293493252 -1.404227164598459 -56.533149918778626
-5.863052438919988 -2.335955374535527 -47.131201303701445
3.103864218958343 1.2029830768551673 -36.33835317064835
-1.9227261045926927 -5.705393467012189 46.54221609555255
5.442887473473194 -3.2200818349808507 44.32979768062185
-2.814177817313669 -2.148983135967169 -51.08606695004048
-6.428002730583869 -0.06301745802846928 27.80934153393804
0.35761579228448026 -0.8356126840451379 54.43901656444122
-1.7412980029125837 -6.399696059894605 3.442115541865493
-1.912818961053618 -6.292391390629603 -21.071843417047216
3.4864608228127465 5.480148974274529 84.0916460484016
-0.2905417002093846 6.838448370269381 60.76352703429215
-6.127753725882826 2.704218830397702 78.60742142150319
-5.378739373047436 1.886914867664419 85.76038605807638
-4.534503843935877 5.126065740935009 79.71230658601856
-0.971910275206593 -6.765437255294536 -60.89485098297919
6.779233611218945 -0.6685453942962957 -37.71426143792043
-0.941706524580473 6.370808392451805 -50.75527694142548
-6.597244412522533 -0.21583115812426368 90.17899792423069
0.6693918960353921 -4.358187035405043 77.9292493138698
-3.7328676044013154 -5.370316141601715 91.54506996852598
-5.03380246793563 4.714925941907008 -32.01885275676039
-2.0453995509466565 -6.1501791262011745 8.711288803457972
3.0526780304722467 -1.714455505935942 2.439248421471904
1.184293961773466 5.9416711450564526 88.4030036650891
1.6406979856569255 5.861195286873095 -89.81034765685581
-3.587748120541964 -3.9675398309688354 -69.1866051184041
0.318430414318441 -0.828984033248479 -85.35847529512274
-2.0324786067172766 -4.21921568195572 84.312447293466
-1.2313730791906579 -6.636659373008825 93.2110816666766
-4.616506486356194 0.9817654066248519 -82.37529728401836
6.329879127409858 -2.040518295178304 -29.170541164558546
2.8689462155337324 2.576860114121353 -46.26515052991174
-6.179410370240665 -1.3574448164227402 -97.58889104280347
2.6336230202463184 -6.33920854162571 -64.73990342936615
-4.67754627405003 -3.3569275749117726 -36.14916804401835
4.433101712855249 2.7461859087052494 -31.867536851478903
-4.337269255592056 1.434525927345599 57.00856634191339
-6.028349241856473 2.5100966167537844 -2.169825208764669
6.705813945829221 1.1144503983428031 -18.614774313836474
-0.3318558915553302 6.5452349195935655 -25.517354900935445
-3.77702324623304 -4.0990092105592755 -98.64570590431903
1.499600443789886 -0.2667909170212912 -2.7560923169996987
1.2623275173969524 -0.5647782568015671 41.80471875450065
-0.9681037600160547 5.468435220387846 -47.758318211237565
-6.6222698496806 1.9763231677611837 70.25369082122337
-3.2532212591114624 -5.8427783800672195 48.903417725303086
-2.5182716454428453 6.0356661774462035 58.095601492824514
4.427206709367933 4.824872467512564 -85.95260512040984
-3.2599264729774964 -0.7711575041134993 -92.34060042956338
-5.395550409264609 3.8351641763863715 -89.46032249069464
-1.502788406144898 6.266417083257635 -56.99230170104436
4.765209578060312 4.2845824029979305 22.537127619315584
5.262477359615594 3.448004033602868 -94.45535647634163
-0.8794186055534179 -0.026167490751624084 92.29379157539037
-4.9032016432718475 -0.1439376720965224 -74.04866088547097
6.705237859055543 -0.8804351757849577 4.081517536623023
2.180647770097603 -6.272716688301172 45.111323296716556
4.206335246913015 4.721772853221789 -49.252688395939984
-3.96446069055952 -5.316667662751077 75.77972459922323
0.9356804213201171 -3.26448891251655 4.66744690779211
4.6292207326383945 -4.642805177596954 -33.7282325490531
4.107818834088587 4.898158630205613 -38.28996773407604
3.8889068422044484 2.711360137489114 -21.24932663971587
6.624498911098361 -0.23124534714561917 -55.95050113352209
-6.422868677377334 -2.0747869002170956 20.966076292060258
-1.8536216078485377 5.257974883520291 33.32277743852179
2.1903234503648945 0.43507063471809126 24.245895105045577
3.6396811458381597 -0.16009462854143197 5.3606478154273765
-3.5545242972286513 5.658195678773809 -60.58198105253566
4.281604910891544 -4.789970172914925 68.79099422686349
-6.016552927821225 0.7083991142331635 -5.390370935679433
2.714596147733162 -5.5829834973678 -48.75810123586439
-6.857769508268188 0.4226131880688831 15.503450024432222
-3.234822274792909 -5.555692246880886 -43.65771372236498
-0.6117728804288629 3.0057680181946753 41.618352642547165
0.3770150203827104 -6.782382611726115 52.77289173384245
-4.685554072216286 -3.9567773852353545 24.435937462321707
5.08130361900645 4.624069484759883 67.80376795834245
-0.23398397756717687 -4.807955464194875 -87.05407079454542
-1.575554874674068 -1.774641693546061 6.958924885179665
0.7570741685050307 -3.6941383713784774 40.57653402207689
1.2076588451179218 -6.144365278711884 48.18763385819568
-6.172898139188657 -1.9543441413569336 -51.36401313967016
5.530428692140993 3.5463117108098974 15.252228243927993
-6.713735386039485 -1.7906035551807151 41.87931877992079
