-5.047837984020277 1.2438695781583102 -30.280763338075307
1.0992214910428608 3.6494682574202195 -86.65573057878518
-4.3883391028327345 -4.678593475327574 97.55225140746843
0.41531561623284935 6.682302227009618 -4.912785249333803
4.587816600580179 -3.4533841286696103 23.917704939525024
5.8854622415427205 0.7975620352362832 51.768239941060486
3.9995300297256215 -6.46965312724646 51.075230101887286
0.9294257985857342 -3.636702261765635 -94.85076068270824
6.563133623269877 0.7654390898005077 45.646915317480065
4.230765620655785 4.778361827594711 87.91752510046743
-4.66709725060282 4.546675413805978 -11.209499421750737
-2.0591173285690343 3.3086073319846214 -39.68815618456078
3.3245323382735537 -3.9476927595265665 -29.03733957617965
2.0931759589197734 -1.455806781429229 83.45433631348597
3.102807382455453 6.093263877151488 70.04941208105915
-2.9015975093967485 5.122232907437633 92.215184700864
5.31975241415018 2.176617244415349 39.65045729915719
-5.102783667269499 3.958207840134943 14.484374233049454
-4.144736979775774 -7.11089747442189 70.85299504686255
6.2995960557206665 -1.9943669339528043 -70.28914263685282
-4.342336833647438 4.422885033933234 73.57138011064818
-6.233461795612303 2.5816481348357563 -94.18578325325156
5.645176127541044 -1.7017673636431447 77.47709659834314
7.059984589966617 -0.19015196251181127 -99.0047550560657
0.4656162513096185 -4.016230425748752 22.22991536444768
0.7137346282307543 -0.10201027930399253 -73.23280950956897
-1.6860501038721898 6.575478451226696 79.72096950025572
-3.567802095607175 -0.903795724200207 3.2672827978717756
4.7559228235666415 3.039819537233761 7.168431917755192
4.450465546587461 4.944862537127041 1.3459662726102002
-0.00956892421513772 3.8650815019862987 -53.64383047440805
-1.982268851793924 -1.1672997044939615 -97.01602043031325
-3.0251652393550255 5.977177733029146 -91.09353503519797
1.4406256225192273 1.0289741020203707 -88.9830467062909
1.3231095656561367 3.1654158532580263 32.81386930221715
-3.2549290149968466 4.963274809886005 45.00663093550016
3.6094885838990223 5.4809654148018065 -54.091025408621675
-1.0613250059920114 1.4905441421462615 -32.299806195301784
-5.943602726894895 -1.9621774094312265 -24.172527411144326
3.8915604663919914 -5.571552772946152 -25.317729846622072
0.40654275392813966 6.5482560914694785 -35.437389747628
-4.234109354454599 4.952522651737582 -52.34205026426995
-3.667854799410543 -0.3039942079877219 39.11463698631298
-5.183408252042354 -3.985794591417149 -32.5854382526192
3.188667560508812 -2.4388032479864514 75.21116055955802
-6.025912789612269 -3.5025287716877287 29.134694853005207
6.179993124463039 1.8160834765280993 -54.02187887893436
-6.373321143299994 1.1554248963312659 -55.29710725550952
5.096602675588212 1.2981032948135547 -61.48728432426863
-3.228041603351689 3.812372751509214 27.14428538030764
5.399684690298432 -4.0248449214824875 -74.86214137960066
-3.1522266589202244 5.694285662501144 -45.70548431883886
-5.873819179527529 -2.4482475143193434 -15.787358893276725
-2.8196048647255263 5.464085397552389 -69.67106205139078
-1.128979723974716 6.097023885195433 86.45426276143591
-6.025928467087809 2.769178119494283 65.48631128335622
1.8961118328413327 2.648129067330402 -40.428504847795026
-2.8711003723903064 -6.195996906616362 -87.68359693180896
2.094953468796623 -3.2138423267935683 64.8051048381898
2.0917172084131535 6.357584585436153 77.57783987817065
6.301237155526195 -0.35533655484873483 -96.35285592051342
1.144301681744701 -5.993482557402362 -39.46244582907765
0.8180632882885476 -3.5081170964009716 -20.264851641718113
6.554999908682948 1.1802515812891583 -31.910806499443456
-1.0579569525385855 3.6771265300084672 -7.571727114005464
5.91201537812625 -2.4733437447084152 -58.823292704789786
0.07138487217693956 5.6538308860740925 -65.69622755464135
2.876013090084292 4.7727601223562495 -93.88599214854618
-0.2542515773773806 6.77828715405916 -85.04899365604804
-5.536381519488901 -3.7032236665772804 5.945379304292677
-2.192356004793899 -3.9383223614846736 56.759573859322245
2.1206994662202763 -6.087183244308542 -36.36398084270597
-0.31038953834646354 3.6036836130522794 18.899472113562155
-2.8043584236185204 -6.2245811867706315 -33.045358083883904
-6.514359944768571 2.2640175664103945 41.66981094996415
0.45656503238002955 -2.4548582052454444 -61.540320954340466
-6.214892236754386 2.80250944704552 53.70618367581156
-1.8296243797165508 6.149891074624148 23.79909018162733
-1.9186311982870967 -3.5160576861483444 -2.6514504334131934
4.662702340921253 -0.05096457004623966 42.687283363280066
1.7141488708272277 -5.267834153805069 8.75413777849228
4.571114219993191 -4.912685740642963 -14.729993087396677
1.3605229488129562 6.221513126474843 90.74559465814116
-3.1549681107203704 5.417595787036184 62.269026443319525
-6.64748002073872 -0.008789461542332117 -77.36510726506366
5.832233830185733 2.401816170841053 78.41369190871298
4.6979463990286 3.5265958410393705 46.74143755154386
0.5138080102375002 -6.617671470767841 16.820299604415347
2.99970149560861 -5.826765485256522 -97.47250852504331
6.491142589129474 0.497810271413334 66.97016795602653
3.3113206441170155 -5.1878517022730755 57.91296680360884
1.8203936965123968 3.3673151052123127 -79.51150815046479
-6.5917486364744615 -2.465169451951902 14.882926593871524
5.276128302109601 -4.003327750637447 -67.12932801099684
-6.559111920143126 0.19410143574366298 51.97363112744296
-2.56984323706125 -4.965869708490728 -23.714196853664486
-2.931545893764013 -1.766919041844951 -83.53912103269818
-0.9832394793758339 6.715573192588233 -17.257335043219676
0.44786150211133136 -6.724203732385022 39.56943321182645
5.502293974763981 2.1356503479299405 2.209743753659437
-2.8405816934738146 1.8346158714769207 84.36692733103769
6.68436884131194 4.144403826684951 3.71605458524225
-0.7220284639435515 3.301993746304007 -62.63375769835348
-2.557861096060978 -5.239641710284792 18.21494823661975
-6.1238674150130326 -2.6440854325797765 37.88219973434522
6.598466826176379 -1.6011004823282702 40.299434526253826
-0.3776346866216985 6.7892355986896815 19.250066822233205
-4.628091681820098 -5.515739932314553 -95.30556593201668
-0.961117692863288 -0.8451232373784816 -66.10951580953304
3.675421840330631 -5.095602276144571 53.90518264816639
2.4608791843967612 2.3923208428136182 -3.9571164096038864
1.7486949023189406 3.1975581395356003 10.070128814154064
0.4975188907545339 2.7772569311813866 73.29565695814847
0.4919116357653829 6.268486913307377 93.69778058028425
1.0588000840092477 -6.671729401359076 -51.344958104415674
6.119548169892881 3.047679846645688 92.93383045843201
5.827121810232461 -4.183979096365417 -63.21648176772456
-4.125597421285934 -4.837788055180198 43.223220751615365
-3.6665024170165297 5.631594571666479 -37.124216372214846
-1.5215855611405007 3.5812988984026637 -82.90612414537131
1.8471982374767415 -2.2828917757431673 14.195211406894963
-4.679517842511193 -2.998968965716658 0.7518735432353797
-5.750146185107365 3.776554400030788 92.27090758830626
5.995434144289097 -0.5484132921727012 -74.48305189708422
-5.871985450115307 3.3761843190532628 -77.15841804054017
-1.5380680494223105 6.53028037955159 50.44053371528611
-4.880578762380884 4.573793464975727 31.15504419794341
5.941328932444768 -2.743487249202695 52.91706651344423
6.592113078719473 0.8458427909756779 7.373029301643701
-6.583756650489966 -0.47114443611477097 -26.76392691336609
4.308085041368192 4.511655878267173 11.981110109673597
-6.280692971897165 2.1236396484132776 25.989717948866808
2.5319840386083445 -5.820832652600049 86.81160603808998
-3.4280650535679915 -2.0193463677297756 46.08406224201167
1.3386584920390043 2.6088908300353526 25.346921248373185
-2.0320664144668346 -6.420096057305084 -65.95285497922778
-5.66783552369834 5.952913367288667 48.04262842120299
0.39250541705031244 5.57041631362144 -32.369851931883886
-0.9137992494441215 -6.428471995820426 73.5735490862704
-6.741407171538927 0.69595992552476 -52.130093836613284
5.945174233786922 -2.499734958094349 -33.98741856463699
-4.961552225148849 4.475590132801067 56.341871034811014
-1.4312580571616904 6.66211293305965 -78.0852338832855
-5.054903172045346 -4.745651098818997 -76.22023711461584
4.98633889890309 4.098562723222846 -64.1752555057008
-4.712699976223239 -1.942322047841411 49.330195737107566
5.334953426058434 3.784450919567013 18.305905132082646
-6.69255419255955 -1.3697066205511519 -60.27275714642274
-1.5618382955443728 2.3606698844183778 -59.82631836948907
-3.68652678747065 5.723528893941601 -94.51586260370074
3.6630934694987145 4.822833954487186 91.01714372650169
-4.527430801855635 -0.1700040638250845 13.866765345661115
2.1664252950710305 6.400266822024863 38.5077394047381
-3.099371371749556 6.108036159591494 -3.362164447195316
1.1063356543023184 6.4471200142122695 99.45061723563677
4.943887543980851 3.5970953072135745 -5.81300886751067
0.9441737187542915 0.7882096138495467 -62.32657705665844
1.800847966484631 -6.307101204725142 3.656137352884732
4.079392135539417 0.2584410953967344 12.004734215576818
-4.351319774996161 5.2477581890881515 24.82595305566205
-4.791332187007191 -4.842967221007925 -57.92306436827009
-6.053741035006057 -0.32781726410970663 84.66173509603401
-4.41509013764414 4.839683810909925 38.917982746629626
1.5015494843919994 6.366349904849838 42.71973327817454
5.70715224372886 -1.8689112980323535 61.37478427309864
-0.21201752735025933 6.482208084626052 -0.9578072545361591
-6.190445170694591 -1.1943199923381482 34.84717388587249
-1.827593112867893 -0.43034783822280265 29.519016886555153
-1.3275700724918753 1.9680722853345842 50.73636726803561
-2.6162758982149414 -3.3696052761422766 79.08186380576713
3.6274137751600497 -2.182859354574005 -23.99864785702357
-2.09919852163107 1.5973635101533201 -56.01607536083935
3.099073629938164 -5.772092985071383 -9.29026186336813
-4.246514531177977 -5.1354535734036615 -64.24593745801249
-2.2399268283133447 -6.505119696300422 -94.57154740445954
0.43353116911483564 -7.023110372994399 -95.39479331932
-1.5626520437944826 -3.8978818669605113 36.39221277878251
-4.831946632208086 -1.5759904364949542 -20.74038004564836
-2.720778657444507 -4.867917978075786 -5.948197539337828
-5.865866894926198 2.98152827336686 -28.245854139819258
6.289274492369601 -2.586557239971948 58.71479868576995
-0.1971871167298233 6.0396798743866 -39.410525046542816
-6.5536406642644405 -1.6080952615941126 60.74773140424095
4.534527304296652 -4.312814121394975 -81.06435549757592
-3.9766892947655585 4.290587725877435 81.89928191403386
0.18626092255496118 6.280021094805109 83.17558063501394
-3.5432084883213553 2.472064438250972 90.59325307430892
-5.99764697859804 -3.4289736172855942 69.97259807849571
-6.28394790728678 -1.1438995089602715 -32.844057565432465
2.1739119133981935 4.466051751272358 -61.07780053695621
2.1077351974552885 5.317214895416854 62.243946614709955
2.7284898268458253 5.730220093759377 -26.554824087842704
-2.6017895559061013 -6.461160413623107 55.22373379159042
1.4596889493918814 -6.4312744721735875 -67.04000360434905
2.58079763567191 3.423808238000407 41.9840401403793
-4.3629660838817115 0.41360588303529655 -71.15744370203763
0.7033195695055356 3.997453742606506 37.04528771877543
-5.970533478219466 -1.6009059606951919 66.97687907344572
4.224927882883012 5.239851259512455 75.81987535064313
1.9609683450338955 6.1682068802982055 45.97574177218132
-5.453917571245064 -0.20716129572337816 -87.9578139612316
1.2709970823172236 6.42052024885975 -73.96040858685798
-0.20097224103273992 -3.1656740859584414 -83.99828121150291
0.43434134437253263 -4.383441894460174 -91.43423589417023
-6.6280835752334175 0.9118515942611353 18.93611151177959
1.3219420082889484 -3.1872832593573954 58.553769804323096
2.3088936426024094 6.1415343659759944 6.0409238067844075
-6.509481220078303 -2.0698898631990295 -85.20853406917165
-4.837851734446054 4.4811922159675825 -81.4502579444208
-0.09186814827490188 -3.591148809878412 67.38793929470332
1.1515927787265239 1.4705209466117566 52.74564856889305
6.673023198460346 0.9476061750283913 15.971747176755267
-2.203546627450728 -6.407178451155625 68.55707538644009
2.540597008918847 1.7449196774698421 -59.8426992095315
0.37107669997142073 -1.6394889947269113 49.15076561433949
-5.881309154362426 -2.872772656714182 -2.097675669786921
-6.6392509195229605 0.35307981298108243 47.062692565960674
-1.3032387465943462 3.1704346725939634 24.167657243308405
-0.5404119747064903 0.5989513818377044 -94.683186972729
-5.223534928907334 -3.921992325345369 -80.67264910730674
-3.721982160433817 -6.07098601713531 87.18648427241634
5.953978813711304 2.7018242191286883 96.03313766075466
3.199704836481208 6.357766792641748 8.41902179611054
1.9097840768683474 6.307443644559569 80.63162914909748
6.938181720595092 2.467953680907899 53.71502034022817
6.486684210714319 -1.3771721316141037 88.31460557183253
5.136415623864491 -3.023160677518023 5.238814495170935
-0.27163710232424804 -5.615548207968272 49.98615919622342
0.18689018686172054 -4.24131520373875 -29.66824353343097
0.7356660487617894 4.282100183723764 -43.58726501324113
-4.592120810546809 -4.7943082840481726 -17.588253157594025
4.4395265577409635 5.152919497326188 94.2284875459927
-1.745265224405349 -6.316249047461465 -39.29195895158561
-2.7083803293378983 2.5286904999419435 9.80475518882751
-2.9430915301027847 6.039486455585566 -42.13744372691437
-0.5487176624080652 6.600973110049627 63.60133579401268
-3.0396013901792034 -4.689807876159063 61.13849198289266
-4.874300914653733 -0.12494207877914378 -64.62631971093174
2.13357179492846 1.0823910171637685 93.78257066056372
-6.95974980251407 -0.8171621295464622 -30.325125874781985
-6.999034503354583 -0.13285734188347414 -81.54254554830987
0.5543886773073957 -5.464456565650794 56.89671289300758
-2.2422735120714252 -6.530479244216695 -91.85976806699969
-5.917332887505629 2.9937218064207376 35.14088734878172
-1.4815116512898086 -4.227672944107892 52.150931913152625
2.8038705270857607 -0.3767108870615745 67.5252207697427
1.454383799775274 -2.8338091772906573 -69.72536908627404
-0.8198769585961725 -2.6618255141666167 84.18867759329133
6.2788890133996755 2.97491934770893 -16.18106984331446
-0.1916255148148835 -6.687358282989913 -63.71833552807709
0.558146527794769 -0.2503376889966279 -29.96971476969639
-1.4113838634788727 6.715765269190135 -9.430043776858136
-1.554976439881731 2.2610195662477857 -20.192283510621127
6.549115588967503 3.5639847426104816 89.12560350470065
3.3038782346564783 -5.805925241821789 12.789737448061459
-4.025271949389613 -1.453190857408031 -43.57876450497302
2.1581024302359855 6.218716151990232 -78.77970925873919
5.426921474066328 -3.661855011126238 2.049102012667242
4.135466001157801 -4.45650368277598 82.94114716698569
-6.897170385520837 -0.06728808683950524 64.31593277600598
0.18628934980025735 -5.366684583434226 88.60389884852513
5.864050380685602 -3.5882588737995835 -18.743286693091274
-1.9374737638744308 -6.424528890634463 -50.7364070195703
-5.138061915220606 -4.5708442875861115 -84.23056131804802
0.6837994796176985 3.0483775054131863 64.74481294283491
3.0446415682559147 0.12370483164195928 99.69167318889569
-5.945182552613561 -3.064777408212575 -5.906954798384627
-0.9431164913487476 0.9685666075146012 -91.41246953670228
-4.776630980943748 -2.9179953564332037 -72.96190671757134
-6.054946793340336 -3.4496470036807887 64.6064151166646
4.629077013284064 -0.7546086723205648 -21.454271625234064
-5.7621216886138 -2.2197308330704666 95.63027051637846
-2.7369271758421805 -6.2456818734335995 -70.17139734504197
-6.081023079852632 -2.695301360092485 81.70709140941061
-1.9822784661377735 5.921572369872939 2.7790988102687444
6.137854315626975 -3.014940455364724 -94.83497014041785
-3.4619350108713354 5.645135107120264 52.67900396846702
2.2893309160397206 -1.5749897684153162 6.746564325292217
-2.932877871117327 2.1163170774241373 67.35673304225321
-2.0945896427211665 1.1271909281047192 87.61594207168937
1.7470128578076813 -3.6593395588235103 93.51779556886024
4.097127208087915 -5.166379769612672 -46.22813912747239
5.718627029329082 -3.124714272870633 73.48578463488735
4.625633781136722 3.7736561420999237 99.47885759487386
3.2880410520833125 -2.1149935735839938 56.318492402701395
-6.70339495849753 0.24321037757446895 -12.60684439684635
-6.246256607593314 2.7222372754204205 -36.71294588797886
2.300575983699639 -3.461143845165755 -37.65476909360036
-4.154871992310581 5.000777440604104 94.96790769384315
5.8222658315248745 -2.9221867808352773 91.96176246061593
-4.249893256892573 -4.887274240988485 -1.2312879979516906
4.865286725693371 -3.656530800531193 31.87988026991925
-0.28217717302089396 1.3108696945520522 7.802258827309413
1.8379420665852817 -0.6850919398816427 20.319769640871627
-4.173382749854386 -1.348748277648246 70.55786144700518
6.424154737863044 -0.06792590981893415 97.73771378540343
-4.212533722257328 -4.614834256625674 10.330345563773147
5.944570042308001 -0.2720445556415378 74.8455349144473
6.585061832541699 -1.8447177044557466 -40.7926270945339
-2.4214145710189383 -3.13833816729148 -26.224491482932482
1.2503115791696895 6.311672602037223 16.235498739380866
-5.24727891406046 -3.6330406840110023 -29.46755584572607
1.7019453085152985 -5.776279972055868 -83.74614455910739
-1.8229297691774344 -2.1854930432272086 -88.44301419823333
0.5294894734161971 7.137938371486861 9.302331697630704
-0.5163036993974431 -0.6672962181559837 68.9617562827659
4.694566986796736 -0.1758474544910959 37.55041203531425
-6.489535283406671 0.44146345523386304 76.86801088147485
-3.8900272819895885 -5.59159913863322 65.54682618746382
2.8104185797011145 -6.132013245347918 -93.56119101446939
4.244384391981233 -4.523814863954993 -41.54467154681523
-1.3647645198149398 1.5756242275168022 -12.612881226725577
2.0695222208866273 6.2038001635442 -10.516861815015654
0.6447077974243174 -6.721144624099923 -11.08638979100756
-0.6662143319692457 -2.6329586136819487 81.32909658449974
2.0193296586550646 -3.7747133396147374 -16.648564488551056
1.190925768910624 6.440398144593502 -58.467565598758
1.0277427395981749 -6.731434059127425 30.687156170124542
1.8864582667105194 1.277553137350043 -84.48043164845181
-6.815206441423441 -1.5484866138924729 74.56648766262461
1.1582751260554323 -6.491642278037593 96.56965101207503
3.708843526013909 -0.11785714635671012 -57.81591318744056
-3.4798400469583646 5.171714178776968 -76.25649520179785
2.0747984916893945 2.210497227646107 -27.66946578844324
4.854137000932074 3.4613947242304732 73.48334369272365
2.883062456996591 -4.2549034259902125 -88.78308660132416
-0.16553109853443926 -3.2981908472237036 -57.85304947503293
5.669634697794204 -3.069767242758905 65.00724515326883
3.509525229734065 -5.3309932459004 -55.032332052970574
-3.3918066499984794 -4.309496256461971 70.59947677343354
-3.934349342906201 -4.897615108957984 -60.70376003158725
-4.589710996266147 -4.23112131404214 40.50456741348524
-1.440224696708841 -6.558255445141815 -54.56509130687658
-4.692427186224077 5.143703685864428 -49.074824196280694
0.16671188516543056 -4.507280887859278 32.77267779997231
2.840523814163825 -4.827637535910341 48.19084692217076
-2.836055385106151 1.2565378312809967 19.48448163866629
3.398793724736166 -1.6913908448203885 -91.02560943980997
2.9268826170592646 5.078642952661267 -1.5590331065128946
2.1891234307578378 -6.317682528991832 80.14903634212662
1.5300860546796997 -6.667926230163145 66.40594427322742
6.137080051644938 1.4737206608294566 -65.47819144203959
2.549988539070045 -4.158310677976397 45.37501488653272
0.20084061941740947 -6.610040665387782 5.861606480813053
5.693002810307818 -2.595393987738535 10.473952545378879
6.566874103063531 -1.2596463465105499 0.7431588084714212
0.6992856711162846 6.956195415151717 -62.2852836168923
-5.842550018697887 3.059327829711023 10.213815105146463
-2.7580258158023234 5.629224072841613 76.13033364329186
-1.0778668220922698 6.270827180316092 67.63911151692265
5.0928800015878615 -4.43184949017969 -98.86997429776217
5.750764799529007 2.581677918380508 -28.510912588838607
2.0658481702789837 0.8850355519409876 -49.48387286402911
2.598010201749426 0.5392117646511674 -24.647740045135023
-3.0639172949518088 -1.3506183838133798 -35.18051879793689
2.6448386459963675 -5.731294034282357 -20.98081293396029
-5.371234476601811 -3.986840536108959 17.506388495312198
-1.479644174655012 -6.584884590836729 0.348286145687781
0.5390609162518587 6.496761635731524 73.18653546702005
2.4253906887255043 -1.1982791943397475 -95.87878114667008
-2.119851710703634 -3.0529289627850233 88.63106085602953
-0.547138659960805 -3.6370644061352713 -50.962129804671505
0.06863361912680838 -0.24869112845983132 -58.4440002249075
5.477267981946683 3.3725480754982264 82.36419120030338
-4.866220048008402 4.3160568757608555 50.22823991356771
-3.830611468073138 0.7060998145589424 98.42226497211239
-3.5167449213549387 5.656078548196599 -66.92619993627007
3.7163347752663465 -4.240488001890913 -2.076189725141796
-2.243412820015259 2.7087643437582334 47.9218227716549
-0.8388752400901686 3.541096179489155 -17.093208715506336
4.853372504439144 -4.458092483876997 8.165374805671606
3.3018481229225176 0.1399991580399591 -93.50625061312367
-6.325530329438496 1.6888372004144703 -59.04851298402436
6.2946744555824825 1.7130412869690788 90.15542744170415
5.239286365254989 4.130993750119664 -25.13707484198784
-6.8665025880300625 -0.05543121098868467 49.67910281538885
6.2248739531253605 -1.2090445199207318 49.550949391843005
-6.211795848971688 1.3009529209980797 30.540686811212765
2.943092406998283 -5.935843011426278 -69.92670261413703
0.08256663064337445 6.6224568068273255 -70.38169333227853
3.075623356136523 -2.6008294574120576 -8.480091184871423
-1.9009389490037711 5.788978974172892 -97.24056938942186
-1.4022686032247633 2.1019490981045172 -67.96663715167418
-6.382929384930354 -0.245112381882472 -35.38382748073789
3.6246286638297605 -5.712326798442239 61.84159989040015
-1.870229138179151 3.7811734389314338 -35.628457128737125
-4.006484037815702 2.2412383979518236 62.059374030939196
-1.4614589893139294 -6.5600488903538405 -17.35153224380482
-4.4522777455748805 0.12889693254314688 10.660585837987604
-0.16897281509768125 0.6985167259853894 -42.49322563896434
-3.211371363819228 -5.939857899830042 14.430135585046761
-4.659772287459992 3.9737190898171657 18.43296268009984
2.815671043547676 5.145230648434645 3.686341799758423
-5.192811410196557 -3.8142239939885614 -89.19793156377644
6.488332731244631 -0.428631380126316 -78.51442032633551
5.783842362089156 0.6039209018402276 24.57719291669805
-1.5690328813270877 -6.14127029065537 99.96840167730613
-6.481001096082452 -1.623534040562998 -99.62016531832283
-2.9301630566715344 1.5492027852342662 -9.576095461077113
-1.4404441121284965 6.655773391322867 -14.109454136313968
-6.35473460964983 2.2202784395004356 99.01362833451788
4.77081712030726 3.9442868807570646 80.40892542165305
-5.188254834107646 4.213561112635783 -40.17088210098006
0.836026717857798 -1.2906464328763896 -39.539792339006944
-5.091926239734972 0.7638604527583145 -84.30723272261798
-4.215333698203656 5.079362722699576 8.014481132677359
6.451132994904132 1.4819863096943429 29.14860057000784
-3.369298358361771 3.3107467748255672 1.3291641104729779
-4.330922687436324 5.289442727777487 85.09582628197381
-0.9578530667507353 5.939804804166684 12.400533959694734
0.3062319488464202 -6.675872449536056 25.21042226990848
2.9467870123839925 -5.5879601333714595 -6.546226210617946
-3.8107178015335648 -4.729965797611435 31.68166150440843
-0.2710990875544591 -6.715038792553405 -31.57964003072044
-4.706753620434433 -1.4651211560253785 -55.13518186014298
-6.372708621962354 -1.6168528366848751 -47.33994970257599
5.481284422272491 0.5974791022281642 -34.77252459110156
-2.7363332422333397 -6.309722142377805 46.15440097976106
5.393573265730333 -3.25583141717607 44.1203827382814
-2.9669909176901377 -4.375404533837688 -53.03155800371119
-6.396125797513887 0.5231994742404369 27.910107446342163
1.6839814363331078 -3.22161132015187 53.365240605740844
-2.0833308291897286 -5.591435041796359 4.386839223326507
-2.3393352337131708 -5.931038367579805 -20.30896270372893
3.7801307501912396 5.509939128035326 83.80753942514924
-0.39976950477518836 7.298408004888053 60.65985187660632
-6.496977579217951 2.8701913023838412 78.83980192230041
-5.106912046019132 1.8326982792121864 87.19955335070314
-4.3338936105609145 5.0265353589052735 79.12939404879225
-0.6219034872165204 -6.749483603253292 -57.87755337076022
6.263867243783197 -1.5050672088285917 -37.586768065900536
-0.3762468109760753 6.7184596415860804 -51.827526178105
-5.4402654676365225 -1.5003401549726991 92.30406049887698
1.0445854061637987 -5.7368792340687165 77.37152742873451
-3.7558521971125316 -4.463145401710893 94.2033740194621
-4.1940275629446155 5.270055084600793 -32.21061562705094
-1.5782349121134627 -6.323148749728283 8.834464202537209
0.6873301047348969 -4.106380817724341 -0.7725989632383913
0.7684930714611724 6.669124425982852 88.2067535658564
3.8958913735952145 5.448211169927163 -88.92658719816303
-4.478240107348469 -5.015244723665222 -67.59721815486033
-0.6954990660425212 0.26658986604912904 -85.81145961551165
-1.9196429268409787 -6.335789373255846 82.1315382497188
-0.7712532110655818 -6.645979168392882 94.08782503436187
-2.925340097497296 1.0852341734771662 -81.78139254246436
5.820693161752754 -2.7829381135047857 -27.945784087848498
-0.9343260290699544 1.41758833475143 -49.08018385016038
-6.535221460796498 0.054235730984784125 -95.86781498310606
3.5142642302787728 -5.928003579676445 -64.48055068444715
-4.1746739112163285 -4.536189972686223 -35.55276080551431
2.783881495533313 0.08755371367808099 -32.16034117274013
-5.904585442594936 -1.4624468305473632 56.87935176195357
-5.272645964390416 4.351088680049175 -2.3560324632230323
7.220953531645802 -0.19351654382607064 -19.196631108387518
-0.3175019921341126 6.771739611457176 -24.994678918149546
-3.982888498305018 -5.077854924001002 -97.87321013462847
5.443336240487753 1.0569062402742726 -2.5997518278505765
-0.15793589116573262 -0.3867415887309167 40.698327253426754
-0.7120046120613612 5.5273228467842275 -47.765936234535175
-6.344004621508139 1.0481644270342088 68.11760699398216
-2.939224668978605 -5.974699854530858 49.534072808722144
-1.91820792647491 5.922440885995424 58.22756775085362
4.878998857077163 3.146652863112949 -84.77953345787807
-3.5518587271734714 2.219349876044821 -93.72443752084618
-5.348259164135539 3.619693388686207 -91.58908158545401
-1.4440585334864329 6.43560699781167 -55.22409023106902
4.836007098022358 4.593849183389052 22.08794198515939
3.8398391155043177 4.002737735827992 -96.74070178608295
-4.406282284862794 0.938531810590039 93.14993352470722
-4.661867495864151 -0.24849143452255468 -74.11038603614948
6.786468954934177 -0.6235381283830161 4.0290264703321945
2.545890061347655 -6.921282157602783 44.447345372220305
4.0655836683215805 3.9801071831798236 -49.102090823905584
-4.027706453918197 -5.478298187075683 76.68740680931093
0.7739848607919553 -3.5140733148500223 4.797656555944757
3.9947708360162495 -5.385957627583671 -33.65106806035626
4.2413031037827835 3.358947061299047 -37.019155998467184
5.560674627407972 3.247826106064247 -20.055122681507278
6.7777444156707265 -0.3147554375150346 -56.47599552128611
-5.985108304475388 -2.23300894603064 19.6605426546409
-1.2160808352428927 4.598125377333451 32.22656792118758
0.7063140021160724 1.724838247816675 22.31357786752533
3.8822685038094416 0.2311348273599339 5.1492953399336345
-2.4377014596068367 5.210564188194444 -60.14947420122915
5.277113400888294 -3.9717590098987805 69.55147413260588
-6.314348676573947 0.18678940526640705 -5.846688594289243
1.4592073338222538 -5.681429683458533 -48.59482483841496
-6.859141826058434 0.4333681367370824 15.51968653180094
-2.484482119372032 1.6460360994098768 -44.646199399145374
-0.24002980488147727 2.9803665308662564 42.16351434357413
0.38476918793283743 -6.899103376448852 54.505503206639354
-3.990366985885166 -5.405356607069082 25.088318751545888
5.025338147770948 3.692996703133576 68.72065449662637
0.24939708899715227 -5.002099137102564 -87.2422918555376
-0.3521498376490245 -1.5530667002900893 9.035571271615337
-0.8792856423144401 -3.3368603487171273 42.978115290790164
2.045863687564701 -6.895667968143217 49.11231012708629
-5.637813733639817 -3.0861215292584983 -50.99860566245661
5.141976565389359 3.5536657795169786 15.256897482028554
-6.578790372197993 -1.3208382125951956 42.208684670650044
